8.3969836129839290
8.6443896262165794
8.6445917470631510
8.6445917470631510
8.6445917470631510
8.6445917470631510
8.6445917470631510
8.7255769364707749
8.7255722485653227
8.7255722485653227
8.7255722485653227
8.7255722485653227
8.6445915667590967
8.6445915667590967
8.7254905708280361
8.7254905708280361
8.7254905708280361
8.7254905708280361
8.7254905708280361
8.7254905708280361
8.7254905708280361
8.7254905708280361
8.6458104221764334
8.6458104221764334
8.7254932753888745
8.7254932753888745
8.7254932753888745
8.7254932753888745
8.7254903905239818
8.7254903905239818
8.7254903905239818
8.7258279197164743
8.7258279197164743
8.7258308045813671
8.7258279197164743
8.7258279197164743
8.7258279197164743
8.7258279197164743
8.7258279197164743
8.7258279197164743
8.7254903905239818
8.7254903905239818
8.7254903905239818
8.7254903905239818
8.7254903905239818
8.7254903905239818
8.7254903905239818
8.7254903905239818
8.7258279197164743
8.7258279197164743
8.7258279197164743
8.7258279197164743
8.7258279197164743
8.7258279197164743
8.7258279197164743
8.7258279197164743
8.7258279197164743
8.7258279197164743
8.7258279197164743
8.7258279197164743
8.7258279197164743
8.7258279197164743
8.7258279197164743
8.7258279197164743
8.7258279197164743
8.7258279197164743
8.7258279197164743
8.7258279197164743
8.7258279197164743
8.7258279197164743
8.7258279197164743
8.7258279197164743
8.7258279197164743
8.7258279197164743
8.7258279197164743
8.7258279197164743
8.7258279197164743
8.7258279197164743
8.7258279197164743
8.7258279197164743
8.7258279197164743
8.7258279197164743
8.7258279197164743
8.7258279197164743
8.7258279197164743
8.7258279197164743
8.7258279197164743
8.7258279197164743
8.7258279197164743
8.7258279197164743
8.7258279197164743
8.7258279197164743
8.7258279197164743
8.7258279197164743
8.7258279197164743
8.7258279197164743
8.7258279197164743
8.7258279197164743
8.7258279197164743
8.7258279197164743
