9.1168742408416925
9.1168742408416925
9.1168742408416925
9.1168742408416925
9.1168742408416925
9.1168742408416925
9.1168425073278687
9.1168425073278687
9.1168425073278687
9.1168425073278687
9.1168416058075898
9.1235806501978818
9.1168425073278687
9.1168425073278687
9.1168425073278687
9.1168425073278687
9.1168425073278687
9.1168425073278687
9.1168425073278687
9.1168425073278687
9.1168425073278687
9.1168425073278687
9.1168425073278687
9.1168425073278687
9.1168425073278687
9.1168425073278687
9.1168425073278687
9.1168425073278687
9.1168425073278687
9.1168425073278687
9.1168425073278687
9.1168425073278687
9.1168425073278687
9.1168425073278687
9.1168425073278687
9.1168425073278687
9.1168425073278687
9.1168425073278687
9.1168425073278687
9.1168425073278687
9.1168425073278687
9.1168425073278687
9.1168425073278687
9.1168425073278687
9.1168425073278687
9.1168425073278687
9.1168425073278687
9.1168425073278687
9.1168425073278687
9.1168425073278687
9.1168425073278687
9.1168425073278687
9.1168425073278687
9.1168425073278687
9.1168425073278687
9.1168425073278687
9.1168425073278687
9.1168425073278687
9.1168425073278687
9.1168425073278687
9.1168425073278687
9.1168425073278687
9.1168425073278687
9.1168425073278687
9.1168425073278687
9.1168425073278687
9.1168425073278687
9.1168425073278687
9.1168425073278687
9.1168425073278687
9.1168425073278687
9.1168425073278687
9.1168425073278687
9.1168425073278687
9.1168425073278687
9.1168425073278687
9.1168425073278687
9.1168425073278687
9.1168425073278687
9.1168425073278687
9.1168425073278687
9.1168425073278687
9.1168425073278687
9.1168425073278687
9.1168425073278687
9.1168425073278687
9.1168425073278687
9.1168425073278687
9.1168425073278687
9.1168425073278687
9.1168425073278687
9.1168425073278687
9.1168425073278687
9.1168425073278687
9.1168425073278687
9.1168425073278687
9.1168425073278687
9.1168425073278687
9.1168425073278687
9.1168425073278687
