9.1440942032365253
9.1440942032365253
9.1440942032365253
9.1440942032365253
9.1379782896631436
9.1636550296442216
9.1438987536400180
8.7661056821377770
9.1381840165908326
9.1636550296442216
9.1636535872117744
9.1440922198919115
9.1440922198919115
9.1440922198919115
9.1440922198919115
9.1379763063185298
9.1441293625274103
9.1441293625274103
9.1441293625274103
9.1441293625274103
9.1441293625274103
9.1441293625274103
9.1379763063185298
9.1636535872117744
9.1636535872117744
9.1636535872117744
9.1636535872117744
9.1636535872117744
9.1636535872117744
9.1636535872117744
9.1636535872117744
9.1636535872117744
9.1636535872117744
9.1636535872117744
9.1382296335169553
9.1382296335169553
9.1382296335169553
9.1382296335169553
9.1382296335169553
9.1382296335169553
9.1382296335169553
9.1382296335169553
9.1382296335169553
9.1382296335169553
9.1382296335169553
9.1382296335169553
9.1382296335169553
9.1382296335169553
9.1382296335169553
9.1382296335169553
9.1382296335169553
9.1382296335169553
9.1382296335169553
9.1382296335169553
9.1382296335169553
9.1382296335169553
9.1382296335169553
9.1382296335169553
9.1382296335169553
9.1382296335169553
9.1382296335169553
9.1382296335169553
9.1382296335169553
9.1382296335169553
9.1382296335169553
9.1382296335169553
9.1382296335169553
9.1382296335169553
9.1382296335169553
9.1382296335169553
9.1382296335169553
9.1382296335169553
9.1382296335169553
9.1382296335169553
9.1382296335169553
9.1382296335169553
9.1382296335169553
9.1382296335169553
9.1382296335169553
9.1382296335169553
9.1382296335169553
9.1382296335169553
9.1382296335169553
9.1382296335169553
9.1382296335169553
9.1382296335169553
9.1382296335169553
9.1382296335169553
9.1382296335169553
9.1382296335169553
9.1382296335169553
9.1382296335169553
9.1382296335169553
9.1382296335169553
9.1382296335169553
9.1382296335169553
9.1382296335169553
9.1382296335169553
9.1382296335169553
9.1382296335169553
