6.9251646606304522
7.1095396759749887
7.1095396759749887
7.1095396759749887
7.1095396759749887
7.1095396759749887
7.1722504825083258
7.1722504825083258
7.2034877925953573
7.2034877925953573
7.2021809519950803
7.1989791202374427
7.2002329696931930
7.2002329696931930
7.2002329696931930
7.2002329696931930
7.2002329696931930
7.2002329696931930
7.2002329696931930
7.2002329696931930
7.2002329696931930
7.2002329696931930
7.2002329696931930
7.2002329696931930
7.2002329696931930
7.2002329696931930
7.2002329696931930
7.2002329696931930
7.2002329696931930
7.2002329696931930
7.2002329696931930
7.2002329696931930
7.2002329696931930
7.2002329696931930
7.2002329696931930
7.2002329696931930
7.2002329696931930
7.2002329696931930
7.2002329696931930
7.2002329696931930
7.2002329696931930
7.2002329696931930
7.2002329696931930
7.2002329696931930
7.2002329696931930
7.2002329696931930
7.2002329696931930
7.2002329696931930
7.2002329696931930
7.2002329696931930
7.2002329696931930
7.2002329696931930
7.2002329696931930
7.2002329696931930
7.2002329696931930
7.2002329696931930
7.2002329696931930
7.2002329696931930
7.2002329696931930
7.2002329696931930
7.2002329696931930
7.2002329696931930
7.2002329696931930
7.2002329696931930
7.2002329696931930
7.2002329696931930
7.2002329696931930
7.2002329696931930
7.2002329696931930
7.2002329696931930
7.2002329696931930
7.2002329696931930
7.2002329696931930
7.2002329696931930
7.2002329696931930
7.2002329696931930
7.2002329696931930
7.2002329696931930
7.2002329696931930
7.2002329696931930
7.2002329696931930
7.2002329696931930
7.2002329696931930
7.2002329696931930
7.2002329696931930
7.2002329696931930
7.2002329696931930
7.2002329696931930
7.2002329696931930
7.2002329696931930
7.2002329696931930
7.2002329696931930
7.2002329696931930
7.2002329696931930
7.2002329696931930
7.2002329696931930
7.2002329696931930
7.2002329696931930
7.2002329696931930
7.2002329696931930
