7.3355506030182767
7.2678243202432586
7.2165808026027403
7.2165808026027403
7.2165808026027403
7.2099050850490842
7.2099050850490842
7.1925245817675867
7.1988185802588163
7.1988185802588163
7.1988185802588163
7.1988185802588163
7.1992159492077672
7.1992159492077672
7.2003685647136342
7.2003685647136342
7.2003685647136342
7.2003685647136342
7.2003685647136342
7.2003685647136342
7.2003685647136342
7.2003685647136342
7.1998305023547795
7.1998305023547795
7.2001417220748687
7.2001417220748687
7.2001417220748687
7.2001417220748687
7.2000741110131834
7.2000741110131834
7.2000741110131834
7.1999331680324890
7.1999331680324890
7.1999526032240366
7.1999631503334296
7.1999631503334296
7.1999631503334296
7.1999631503334296
7.2000060041953162
7.2000060041953162
7.2000012346112099
7.2000012346112099
7.2000012346112099
7.2000012346112099
7.2000012346112099
7.2000012346112099
7.2000012346112099
7.2000012346112099
7.1999998126408657
7.1999998126408657
7.1999998126408657
7.1999998126408657
7.1999998126408657
7.1999998126408657
7.1999998126408657
7.1999998126408657
7.1999998126408657
7.1999998126408657
7.1999998126408657
7.1999998126408657
7.1999998126408657
7.1999998126408657
7.1999998126408657
7.1999998126408657
7.1999998126408657
7.1999998126408657
7.1999998126408657
7.1999998126408657
7.1999998126408657
7.1999998126408657
7.1999998126408657
7.1999998126408657
7.1999998126408657
7.1999998126408657
7.1999998126408657
7.1999998126408657
7.1999998126408657
7.1999998126408657
7.1999998126408657
7.1999998126408657
7.1999998126408657
7.1999998126408657
7.1999998126408657
7.1999998126408657
7.1999998126408657
7.1999998126408657
7.1999998126408657
7.1999998126408657
7.1999998126408657
7.1999998126408657
7.1999998126408657
7.1999998126408657
7.1999998126408657
7.1999998126408657
7.1999998126408657
7.1999998126408657
7.1999998126408657
7.1999998126408657
7.1999998126408657
7.1999998126408657
