7.2248206260876984
7.2248206260876984
7.2248206260876984
7.2248206260876984
7.1843739277701610
7.1869168612871102
7.2096900284106127
7.2077946341976826
7.2075458997248134
7.1973402541218672
7.1979943690697281
7.1995656863384392
7.1995656863384392
7.1995656863384392
7.1995656863384392
7.2003668994529058
7.2002492635818243
7.2002492635818243
7.2002492635818243
7.2002492635818243
7.2002492635818243
7.2002492635818243
7.1998926029402908
7.2000269017574059
7.2000269017574059
7.2000269017574059
7.2000269017574059
7.2000269017574059
7.2000269017574059
7.2000269017574059
7.2000269017574059
7.2000269017574059
7.2000269017574059
7.2000269017574059
7.2000002205340250
7.2000002205340250
7.2000002205340250
7.2000002205340250
7.2000002205340250
7.2000002205340250
7.2000002205340250
7.2000002205340250
7.2000002205340250
7.2000002205340250
7.2000002205340250
7.2000002205340250
7.2000002205340250
7.2000002205340250
7.2000002205340250
7.2000002205340250
7.2000002205340250
7.2000002205340250
7.2000002205340250
7.2000002205340250
7.1999995390194460
7.1999995390194460
7.1999995390194460
7.1999995390194460
7.1999995390194460
7.1999995390194460
7.1999995390194460
7.1999995390194460
7.1999995390194460
7.1999995390194460
7.1999995390194460
7.1999995390194460
7.1999995390194460
7.1999995390194460
7.1999995390194460
7.1999995390194460
7.1999995390194460
7.1999995390194460
7.1999995390194460
7.1999995390194460
7.1999995390194460
7.1999995390194460
7.1999995390194460
7.1999995390194460
7.1999995390194460
7.1999995390194460
7.1999995390194460
7.1999995390194460
7.1999995390194460
7.1999995390194460
7.1999995390194460
7.1999995390194460
7.1999995390194460
7.1999995390194460
7.1999995390194460
7.1999995390194460
7.1999995390194460
7.1999995390194460
7.1999995390194460
7.1999995390194460
7.1999995390194460
7.1999995390194460
7.1999995390194460
7.1999995390194460
7.1999995390194460
7.1999995390194460
