9.0351452972038171
9.0351452972038171
8.9042916120377651
8.9042916120377651
8.9020601690429491
8.9020760357998618
9.0379647117246602
9.0379647117246602
9.0379647117246602
9.0379647117246602
9.0379647117246602
9.0379647117246602
8.9020601690429491
8.9434181330626643
8.9434181330626643
8.9434181330626643
8.9020607099551174
8.9020529568807163
8.9020607099551174
8.9020529568807163
8.9020607099551174
8.9020607099551174
8.9020607099551174
8.9020607099551174
8.9020607099551174
8.9020607099551174
8.9020607099551174
8.9020607099551174
8.9020607099551174
8.9020607099551174
8.9020607099551174
8.9020607099551174
8.9020607099551174
8.9020607099551174
8.9020607099551174
8.9020607099551174
8.9020607099551174
8.9020607099551174
8.9020607099551174
8.9020607099551174
8.9020607099551174
8.9020607099551174
8.9020607099551174
8.9020607099551174
8.9020607099551174
8.9020607099551174
8.9020607099551174
8.9020607099551174
8.9020607099551174
8.9020607099551174
8.9020607099551174
8.9020607099551174
8.9020607099551174
8.9020607099551174
8.9020607099551174
8.9020607099551174
8.9020607099551174
8.9020607099551174
8.9020607099551174
8.9020607099551174
8.9020607099551174
8.9020607099551174
8.9020607099551174
8.9020607099551174
8.9020607099551174
8.9020607099551174
8.9020607099551174
8.9020607099551174
8.9020607099551174
8.9020607099551174
8.9020607099551174
8.9020607099551174
8.9020607099551174
8.9020607099551174
8.9020607099551174
8.9020607099551174
8.9020607099551174
8.9020607099551174
8.9020607099551174
8.9020607099551174
8.9020607099551174
8.9020607099551174
8.9020607099551174
8.9020607099551174
8.9020607099551174
8.9020607099551174
8.9020607099551174
8.9020607099551174
8.9020607099551174
8.9020607099551174
8.9020607099551174
8.9020607099551174
8.9020607099551174
8.9020607099551174
8.9020607099551174
8.9020607099551174
8.9020607099551174
8.9020607099551174
8.9020607099551174
8.9020607099551174
