7.4991916373973755
7.4991916373973755
7.1128790257327035
7.1128790257327035
7.1324572750082984
7.2651947428194674
7.1880605856134849
7.1880605856134849
7.1880605856134849
7.1880605856134849
7.1880605856134849
7.1880605856134849
7.1968511037644367
7.2012117760039471
7.2012117760039471
7.2012117760039471
7.1989224140940111
7.2007598691181105
7.1994805686225742
7.2005122348537585
7.2000026646996309
7.2000026646996309
7.2000026646996309
7.2000026646996309
7.2000026646996309
7.2000026646996309
7.2000026646996309
7.2000026646996309
7.2000026646996309
7.2000026646996309
7.2000026646996309
7.2000026646996309
7.2000018123865006
7.2000018123865006
7.2000018123865006
7.2000018123865006
7.2000018123865006
7.2000018123865006
7.2000018123865006
7.2000018123865006
7.2000018123865006
7.2000018123865006
7.2000018123865006
7.2000018123865006
7.2000018123865006
7.2000018123865006
7.2000018123865006
7.2000018123865006
7.2000018123865006
7.2000018123865006
7.2000018123865006
7.2000018123865006
7.2000018123865006
7.2000018123865006
7.2000018123865006
7.2000018123865006
7.2000018123865006
7.2000018123865006
7.2000018123865006
7.2000018123865006
7.2000018123865006
7.2000018123865006
7.2000018123865006
7.2000018123865006
7.2000018123865006
7.2000018123865006
7.2000018123865006
7.2000018123865006
7.2000018123865006
7.2000018123865006
7.2000018123865006
7.2000018123865006
7.2000018123865006
7.2000018123865006
7.2000018123865006
7.2000018123865006
7.2000018123865006
7.2000018123865006
7.2000018123865006
7.2000018123865006
7.2000018123865006
7.2000018123865006
7.2000018123865006
7.2000018123865006
7.2000018123865006
7.2000018123865006
7.2000018123865006
7.2000018123865006
7.2000018123865006
7.2000018123865006
7.2000018123865006
7.2000018123865006
7.2000018123865006
7.2000018123865006
7.2000018123865006
7.2000018123865006
7.2000018123865006
7.2000018123865006
7.2000018123865006
7.2000018123865006
