1.4592212337023387
1.4540162817840661
1.4540162817840661
1.4540162817840661
1.4540162817840661
1.4540162817840661
1.4564494745865308
1.4564494745865308
1.4558112161103254
1.4558112161103254
1.4564494745865308
1.4540162817840661
1.4511237159706269
1.4511237159706269
1.4511237159706269
1.4511237159706269
1.4511237159706269
1.4511237159706269
1.4511237159706269
1.4511237159706269
1.4511237159706269
1.4511237159706269
1.4511237159706269
1.4511237159706269
1.4511237159706269
1.4511237159706269
1.4511237159706269
1.4511237159706269
1.4511237159706269
1.4511237159706269
1.4511237159706269
1.4511237159706269
1.4511237159706269
1.4511237159706269
1.4511237159706269
1.4511237159706269
1.4511237159706269
1.4511237159706269
1.4511237159706269
1.4511237159706269
1.4511237159706269
1.4511237159706269
1.4511237159706269
1.4511237159706269
1.4511237159706269
1.4511237159706269
1.4511237159706269
1.4511237159706269
1.4511237159706269
1.4511237159706269
1.4511237159706269
1.4511237159706269
1.4511237159706269
1.4511237159706269
1.4511237159706269
1.4511237159706269
1.4511237159706269
1.4511237159706269
1.4511237159706269
1.4511237159706269
1.4511237159706269
1.4511237159706269
1.4511237159706269
1.4511237159706269
1.4511237159706269
1.4511237159706269
1.4511237159706269
1.4511237159706269
1.4511237159706269
1.4511237159706269
1.4511237159706269
1.4511237159706269
1.4511237159706269
1.4511237159706269
1.4511237159706269
1.4511237159706269
1.4511237159706269
1.4511237159706269
1.4511237159706269
1.4511237159706269
1.4511237159706269
1.4511237159706269
1.4511237159706269
1.4511237159706269
1.4511237159706269
1.4511237159706269
1.4511237159706269
1.4511237159706269
1.4511237159706269
1.4511237159706269
1.4511237159706269
1.4511237159706269
1.4511237159706269
1.4511237159706269
1.4511237159706269
1.4511237159706269
1.4511237159706269
1.4511237159706269
1.4511237159706269
1.4511237159706269
