1.5130183998649835
1.5130183998649835
1.5130183998649835
1.5130183998649835
1.5131143871877906
1.5130001340210479
1.5130001340210479
1.3443644715656182
1.5130073849263008
1.5130275998421789
1.5130001250803509
1.5129909876880345
1.5129909876880345
1.5129909876880345
1.5129909876880345
1.5130092535319704
1.5122356060813549
1.5122356060813549
1.5122356060813549
1.5122356060813549
1.5122356060813549
1.5122356060813549
1.5131008062690738
1.5130051318706612
1.5130051318706612
1.5130051318706612
1.5130051318706612
1.5130051318706612
1.5130051318706612
1.5130051318706612
1.5130051318706612
1.5130051318706612
1.5130051318706612
1.5130051318706612
1.5130547169761277
1.5130547169761277
1.5130547169761277
1.5130547169761277
1.5130547169761277
1.5130547169761277
1.5130547169761277
1.5130547169761277
1.5130547169761277
1.5130547169761277
1.5130547169761277
1.5130547169761277
1.5130547169761277
1.5130547169761277
1.5130547169761277
1.5130547169761277
1.5130547169761277
1.5130547169761277
1.5130547169761277
1.5130547169761277
1.5130547348575216
1.5130547348575216
1.5130547348575216
1.5130547348575216
1.5130547348575216
1.5130547348575216
1.5130547348575216
1.5130547348575216
1.5130547348575216
1.5130547348575216
1.5130547348575216
1.5130547348575216
1.5130547348575216
1.5130547348575216
1.5130547348575216
1.5130547348575216
1.5130547348575216
1.5130547348575216
1.5130547348575216
1.5130547348575216
1.5130547348575216
1.5130547348575216
1.5130547348575216
1.5130547348575216
1.5130547348575216
1.5130547348575216
1.5130547348575216
1.5130547348575216
1.5130547348575216
1.5130547348575216
1.5130547348575216
1.5130547348575216
1.5130547348575216
1.5130547348575216
1.5130547348575216
1.5130547348575216
1.5130547348575216
1.5130547348575216
1.5130547348575216
1.5130547348575216
1.5130547348575216
1.5130547348575216
1.5130547348575216
1.5130547348575216
1.5130547348575216
1.5130547348575216
