1.4887808945411711
1.4887808945411711
1.5451563163148259
1.5451563163148259
1.5439897878166970
1.5447534842715707
1.4889063146384454
1.4889063146384454
1.4889063146384454
1.4889063146384454
1.4889063146384454
1.4889063146384454
1.5447588308083664
1.4877400543612258
1.4877400543612258
1.4877400543612258
1.5439899845120306
1.5439899845120306
1.5439899845120306
1.5439900560376065
1.5439899845120306
1.5439899845120306
1.5439899845120306
1.5439899845120306
1.5439899845120306
1.5439899845120306
1.5439899845120306
1.5439899845120306
1.5439899845120306
1.5439899845120306
1.5439899845120306
1.5439899845120306
1.5439899845120306
1.5439899845120306
1.5439899845120306
1.5439899845120306
1.5439899845120306
1.5439899845120306
1.5439899845120306
1.5439899845120306
1.5439899845120306
1.5439899845120306
1.5439899845120306
1.5439899845120306
1.5439899845120306
1.5439899845120306
1.5439899845120306
1.5439899845120306
1.5439899845120306
1.5439899845120306
1.5439899845120306
1.5439899845120306
1.5439899845120306
1.5439899845120306
1.5439899845120306
1.5439899845120306
1.5439899845120306
1.5439899845120306
1.5439899845120306
1.5439899845120306
1.5439899845120306
1.5439899845120306
1.5439899845120306
1.5439899845120306
1.5439899845120306
1.5439899845120306
1.5439899845120306
1.5439899845120306
1.5439899845120306
1.5439899845120306
1.5439899845120306
1.5439899845120306
1.5439899845120306
1.5439899845120306
1.5439899845120306
1.5439899845120306
1.5439899845120306
1.5439899845120306
1.5439899845120306
1.5439899845120306
1.5439899845120306
1.5439899845120306
1.5439899845120306
1.5439899845120306
1.5439899845120306
1.5439899845120306
1.5439899845120306
1.5439899845120306
1.5439899845120306
1.5439899845120306
1.5439899845120306
1.5439899845120306
1.5439899845120306
1.5439899845120306
1.5439899845120306
1.5439899845120306
1.5439899845120306
1.5439899845120306
1.5439899845120306
1.5439899845120306
