1.4294539430574758
1.4820575708764068
1.4820575887578007
1.4820575887578007
1.4820575887578007
1.4820575887578007
1.4820575887578007
1.4820576066391948
1.4820127422217353
1.4820127422217353
1.4820127422217353
1.4820127422217353
1.4820582861321654
1.4820582861321654
1.4679494192585176
1.4679494192585176
1.4679494192585176
1.4679494192585176
1.4679494192585176
1.4679494192585176
1.4679494192585176
1.4679494192585176
1.4820575619357099
1.4820575619357099
1.4820582861321654
1.4820582861321654
1.4820582861321654
1.4820582861321654
1.4679584851252581
1.4679584851252581
1.4679584851252581
1.4820209855443534
1.4820209855443534
1.4820206547385650
1.4820207709676259
1.4820207709676259
1.4820207709676259
1.4820207709676259
1.4820209408408684
1.4820209408408684
1.4679584851252581
1.4679584851252581
1.4679584851252581
1.4679584851252581
1.4679584851252581
1.4679584851252581
1.4679584851252581
1.4679584851252581
1.4820210570699293
1.4820210570699293
1.4820210570699293
1.4820210570699293
1.4820210570699293
1.4820210570699293
1.4820210570699293
1.4820210570699293
1.4820210570699293
1.4820210570699293
1.4820210570699293
1.4820210570699293
1.4820210570699293
1.4820210570699293
1.4820210570699293
1.4820210570699293
1.4820210570699293
1.4820210570699293
1.4820210570699293
1.4820210570699293
1.4820210570699293
1.4820210570699293
1.4820210570699293
1.4820210570699293
1.4820210570699293
1.4820210570699293
1.4820210570699293
1.4820210570699293
1.4820210570699293
1.4820210570699293
1.4820210570699293
1.4820210570699293
1.4820210570699293
1.4820210570699293
1.4820210570699293
1.4820210570699293
1.4820210570699293
1.4820210570699293
1.4820210570699293
1.4820210570699293
1.4820210570699293
1.4820210570699293
1.4820210570699293
1.4820210570699293
1.4820210570699293
1.4820210570699293
1.4820210570699293
1.4820210570699293
1.4820210570699293
1.4820210570699293
1.4820210570699293
1.4820210570699293
