1.4447000676250479
1.4450683684172740
1.4450670382203770
1.4450670382203770
1.4450670382203770
1.4450678276767679
1.4450678276767679
1.4450673525180624
1.4450542788480008
1.4450542788480008
1.4450542788480008
1.4450542788480008
1.4450774826376880
1.4450774826376880
1.4450678210773416
1.4450678210773416
1.4450678210773416
1.4450678210773416
1.4450678210773416
1.4450678210773416
1.4450678210773416
1.4450678210773416
1.4450670386328410
1.4450670386328410
1.4450677946796355
1.4450677946796355
1.4450677946796355
1.4450677946796355
1.4450678208711094
1.4450678208711094
1.4450678208711094
1.4450542790542329
1.4450542790542329
1.4450542790542329
1.4450542790542329
1.4450542790542329
1.4450542790542329
1.4450542790542329
1.4450542790542329
1.4450542790542329
1.4450678208711094
1.4450678208711094
1.4450678208711094
1.4450678208711094
1.4450678208711094
1.4450678208711094
1.4450678208711094
1.4450678208711094
1.4450542790542329
1.4450542790542329
1.4450542790542329
1.4450542790542329
1.4450542790542329
1.4450542790542329
1.4450542790542329
1.4450542790542329
1.4450542790542329
1.4450542790542329
1.4450542790542329
1.4450542790542329
1.4450542790542329
1.4450542790542329
1.4450542790542329
1.4450542790542329
1.4450542790542329
1.4450542790542329
1.4450542790542329
1.4450542790542329
1.4450542790542329
1.4450542790542329
1.4450542790542329
1.4450542790542329
1.4450542790542329
1.4450542790542329
1.4450542790542329
1.4450542790542329
1.4450542790542329
1.4450542790542329
1.4450542790542329
1.4450542790542329
1.4450542790542329
1.4450542790542329
1.4450542790542329
1.4450542790542329
1.4450542790542329
1.4450542790542329
1.4450542790542329
1.4450542790542329
1.4450542790542329
1.4450542790542329
1.4450542790542329
1.4450542790542329
1.4450542790542329
1.4450542790542329
1.4450542790542329
1.4450542790542329
1.4450542790542329
1.4450542790542329
1.4450542790542329
1.4450542790542329
