1.4458113495847984
1.4458113495847984
1.4448117920998274
1.4448117920998274
1.4448134625796516
1.4448111585548866
1.4458114204255170
1.4458114204255170
1.4458114204255170
1.4458114204255170
1.4458114204255170
1.4458114204255170
1.4448061248423494
1.4456778827839458
1.4456778827839458
1.4456778827839458
1.4448135163031075
1.4448117736420563
1.4448128827581668
1.4448112456879392
1.4448128827581668
1.4448128827581668
1.4448128827581668
1.4448128827581668
1.4448128827581668
1.4448128827581668
1.4448128827581668
1.4448128827581668
1.4448128827581668
1.4448128827581668
1.4448128827581668
1.4448128827581668
1.4448128827581668
1.4448128827581668
1.4448128827581668
1.4448128827581668
1.4448128827581668
1.4448128827581668
1.4448128827581668
1.4448128827581668
1.4448128827581668
1.4448128827581668
1.4448128827581668
1.4448128827581668
1.4448128827581668
1.4448128827581668
1.4448128827581668
1.4448128827581668
1.4448128827581668
1.4448128827581668
1.4448128827581668
1.4448128827581668
1.4448128827581668
1.4448128827581668
1.4448128827581668
1.4448128827581668
1.4448128827581668
1.4448128827581668
1.4448128827581668
1.4448128827581668
1.4448128827581668
1.4448128827581668
1.4448128827581668
1.4448128827581668
1.4448128827581668
1.4448128827581668
1.4448128827581668
1.4448128827581668
1.4448128827581668
1.4448128827581668
1.4448128827581668
1.4448128827581668
1.4448128827581668
1.4448128827581668
1.4448128827581668
1.4448128827581668
1.4448128827581668
1.4448128827581668
1.4448128827581668
1.4448128827581668
1.4448128827581668
1.4448128827581668
1.4448128827581668
1.4448128827581668
1.4448128827581668
1.4448128827581668
1.4448128827581668
1.4448128827581668
1.4448128827581668
1.4448128827581668
1.4448128827581668
1.4448128827581668
1.4448128827581668
1.4448128827581668
1.4448128827581668
1.4448128827581668
1.4448128827581668
1.4448128827581668
1.4448128827581668
1.4448128827581668
