1.4445005019998700
1.4445005019998700
1.4445005019998700
1.4445005019998700
1.4444970040976108
1.4444501394048375
1.4444991297316292
1.4462882602318603
1.4445005943918405
1.4444501394048375
1.4444501401266496
1.4444902471098378
1.4444902471098378
1.4444902471098378
1.4444902471098378
1.4444906952521412
1.4445005019998700
1.4445005019998700
1.4445005019998700
1.4445005019998700
1.4445005019998700
1.4445005019998700
1.4445000272536286
1.4444489736780217
1.4444489736780217
1.4444489736780217
1.4444489736780217
1.4444489736780217
1.4444489736780217
1.4444489736780217
1.4444489736780217
1.4444489736780217
1.4444489736780217
1.4444489736780217
1.4444902596899944
1.4444902596899944
1.4444902596899944
1.4444902596899944
1.4444902596899944
1.4444902596899944
1.4444902596899944
1.4444902596899944
1.4444902596899944
1.4444902596899944
1.4444902596899944
1.4444902596899944
1.4444902596899944
1.4444902596899944
1.4444902596899944
1.4444902596899944
1.4444902596899944
1.4444902596899944
1.4444902596899944
1.4444902596899944
1.4444902598962266
1.4444902598962266
1.4444902598962266
1.4444902598962266
1.4444902598962266
1.4444902598962266
1.4444902598962266
1.4444902598962266
1.4444902598962266
1.4444902598962266
1.4444902598962266
1.4444902598962266
1.4444902598962266
1.4444902598962266
1.4444902598962266
1.4444902598962266
1.4444902598962266
1.4444902598962266
1.4444902598962266
1.4444902598962266
1.4444902598962266
1.4444902598962266
1.4444902598962266
1.4444902598962266
1.4444902598962266
1.4444902598962266
1.4444902598962266
1.4444902598962266
1.4444902598962266
1.4444902598962266
1.4444902598962266
1.4444902598962266
1.4444902598962266
1.4444902598962266
1.4444902598962266
1.4444902598962266
1.4444902598962266
1.4444902598962266
1.4444902598962266
1.4444902598962266
1.4444902598962266
1.4444902598962266
1.4444902598962266
1.4444902598962266
1.4444902598962266
1.4444902598962266
