1.4465990175312464
1.4465990355765532
1.4465990355765532
1.4465990355765532
1.4465990355765532
1.4465990355765532
1.4464837997944295
1.4464837997944295
1.4464837732936076
1.4464837732936076
1.4464837996913136
1.4465990355765532
1.4465990520751193
1.4465990520751193
1.4465990520751193
1.4465990520751193
1.4465990520751193
1.4465990520751193
1.4465990520751193
1.4465990520751193
1.4465990520751193
1.4465990520751193
1.4465990520751193
1.4465990520751193
1.4465990520751193
1.4465990520751193
1.4465990520751193
1.4465990520751193
1.4465990520751193
1.4465990520751193
1.4465990520751193
1.4465990520751193
1.4465990520751193
1.4465990520751193
1.4465990520751193
1.4465990520751193
1.4465990520751193
1.4465990520751193
1.4465990520751193
1.4465990520751193
1.4465990520751193
1.4465990520751193
1.4465990520751193
1.4465990520751193
1.4465990520751193
1.4465990520751193
1.4465990520751193
1.4465990520751193
1.4465990520751193
1.4465990520751193
1.4465990520751193
1.4465990520751193
1.4465990520751193
1.4465990520751193
1.4465990520751193
1.4465990520751193
1.4465990520751193
1.4465990520751193
1.4465990520751193
1.4465990520751193
1.4465990520751193
1.4465990520751193
1.4465990520751193
1.4465990520751193
1.4465990520751193
1.4465990520751193
1.4465990520751193
1.4465990520751193
1.4465990520751193
1.4465990520751193
1.4465990520751193
1.4465990520751193
1.4465990520751193
1.4465990520751193
1.4465990520751193
1.4465990520751193
1.4465990520751193
1.4465990520751193
1.4465990520751193
1.4465990520751193
1.4465990520751193
1.4465990520751193
1.4465990520751193
1.4465990520751193
1.4465990520751193
1.4465990520751193
1.4465990520751193
1.4465990520751193
1.4465990520751193
1.4465990520751193
1.4465990520751193
1.4465990520751193
1.4465990520751193
1.4465990520751193
1.4465990520751193
1.4465990520751193
1.4465990520751193
1.4465990520751193
1.4465990520751193
1.4465990520751193
