1.4672000157001619
1.4677902097046438
1.4677902095156969
1.4677902095156969
1.4677902095156969
1.4677902094212236
1.4677902094212236
1.4677902268043228
1.4678217900720771
1.4678217900720771
1.4678217900720771
1.4678217900720771
1.4677902086654369
1.4677902086654369
1.4672000158891088
1.4672000158891088
1.4672000158891088
1.4672000158891088
1.4672000158891088
1.4672000158891088
1.4672000158891088
1.4672000158891088
1.4677881993114412
1.4677881993114412
1.4677903280797699
1.4677903280797699
1.4677903280797699
1.4677903280797699
1.4672000158891088
1.4672000158891088
1.4672000158891088
1.4678217899776038
1.4678217899776038
1.4678217899776038
1.4678217899776038
1.4678217899776038
1.4678217899776038
1.4678217899776038
1.4678218650839288
1.4678218650839288
1.4671999405938370
1.4671999405938370
1.4671999405938370
1.4671999405938370
1.4671999405938370
1.4671999405938370
1.4671999405938370
1.4671999405938370
1.4678218625331481
1.4678218625331481
1.4678218625331481
1.4678218625331481
1.4678218625331481
1.4678218625331481
1.4678218625331481
1.4678218625331481
1.4678218625331481
1.4678218625331481
1.4678218625331481
1.4678218625331481
1.4678218625331481
1.4678218625331481
1.4678218625331481
1.4678218625331481
1.4678218625331481
1.4678218625331481
1.4678218625331481
1.4678218625331481
1.4678218625331481
1.4678218625331481
1.4678218625331481
1.4678218625331481
1.4678218625331481
1.4678218625331481
1.4678218625331481
1.4678218625331481
1.4678218625331481
1.4678218625331481
1.4678218625331481
1.4678218625331481
1.4678218625331481
1.4678218625331481
1.4678218625331481
1.4678218625331481
1.4678218625331481
1.4678218625331481
1.4678218625331481
1.4678218625331481
1.4678218625331481
1.4678218625331481
1.4678218625331481
1.4678218625331481
1.4678218625331481
1.4678218625331481
1.4678218625331481
1.4678218625331481
1.4678218625331481
1.4678218625331481
1.4678218625331481
1.4678218625331481
