1.4679741347969810
1.4679741347969810
1.4677782755457840
1.4677782755457840
1.4677782748844705
1.4679510454121543
1.4677782755457840
1.4677782755457840
1.4677782755457840
1.4677782755457840
1.4677782755457840
1.4677782755457840
1.4678467673181523
1.4679764006461620
1.4679764006461620
1.4679764006461620
1.4678465715693405
1.4678469565483021
1.4678465715693405
1.4678471530529007
1.4678471535252677
1.4678471535252677
1.4678471535252677
1.4678471535252677
1.4678471535252677
1.4678471535252677
1.4678471535252677
1.4678471535252677
1.4678471535252677
1.4678471535252677
1.4678471535252677
1.4678471535252677
1.4678471535252677
1.4678471535252677
1.4678471535252677
1.4678471535252677
1.4678471535252677
1.4678471535252677
1.4678471535252677
1.4678471535252677
1.4678471535252677
1.4678471535252677
1.4678471535252677
1.4678471535252677
1.4678471535252677
1.4678471535252677
1.4678471535252677
1.4678471535252677
1.4678471535252677
1.4678471535252677
1.4678471535252677
1.4678471535252677
1.4678471535252677
1.4678471535252677
1.4678471535252677
1.4678471535252677
1.4678471535252677
1.4678471535252677
1.4678471535252677
1.4678471535252677
1.4678471535252677
1.4678471535252677
1.4678471535252677
1.4678471535252677
1.4678471535252677
1.4678471535252677
1.4678471535252677
1.4678471535252677
1.4678471535252677
1.4678471535252677
1.4678471535252677
1.4678471535252677
1.4678471535252677
1.4678471535252677
1.4678471535252677
1.4678471535252677
1.4678471535252677
1.4678471535252677
1.4678471535252677
1.4678471535252677
1.4678471535252677
1.4678471535252677
1.4678471535252677
1.4678471535252677
1.4678471535252677
1.4678471535252677
1.4678471535252677
1.4678471535252677
1.4678471535252677
1.4678471535252677
1.4678471535252677
1.4678471535252677
1.4678471535252677
1.4678471535252677
1.4678471535252677
1.4678471535252677
1.4678471535252677
1.4678471535252677
1.4678471535252677
1.4678471535252677
