1.4652568214019186
1.4652568214019186
1.4652568214019186
1.4652568214019186
1.4652568214019186
1.4650802334889841
1.4652407621580590
1.4652902936929553
1.4650803179481722
1.4650802334889841
1.4650803663185348
1.4652564039241196
1.4652564039241196
1.4652564039241196
1.4652564039241196
1.4652537256987015
1.4652070966689914
1.4652070966689914
1.4652070966689914
1.4652070966689914
1.4652070966689914
1.4652070966689914
1.4652411720779888
1.4650554072113458
1.4650554072113458
1.4650554072113458
1.4650554072113458
1.4650554072113458
1.4650554072113458
1.4650554072113458
1.4650554072113458
1.4650554072113458
1.4650554072113458
1.4650554072113458
1.4652537256987015
1.4652537256987015
1.4652537256987015
1.4652537256987015
1.4652537256987015
1.4652537256987015
1.4652537256987015
1.4652537256987015
1.4652537256987015
1.4652537256987015
1.4652537256987015
1.4652537256987015
1.4652537256987015
1.4652537256987015
1.4652537256987015
1.4652537256987015
1.4652537256987015
1.4652537256987015
1.4652537256987015
1.4652537256987015
1.4652537257931748
1.4652537257931748
1.4652537257931748
1.4652537257931748
1.4652537257931748
1.4652537257931748
1.4652537257931748
1.4652537257931748
1.4652537257931748
1.4652537257931748
1.4652537257931748
1.4652537257931748
1.4652537257931748
1.4652537257931748
1.4652537257931748
1.4652537257931748
1.4652537257931748
1.4652537257931748
1.4652537257931748
1.4652537257931748
1.4652537257931748
1.4652537257931748
1.4652537257931748
1.4652537257931748
1.4652537257931748
1.4652537257931748
1.4652537257931748
1.4652537257931748
1.4652537257931748
1.4652537257931748
1.4652537257931748
1.4652537257931748
1.4652537257931748
1.4652537257931748
1.4652537257931748
1.4652537257931748
1.4652537257931748
1.4652537257931748
1.4652537257931748
1.4652537257931748
1.4652537257931748
1.4652537257931748
1.4652537257931748
1.4652537257931748
1.4652537257931748
1.4652537257931748
