1.4655296718162201
1.4655235523984895
1.4655235523984895
1.4655235523984895
1.4655235523984895
1.4655235523984895
1.4655756176145560
1.4655756176145560
1.4655757914455472
1.4655757914455472
1.4655730827052320
1.4655757923902808
1.4655235514537559
1.4655235514537559
1.4655235514537559
1.4655235514537559
1.4655235514537559
1.4655235514537559
1.4655235514537559
1.4655235514537559
1.4655235514537559
1.4655235514537559
1.4655235514537559
1.4655235514537559
1.4655235514537559
1.4655235514537559
1.4655235514537559
1.4655235514537559
1.4655235514537559
1.4655235514537559
1.4655235514537559
1.4655235514537559
1.4655235514537559
1.4655235514537559
1.4655235514537559
1.4655235514537559
1.4655235514537559
1.4655235514537559
1.4655235514537559
1.4655235514537559
1.4655235514537559
1.4655235514537559
1.4655235514537559
1.4655235514537559
1.4655235514537559
1.4655235514537559
1.4655235514537559
1.4655235514537559
1.4655235514537559
1.4655235514537559
1.4655235514537559
1.4655235514537559
1.4655235514537559
1.4655235514537559
1.4655235514537559
1.4655235514537559
1.4655235514537559
1.4655235514537559
1.4655235514537559
1.4655235514537559
1.4655235514537559
1.4655235514537559
1.4655235514537559
1.4655235514537559
1.4655235514537559
1.4655235514537559
1.4655235514537559
1.4655235514537559
1.4655235514537559
1.4655235514537559
1.4655235514537559
1.4655235514537559
1.4655235514537559
1.4655235514537559
1.4655235514537559
1.4655235514537559
1.4655235514537559
1.4655235514537559
1.4655235514537559
1.4655235514537559
1.4655235514537559
1.4655235514537559
1.4655235514537559
1.4655235514537559
1.4655235514537559
1.4655235514537559
1.4655235514537559
1.4655235514537559
1.4655235514537559
1.4655235514537559
1.4655235514537559
1.4655235514537559
1.4655235514537559
1.4655235514537559
1.4655235514537559
1.4655235514537559
1.4655235514537559
1.4655235514537559
1.4655235514537559
1.4655235514537559
