1.2270031525947664
1.2270031525947664
1.3314527990837695
1.6996705291331138
1.7316705532497980
2.0218147852198904
2.0340837314578493
2.3161787563429557
2.5271583054894635
2.5282171834431750
2.9337963086782528
2.9337963086782528
3.3781727169567395
3.3781727169567395
4.3889922079580410
4.5653227136228356
9.4247185319750226
9.4247185319750226
9.4247185319750226
9.4247185319750226
5.4306259122101297
6.2270894745308150
6.2950204401112355
6.2982978161535232
6.3323159462191425
6.3567960991186752
6.3567960991186752
6.3567960991186752
6.3567960991186752
6.3567960991186752
6.3567960991186752
6.3567960991186752
6.6023207389371521
6.6023207389371521
6.6023207389371521
6.6023207389371521
6.6023207389371521
6.6029037360859544
6.6294963812654641
7.4991916373973755


6.2982978161535232
6.2982978161535232
6.3316107824476244
6.3567960991186752
6.3567960991186752
6.3567960991186752
6.3567960991186752
6.3567960991186752
6.3567960991186752
6.3567960991186752
6.3567960991186752
6.3567960991186752
6.3567960991186752
6.3926074864577185
6.4053579870043498
7.9710248087540014
6.5856736473579183
6.5958458325585987
6.6023207389371521
6.6023207389371521
6.6023207389371521
6.6023207389371521
6.6023207389371521
6.6023207389371521
6.6023207389371521
6.6023207389371521
6.6023207389371521
6.6023207389371521
6.6029037360859544
6.6085082676559974
6.6144096338998901
6.6173757414944205
6.6294963812654641
7.6597600451798247
6.7783807599253372
6.8218597292946672
7.5064925020953162
7.5052242339374224
6.8982690969112017
7.4991916373973755


6.3567960991186752
6.3567960991186752
6.3567960991186752
6.3885515939790363
6.4044976587935345
6.4748281904434872
6.5162373100773641
6.5856736473579183
6.5958458325585987
6.5958458325585987
6.6023207389371521
6.6023207389371521
6.6023207389371521
6.6023207389371521
6.6023207389371521
6.6023207389371521
6.6023207389371521
6.6023207389371521
6.6029037360859544
6.6085082676559974
6.6085082676559974
6.6144096338998901
6.6173757414944205
6.6173757414944205
6.6173757414944205
6.6294963812654641
6.6654326590136703
7.6597600451798247
6.7610101335960362
6.7783807599253372
6.7868640456658920
6.8218597292946672
7.5064925020953162
7.5064925020953162
7.5052242339374224
6.8982690969112017
6.8986307481872338
7.4991916373973755
6.9882813888316067
7.1128790257327035


6.5958458325585987
6.6023207389371521
6.6023207389371521
6.6023207389371521
6.6023234953954058
6.6085082676559974
6.6085082676559974
6.6117210253087961
6.6144096338998901
6.6173757414944205
6.6200601289279177
6.6245334326802618
6.6654326590136703
6.6816576716222222
6.7111864216997921
7.6729002188043003
7.6600239607699736
7.6597600451798247
6.7610101335960362
6.7639910846198950
6.7783807599253372
6.7783807599253372
6.7868640456658920
6.8218597292946672
6.8218597292946672
6.8218597292946672
6.8537322566516963
7.5137249472476633
7.5064925020953162
7.5064925020953162
7.5052242339374224
6.8982690969112017
6.8986307481872338
7.4991916373973755
7.4919775797701229
6.9882813888316067
6.9882813888316067
6.9932840251278243
7.0982633714370600
7.1128790257327035


6.6654048737008109
6.6788760133402683
6.7076806244209148
6.7149207738937520
7.6729002188043003
6.7371980761936427
7.6600239607699736
6.7602530802879937
6.7639910846198950
6.7639910846198950
6.7783807599253372
6.7832295032034482
6.8195355588984699
6.8218597292946672
6.8218597292946672
6.8218882566574042
7.5562123612402479
6.8537322566516963
7.5064925020953162
7.5064925020953162
7.5064925020953162
7.5052242339374224
6.8978348305853920
6.8982690969112017
6.8982690969112017
6.8982690969112017
6.8986307481872338
6.8987690186680926
7.4991916373973755
7.4919775797701229
6.9337721922466073
6.9882813888316067
6.9882813888316067
6.9890979720854016
6.9932840251278243
7.3911863327889016
7.0982633714370600
7.0983294516574889
7.1128790257327035
7.1324572750082984


6.7639910846198950
6.7639910846198950
7.6350629101137502
6.8095489846228503
6.8161834206695939
6.8218882566574042
6.8218882566574042
6.8446277624251533
6.8760349522155071
7.5064925020953162
7.5064925020953162
7.5064925020953162
6.8978027276080756
6.8978348305853920
6.8982690969112017
6.8986307481872338
6.8986628548413664
6.8987084249529822
7.4991916373973755
7.4991916373973755
6.9037290440156864
7.4919775797701229
6.9201918951197614
6.9337721922466073
6.9337721922466073
6.9337721922466073
6.9512775039602577
6.9882813888316067
6.9882813888316067
6.9890979720854016
6.9932840251278243
7.3911863327889016
7.3153165755307628
7.0982633714370600
7.0983294516574889
7.1089297211665610
7.1128790257327035
7.1133154019352629
7.1324572750082984
7.2651947428194674


6.8287259975223531
6.8760349522155071
6.8760349522155071
6.8760349522155071
6.8982690969112017
6.8986307481872338
7.4991916373973755
7.4991916373973755
7.4991916373973755
6.9201918951197614
6.9276071827249037
6.9337721922466073
6.9512775039602577
6.9642281434638340
6.9811858783112477
6.9882813888316067
6.9882813888316067
6.9890979720854016
6.9932840251278243
6.9932840251278243
6.9932840251278243
7.0012334870823087
7.3911863327889016
7.3692876634122353
7.3672141161788653
7.3153165755307628
7.0982633714370600
7.0983294516574889
7.1036301282301171
7.1040318382840386
7.1089297211665610
7.2885122274807825
7.1128790257327035
7.1133154019352629
7.1324572750082984
7.1339139689258158
7.2651947428194674
7.1355499914204099
7.1696270059190370
7.1880605856134849


6.8986307481872338
7.4991916373973755
7.4991916373973755
7.4991916373973755
6.9195749750154736
6.9370921452301584
6.9571842299862050
7.4369480335483704
6.9707324829196686
6.9811858783112477
6.9882813888316067
6.9932840251278243
6.9932840251278243
6.9932840251278243
7.3911863327889016
7.3672141161788653
7.3480117457331389
7.3373936079908377
7.3153165755307628
7.0983294516574889
7.1036301282301171
7.1040318382840386
7.2921410295652560
7.1089297211665610
7.1089297211665610
7.1089297211665610
7.2885122274807825
7.1128790257327035
7.1133154019352629
7.2803197010536422
7.2733686583697432
7.1324572750082984
7.1339139689258158
7.2651947428194674
7.1355499914204099
7.1490390149304242
7.1598663443404584
7.1696270059190370
7.1696378795750757
7.1880605856134849


6.9116660366460190
6.9200336759088685
6.9370921452301584
6.9602143133086480
6.9707324829196686
6.9707324829196686
6.9707324829196686
7.0047119546190899
7.3911863327889016
7.3911863327889016
7.3153165755307628
7.3153165755307628
7.0983294516574889
7.1032132243267334
7.2921410295652560
7.1089297211665610
7.1089297211665610
7.1102415736040374
7.2881328476966720
7.2878842367776366
7.1128790257327035
7.1133154019352629
7.2837669269734215
7.2803197010536422
7.2734055677972984
7.2733686583697432
7.2733686583697432
7.2733686583697432
7.1324572750082984
7.1339139689258158
7.2651947428194674
7.1355499914204099
7.1490390149304242
7.1598663443404584
7.1684343887427149
7.1696270059190370
7.1696378795750757
7.1706199896427485
7.1737034502336794
7.1880605856134849


6.9953577172118031
7.3953485371298306
7.3911863327889016
7.3911863327889016
7.3911863327889016
7.0116900369225679
7.0279967345153782
7.2921410295652560
7.2921410295652560
7.2900111888582533
7.1102415736040374
7.1102415736040374
7.1110922833341164
7.2878842367776366
7.2837669269734215
7.2767054685952122
7.2756381600795494
7.2734055677972984
7.2733686583697432
7.2733686583697432
7.1267448106546922
7.1324572750082984
7.1339139689258158
7.2651947428194674
7.2651947428194674
7.2651947428194674
7.2650496665149102
7.1355499914204099
7.2542319292742841
7.1490390149304242
7.1547824693944504
7.1573859495423715
7.1598663443404584
7.1684343887427149
7.1696270059190370
7.1696378795750757
7.1706199896427485
7.1737034502336794
7.1737034502336794
7.1880605856134849


7.0316633419448680
7.3662805712804253
7.0682405917091407
7.2921410295652560
7.2921410295652560
7.2921410295652560
7.2863246863538711
7.2841982417593529
7.2837669269734215
7.2837669269734215
7.1226988449182933
7.2751920282435103
7.2734055677972984
7.2734055677972984
7.2733686583697432
7.1320594509868922
7.1324572750082984
7.2670598379815754
7.2655967316100281
7.2651947428194674
7.2651947428194674
7.1355499914204099
7.2554396643070165
7.2542319292742841
7.2524303213653578
7.1490390149304242
7.1490390149304242
7.1547824693944504
7.1547824693944504
7.1573859495423715
7.1598663443404584
7.1684343887427149
7.1696270059190370
7.1696378795750757
7.1706199896427485
7.1718432186325103
7.1737034502336794
7.1737034502336794
7.1751190953609800
7.1880605856134849


7.2921410295652560
7.1117682646242999
7.2869174927137648
7.2841982417593529
7.2837669269734215
7.2837669269734215
7.1175869036522332
7.2767531037815427
7.2733686583697432
7.2733686583697432
7.1271267679955450
7.2725132458018962
7.2709862160280947
7.2684916928418968
7.2670598379815754
7.2670598379815754
7.1329943362022767
7.2654576525673455
7.2651947428194674
7.1355499914204099
7.1466023137157597
7.2524303213653578
7.1490390149304242
7.1547824693944504
7.1547824693944504
7.1573859495423715
7.1573859495423715
7.1592800371631125
7.1598663443404584
7.1598663443404584
7.1684343887427149
7.1696270059190370
7.1696378795750757
7.1706199896427485
7.1718432186325103
7.1735875606632824
7.1737034502336794
7.1737034502336794
7.1751190953609800
7.1880605856134849


7.3007213738837393
7.2921410295652560
7.2915793750828231
7.2837669269734215
7.2767531037815427
7.2767531037815427
7.2766943753292637
7.2761461098469296
7.2733686583697432
7.2712907555404707
7.2670598379815754
7.2670598379815754
7.1344214373756518
7.2654576525673455
7.2654576525673455
7.1355499914204099
7.2528318676018806
7.2524303213653578
7.1547824693944504
7.1569874371245472
7.1573859495423715
7.1592800371631125
7.1598663443404584
7.1598663443404584
7.1598663443404584
7.1684343887427149
7.1684343887427149
7.1696270059190370
7.1696378795750757
7.1700452179177727
7.1706199896427485
7.1718432186325103
7.1735875606632824
7.1737034502336794
7.1737034502336794
7.1751190953609800
7.1756136096129408
7.1880605856134849
7.1956131380465518
7.1968511037644367


7.2997010413673857
7.2991051356226428
7.1070686212743066
7.2860488976556983
7.2842755391351570
7.2837199598239533
7.2767531037815427
7.2761461098469296
7.2761461098469296
7.2733686583697432
7.2654576525673455
7.2654576525673455
7.1408012926856914
7.2524303213653578
7.2524303213653578
7.1569874371245472
7.1592800371631125
7.1594192173707691
7.1598663443404584
7.1639884263377764
7.1684343887427149
7.1696270059190370
7.1696378795750757
7.1700452179177727
7.1700452179177727
7.1706199896427485
7.1706199896427485
7.1718432186325103
7.1722068066672326
7.1735875606632824
7.1737034502336794
7.1737034502336794
7.1751190953609800
7.1752516592590565
7.1756136096129408
7.1880605856134849
7.1956131380465518
7.1968511037644367
7.1970028334908527
7.2012117760039471


7.2767904241313932
7.2761461098469296
7.2761461098469296
7.2761461098469296
7.2717849864403874
7.2632266817099307
7.2524303213653578
7.2524303213653578
7.1581718850386080
7.1594192173707691
7.1594192173707691
7.1639884263377764
7.1696270059190370
7.1700452179177727
7.1700452179177727
7.1706199896427485
7.1707602035217377
7.1718432186325103
7.1722068066672326
7.1722495408626568
7.1735875606632824
7.1735875606632824
7.1737034502336794
7.1737034502336794
7.1737034502336794
7.1746146002224842
7.1751190953609800
7.1752516592590565
7.1756136096129408
7.1771389739105809
7.1820931527255381
7.1880605856134849
7.1937118696301461
7.1956131380465518
7.1968511037644367
7.1970028334908527
7.1970028334908527
7.1970101002567048
7.1985567647292914
7.2012117760039471


7.2767904241313932
7.2766716776858145
7.2712130950643044
7.2660944507834415
7.2632266817099307
7.2577248695290555
7.2562758970815011
7.2524303213653578
7.2524303213653578
7.1581718850386080
7.1595007041242855
7.1700452179177727
7.1700452179177727
7.1706139694106819
7.1717917874428849
7.1718432186325103
7.1718432186325103
7.1722495408626568
7.1735875606632824
7.1736217419299741
7.1737034502336794
7.1737034502336794
7.1746146002224842
7.1752516592590565
7.1756136096129408
7.1771389739105809
7.1771389739105809
7.1820931527255381
7.1820931527255381
7.1880605856134849
7.1937118696301461
7.1956131380465518
7.1968511037644367
7.1970028334908527
7.1970028334908527
7.1970101002567048
7.1985567647292914
7.1985567647292914
7.1986748103383382
7.2012117760039471


7.2577248695290555
7.2564012115752830
7.2524303213653578
7.2524303213653578
7.2524303213653578
7.1572756841846683
7.1591021210087824
7.1717917874428849
7.1717917874428849
7.1722495408626568
7.1722495408626568
7.1736217419299741
7.1737034502336794
7.1742301619134619
7.1751368462447118
7.1756122589609443
7.1756136096129408
7.1756490790877177
7.1757053695281492
7.1771389739105809
7.1820931527255381
7.1820931527255381
7.1880605856134849
7.1880605856134849
7.1937118696301461
7.1937118696301461
7.1956131380465518
7.1956131380465518
7.1968511037644367
7.1970028334908527
7.1970028334908527
7.1970101002567048
7.1985567647292914
7.1985567647292914
7.1985567647292914
7.1986748103383382
7.1986748103383382
7.1986761663041152
7.2012117760039471
7.1989224140940111


7.2498412647199215
7.2451830262770507
7.1572756841846683
7.1591630653138889
7.1604961360967012
7.1717917874428849
7.1717917874428849
7.1717917874428849
7.1751368462447118
7.1751368462447118
7.1756490790877177
7.1756490790877177
7.1756657187696229
7.1771389739105809
7.1802582906210946
7.1820931527255381
7.2089624182279897
7.1937118696301461
7.1937118696301461
7.1952402929881512
7.1952660950110880
7.1956131380465518
7.1968511037644367
7.1969403355629549
7.1970028334908527
7.1970028334908527
7.1970028334908527
7.1970028334908527
7.1970101002567048
7.1982787300046125
7.1985567647292914
7.1985567647292914
7.1985567647292914
7.1986748103383382
7.1986748103383382
7.1986761663041152
7.1987445782664325
7.2012117760039471
7.1989224140940111
7.2007598691181105


7.1717917874428849
7.1717917874428849
7.1732582827158016
7.1748992192469885
7.1751368462447118
7.1802582906210946
7.1802582906210946
7.1936813581817987
7.1937118696301461
7.1937118696301461
7.1952402929881512
7.1955399375461955
7.1955406785820291
7.1956131380465518
7.1956131380465518
7.1964794730718440
7.1970028334908527
7.1970028334908527
7.1970028334908527
7.1970028334908527
7.1970101002567048
7.1970507966085959
7.1976932305916188
7.1982787300046125
7.1982787300046125
7.1985567647292914
7.1985567647292914
7.1985567647292914
7.1985567647292914
7.1985585318063254
7.1986748103383382
7.1986748103383382
7.1986761663041152
7.1987428115596757
7.1987445782664325
7.2012117760039471
7.1989224140940111
7.2007598691181105
7.1994458296295214
7.1994805686225742


7.1764836149227644
7.1802582906210946
7.2153173483072885
7.2101128901035185
7.1936813581817987
7.1936813581817987
7.1937118696301461
7.1937118696301461
7.1940588646605335
7.1943253956255715
7.1950542768686896
7.1956131380465518
7.1956131380465518
7.1969696274062116
7.1970028334908527
7.1970028334908527
7.1970028334908527
7.1970507966085959
7.1982787300046125
7.2015387965708992
7.1984887654961334
7.1985567647292914
7.1985567647292914
7.1985567647292914
7.1985585318063254
7.1985585318063254
7.1986748103383382
7.1986748103383382
7.1986748103383382
7.1986761663041152
7.1987428115596757
7.1987445782664325
7.2012117760039471
7.1989224140940111
7.1991084612887279
7.2007598691181105
7.2005537953418530
7.1994458296295214
7.1994805686225742
7.2005122348537585


7.1937118696301461
7.1939183854454818
7.1940588646605335
7.1940588646605335
7.1950551334925503
7.1950841952708791
7.1959029964808590
7.1970028334908527
7.1970028334908527
7.1970507966085959
7.1970507966085959
7.1980365100193282
7.2015387965708992
7.1984683198945785
7.1985559115715176
7.1985559115715176
7.1985567647292914
7.1985585318063254
7.1985585318063254
7.1985593849586396
7.1986748103383382
7.1986748103383382
7.1986761663041152
7.1986761663041152
7.1986931054246286
7.1987428115596757
7.1987428115596757
7.1987445782664325
7.2012117760039471
7.1989224140940111
7.1991084612887279
7.1991149181661367
7.2008801137203129
7.2007598691181105
7.2006052801994249
7.2005537953418530
7.1994458296295214
7.1994805686225742
7.2005122348537585
7.2000026646996309


7.1969940149255329
7.1970028334908527
7.1970028334908527
7.1970028334908527
7.1970579663000898
7.1976268204706368
7.1985559115715176
7.1985559115715176
7.1985567647292914
7.1985585318063254
7.1985585318063254
7.1985593849586396
7.1986689963717412
7.1986748103383382
7.1986756634982481
7.1986762742393307
7.1986931054246286
7.1986931054246286
7.1987419583898626
7.1987428115596757
7.1987445782664325
7.2012117760039471
7.1989224140940111
7.1989224140940111
7.1989529371664238
7.1991084612887279
7.1991084612887279
7.1991149181661367
7.2008801137203129
7.2007598691181105
7.2006052801994249
7.2005537953418530
7.1994458296295214
7.1994556012212225
7.1994805686225742
7.2005122348537585
7.2005122348537585
7.2002487359289447
7.2000040208381328
7.2000026646996309


7.1985142601028453
7.1985559115715176
7.1985559115715176
7.1985559115715176
7.1985567647292914
7.2013853367580269
7.1986756634982481
7.1986756634982481
7.1986931054246286
7.1986931054246286
7.1987379505840989
7.1987428115596757
7.2012117760039471
7.1989224140940111
7.1989529371664238
7.1989666862431285
7.1991084612887279
7.1991149181661367
7.1991149181661367
7.2008801137203129
7.2007598691181105
7.2007598691181105
7.2006052801994249
7.2006052801994249
7.2006052801994249
7.2006052801994249
7.2005537953418530
7.1994458296295214
7.1994556012212225
7.1994763547078584
7.1994805686225742
7.1994805686225742
7.2005122348537585
7.2005122348537585
7.2004955158829818
7.2004607505967924
7.2002487359289447
7.2000452601964371
7.2000040208381328
7.2000026646996309


7.1986931054246286
7.1986931054246286
7.1986975064195597
7.1987225424604748
7.1989224140940111
7.1989529371664238
7.1989529371664238
7.1991140649722603
7.1991149181661367
7.1991149181661367
7.1991171576343636
7.2008801137203129
7.1991323116505646
7.2007598691181105
7.2006457379621835
7.2006182870884157
7.2006066364939159
7.2006052801994249
7.2006052801994249
7.1993989420914959
7.1994010781228983
7.2005969941758377
7.1994458296295214
7.1994556012212225
7.1994763547078584
7.1994763547078584
7.1994805686225742
7.1994805686225742
7.1994805686225742
7.2005122348537585
7.2005122348537585
7.2004955158829818
7.2004607505967924
7.2002487359289447
7.1998277247728124
7.1998729601696807
7.2000452601964371
7.2000040208381328
7.2000026646996309
7.2000026646996309


7.1991140649722603
7.1991149181661367
7.2006457379621835
7.2006457379621835
7.2006052801994249
7.2006052801994249
7.2006035171992480
7.1993989420914959
7.2005969941758377
7.2005969941758377
7.1994556012212225
7.1994749986591291
7.1994763547078584
7.1994763547078584
7.1994763547078584
7.1994805686225742
7.1994805686225742
7.1994805686225742
7.2005122348537585
7.2005122348537585
7.2005122348537585
7.2005122348537585
7.2005116748538125
7.2005104716681103
7.2004955158829818
7.2004607505967924
7.1995821739982038
7.1996089947879423
7.2002487359289447
7.2001816228355073
7.1998277247728124
7.1998277247728124
7.1998277247728124
7.1998729601696807
7.2000452601964371
7.2000303063069024
7.2000040208381328
7.2000040208381328
7.2000026646996309
7.2000026646996309


7.1991149181661367
7.2006491870754994
7.2006370334190617
7.2006052801994249
7.1993989420914959
7.1993989420914959
7.2005969941758377
7.2005969941758377
7.1994763547078584
7.1994763547078584
7.1994805686225742
7.1994805686225742
7.2005130881331976
7.2005122348537585
7.2005122348537585
7.2004955158829818
7.2004955158829818
7.2004694548814863
7.2004607505967924
7.2004598973213305
7.1996089947879423
7.2002487359289447
7.2001816228355073
7.2001816228355073
7.1998277247728124
7.1998277247728124
7.1998277247728124
7.1998277247728124
7.1998277247728124
7.1998277247728124
7.1998729601696807
7.2000452601964371
7.2000303063069024
7.2000040208381328
7.2000040208381328
7.2000040208381328
7.2000031685248720
7.2000026646996309
7.2000026646996309
7.2000026646996309


7.1991149181661367
7.2006491870754994
7.1993989420914959
7.2005969941758377
7.2005969941758377
7.2005947543089555
7.1994556012212225
7.1994763547078584
7.2005122348537585
7.2005122348537585
7.2004694548814863
7.2004694548814863
7.2004598973213305
7.2004304770122785
7.2002487359289447
7.2001874378983395
7.1998277247728124
7.1998277247728124
7.1998277247728124
7.1998277247728124
7.1998277247728124
7.1998277247728124
7.1998277247728124
7.1998484792805693
7.1998729601696807
7.1998729601696807
7.1998729601696807
7.2000795012722127
7.2000452601964371
7.1999571286202606
7.2000303063069024
7.2000040208381328
7.2000040208381328
7.2000040208381328
7.2000040208381328
7.2000031685248720
7.2000026646996309
7.2000026646996309
7.2000026646996309
7.2000026646996309


7.2007607214741318
7.2006491870754994
7.2005947543089555
7.1994763547078584
7.1994763547078584
7.1994763547078584
7.2005122348537585
7.2004265318708152
7.2002487359289447
7.2002487359289447
7.1998263686644828
7.1998277247728124
7.1998277247728124
7.1998277247728124
7.1998277247728124
7.1998277247728124
7.1998729601696807
7.1998729601696807
7.1998841534586235
7.2000795012722127
7.2000492641332645
7.2000452601964371
7.2000434141093201
7.1999571286202606
7.1999571286202606
7.2000303063069024
7.2000303063069024
7.2000303063069024
7.2000040208381328
7.2000040208381328
7.2000040208381328
7.2000040208381328
7.2000040208381328
7.2000040208381328
7.2000031685248720
7.2000026646996309
7.2000026646996309
7.2000026646996309
7.2000026646996309
7.2000026646996309


7.1992721611012662
7.1994763547078584
7.1994783291816731
7.2005122348537585
7.2004265318708152
7.2004265318708152
7.2002487359289447
7.1998263686644828
7.1998263686644828
7.1998277247728124
7.1998277247728124
7.1998729601696807
7.1998729601696807
7.2000795012722127
7.2000452601964371
7.2000444069416902
7.1999557724931069
7.1999571286202606
7.1999571286202606
7.2000311595551043
7.2000303063069024
7.2000303063069024
7.2000303063069024
7.2000040208381328
7.2000040208381328
7.2000040208381328
7.2000040208381328
7.2000040208381328
7.2000040208381328
7.2000040208381328
7.2000040208381328
7.2000040208381328
7.2000040208381328
7.2000031685248720
7.2000026646996309
7.2000026646996309
7.2000026646996309
7.2000026646996309
7.2000026646996309
7.2000026646996309


7.1994783291816731
7.2004265318708152
7.2004135254274972
7.1998263686644828
7.1998263686644828
7.1998263686644828
7.1998263686644828
7.1998263686644828
7.1998277247728124
7.2000452601964371
7.2000452601964371
7.1999571286202606
7.1999571286202606
7.2000311595551043
7.2000303063069024
7.2000040208381328
7.2000040208381328
7.2000040208381328
7.2000040208381328
7.2000040208381328
7.2000040208381328
7.2000040208381328
7.2000040208381328
7.2000040208381328
7.2000040208381328
7.2000040208381328
7.2000040208381328
7.2000040208381328
7.2000040208381328
7.2000040208381328
7.2000040208381328
7.2000031685248720
7.2000026646996309
7.2000026646996309
7.2000026646996309
7.2000026646996309
7.2000026646996309
7.2000026646996309
7.2000026646996309
7.2000026646996309


7.1998254851991028
7.1998263686644828
7.1998263686644828
7.1998263686644828
7.1998263686644828
7.1998277247728124
7.1998277247728124
7.2000303063069024
7.2000303063069024
7.2000108015344786
7.2000040208381328
7.2000040208381328
7.2000040208381328
7.2000040208381328
7.2000040208381328
7.2000040208381328
7.2000040208381328
7.2000040208381328
7.2000040208381328
7.2000040208381328
7.2000040208381328
7.2000040208381328
7.2000040208381328
7.2000040208381328
7.2000040208381328
7.2000040208381328
7.2000040208381328
7.2000040208381328
7.2000031685248720
7.2000031685248720
7.2000026646996309
7.2000026646996309
7.2000026646996309
7.2000026646996309
7.2000026646996309
7.2000026646996309
7.2000026646996309
7.2000026646996309
7.2000026646996309
7.2000026646996309


7.1998277247728124
7.2000303063069024
7.2000303063069024
7.2000303063069024
7.2000121576743368
7.2000040208381328
7.2000040208381328
7.2000040208381328
7.2000040208381328
7.2000040208381328
7.2000040208381328
7.2000040208381328
7.2000040208381328
7.2000040208381328
7.2000040208381328
7.2000040208381328
7.2000040208381328
7.2000040208381328
7.2000040208381328
7.2000040208381328
7.2000040208381328
7.2000031685248720
7.2000031685248720
7.2000031685248720
7.2000026646996309
7.2000026646996309
7.2000026646996309
7.2000026646996309
7.2000026646996309
7.2000026646996309
7.2000026646996309
7.2000026646996309
7.2000026646996309
7.2000026646996309
7.2000026646996309
7.2000026646996309
7.2000026646996309
7.2000026646996309
7.2000026646996309
7.2000026646996309


7.2000040208381328
7.2000040208381328
7.2000040208381328
7.2000040208381328
7.2000040208381328
7.2000040208381328
7.2000040208381328
7.2000040208381328
7.2000040208381328
7.2000040208381328
7.2000040208381328
7.2000040208381328
7.2000040208381328
7.2000040208381328
7.2000031685248720
7.2000031685248720
7.2000031685248720
7.2000026646996309
7.2000026646996309
7.2000026646996309
7.2000026646996309
7.2000026646996309
7.2000026646996309
7.2000026646996309
7.2000026646996309
7.2000026646996309
7.2000026646996309
7.2000026646996309
7.2000026646996309
7.2000026646996309
7.2000026646996309
7.2000026646996309
7.2000026646996309
7.2000026646996309
7.2000026646996309
7.2000026646996309
7.2000026646996309
7.2000026646996309
7.2000026646996309
7.2000018123865006


7.2000040208381328
7.2000040208381328
7.2000040208381328
7.2000040208381328
7.2000031685248720
7.2000031685248720
7.2000026646996309
7.2000026646996309
7.2000026646996309
7.2000026646996309
7.2000026646996309
7.2000026646996309
7.2000026646996309
7.2000026646996309
7.2000026646996309
7.2000026646996309
7.2000026646996309
7.2000026646996309
7.2000026646996309
7.2000026646996309
7.2000026646996309
7.2000026646996309
7.2000026646996309
7.2000026646996309
7.2000026646996309
7.2000026646996309
7.2000026646996309
7.2000026646996309
7.2000026646996309
7.2000026646996309
7.2000026646996309
7.2000026646996309
7.2000026646996309
7.2000026646996309
7.2000026646996309
7.2000026646996309
7.2000026646996309
7.2000026646996309
7.2000026646996309
7.2000018123865006


7.2000026646996309
7.2000026646996309
7.2000026646996309
7.2000026646996309
7.2000026646996309
7.2000026646996309
7.2000026646996309
7.2000026646996309
7.2000026646996309
7.2000026646996309
7.2000026646996309
7.2000026646996309
7.2000026646996309
7.2000026646996309
7.2000026646996309
7.2000026646996309
7.2000026646996309
7.2000026646996309
7.2000026646996309
7.2000026646996309
7.2000026646996309
7.2000026646996309
7.2000026646996309
7.2000026646996309
7.2000026646996309
7.2000026646996309
7.2000026646996309
7.2000026646996309
7.2000026646996309
7.2000026646996309
7.2000026646996309
7.2000026646996309
7.2000026646996309
7.2000026646996309
7.2000026646996309
7.2000026646996309
7.2000026646996309
7.2000026646996309
7.2000026646996309
7.2000018123865006


7.2000026646996309
7.2000026646996309
7.2000026646996309
7.2000026646996309
7.2000026646996309
7.2000026646996309
7.2000026646996309
7.2000026646996309
7.2000026646996309
7.2000026646996309
7.2000026646996309
7.2000026646996309
7.2000026646996309
7.2000026646996309
7.2000026646996309
7.2000026646996309
7.2000026646996309
7.2000026646996309
7.2000026646996309
7.2000026646996309
7.2000026646996309
7.2000026646996309
7.2000026646996309
7.2000026646996309
7.2000026646996309
7.2000026646996309
7.2000026646996309
7.2000026646996309
7.2000026646996309
7.2000026646996309
7.2000026646996309
7.2000026646996309
7.2000026646996309
7.2000026646996309
7.2000026646996309
7.2000026646996309
7.2000026646996309
7.2000026646996309
7.2000026646996309
7.2000018123865006


7.2000026646996309
7.2000026646996309
7.2000026646996309
7.2000026646996309
7.2000026646996309
7.2000026646996309
7.2000026646996309
7.2000026646996309
7.2000026646996309
7.2000026646996309
7.2000026646996309
7.2000026646996309
7.2000026646996309
7.2000026646996309
7.2000026646996309
7.2000026646996309
7.2000026646996309
7.2000026646996309
7.2000026646996309
7.2000026646996309
7.2000026646996309
7.2000026646996309
7.2000026646996309
7.2000026646996309
7.2000026646996309
7.2000026646996309
7.2000026646996309
7.2000026646996309
7.2000026646996309
7.2000026646996309
7.2000026646996309
7.2000026646996309
7.2000026646996309
7.2000026646996309
7.2000026646996309
7.2000026646996309
7.2000026646996309
7.2000026646996309
7.2000026646996309
7.2000018123865006


7.2000026646996309
7.2000026646996309
7.2000026646996309
7.2000026646996309
7.2000026646996309
7.2000026646996309
7.2000026646996309
7.2000026646996309
7.2000026646996309
7.2000026646996309
7.2000026646996309
7.2000026646996309
7.2000026646996309
7.2000026646996309
7.2000026646996309
7.2000026646996309
7.2000026646996309
7.2000026646996309
7.2000026646996309
7.2000026646996309
7.2000026646996309
7.2000026646996309
7.2000026646996309
7.2000026646996309
7.2000026646996309
7.2000026646996309
7.2000026646996309
7.2000026646996309
7.2000026646996309
7.2000026646996309
7.2000026646996309
7.2000026646996309
7.2000026646996309
7.2000026646996309
7.2000026646996309
7.2000026646996309
7.2000026646996309
7.2000026646996309
7.2000026646996309
7.2000018123865006


7.2000026646996309
7.2000026646996309
7.2000026646996309
7.2000026646996309
7.2000026646996309
7.2000026646996309
7.2000026646996309
7.2000026646996309
7.2000026646996309
7.2000026646996309
7.2000026646996309
7.2000026646996309
7.2000026646996309
7.2000026646996309
7.2000026646996309
7.2000026646996309
7.2000026646996309
7.2000026646996309
7.2000026646996309
7.2000026646996309
7.2000026646996309
7.2000026646996309
7.2000026646996309
7.2000026646996309
7.2000026646996309
7.2000026646996309
7.2000026646996309
7.2000026646996309
7.2000026646996309
7.2000026646996309
7.2000026646996309
7.2000026646996309
7.2000026646996309
7.2000026646996309
7.2000026646996309
7.2000026646996309
7.2000026646996309
7.2000026646996309
7.2000026646996309
7.2000018123865006


7.2000026646996309
7.2000026646996309
7.2000026646996309
7.2000026646996309
7.2000026646996309
7.2000026646996309
7.2000026646996309
7.2000026646996309
7.2000026646996309
7.2000026646996309
7.2000026646996309
7.2000026646996309
7.2000026646996309
7.2000026646996309
7.2000026646996309
7.2000026646996309
7.2000026646996309
7.2000026646996309
7.2000026646996309
7.2000026646996309
7.2000026646996309
7.2000026646996309
7.2000026646996309
7.2000026646996309
7.2000026646996309
7.2000026646996309
7.2000026646996309
7.2000026646996309
7.2000026646996309
7.2000026646996309
7.2000026646996309
7.2000026646996309
7.2000026646996309
7.2000026646996309
7.2000026646996309
7.2000026646996309
7.2000026646996309
7.2000026646996309
7.2000026646996309
7.2000018123865006


7.2000026646996309
7.2000026646996309
7.2000026646996309
7.2000026646996309
7.2000026646996309
7.2000026646996309
7.2000026646996309
7.2000026646996309
7.2000026646996309
7.2000026646996309
7.2000026646996309
7.2000026646996309
7.2000026646996309
7.2000026646996309
7.2000026646996309
7.2000026646996309
7.2000026646996309
7.2000026646996309
7.2000026646996309
7.2000026646996309
7.2000026646996309
7.2000026646996309
7.2000026646996309
7.2000026646996309
7.2000026646996309
7.2000026646996309
7.2000026646996309
7.2000026646996309
7.2000026646996309
7.2000026646996309
7.2000026646996309
7.2000026646996309
7.2000026646996309
7.2000026646996309
7.2000026646996309
7.2000026646996309
7.2000026646996309
7.2000026646996309
7.2000026646996309
7.2000018123865006


7.2000026646996309
7.2000026646996309
7.2000026646996309
7.2000026646996309
7.2000026646996309
7.2000026646996309
7.2000026646996309
7.2000026646996309
7.2000026646996309
7.2000026646996309
7.2000026646996309
7.2000026646996309
7.2000026646996309
7.2000026646996309
7.2000026646996309
7.2000026646996309
7.2000026646996309
7.2000026646996309
7.2000026646996309
7.2000026646996309
7.2000026646996309
7.2000026646996309
7.2000026646996309
7.2000026646996309
7.2000026646996309
7.2000026646996309
7.2000026646996309
7.2000026646996309
7.2000026646996309
7.2000026646996309
7.2000026646996309
7.2000026646996309
7.2000026646996309
7.2000026646996309
7.2000026646996309
7.2000026646996309
7.2000026646996309
7.2000026646996309
7.2000026646996309
7.2000018123865006


7.2000026646996309
7.2000026646996309
7.2000026646996309
7.2000026646996309
7.2000026646996309
7.2000026646996309
7.2000026646996309
7.2000026646996309
7.2000026646996309
7.2000026646996309
7.2000026646996309
7.2000026646996309
7.2000026646996309
7.2000026646996309
7.2000026646996309
7.2000026646996309
7.2000026646996309
7.2000026646996309
7.2000026646996309
7.2000026646996309
7.2000026646996309
7.2000026646996309
7.2000026646996309
7.2000026646996309
7.2000026646996309
7.2000026646996309
7.2000026646996309
7.2000026646996309
7.2000026646996309
7.2000026646996309
7.2000026646996309
7.2000026646996309
7.2000026646996309
7.2000026646996309
7.2000026646996309
7.2000026646996309
7.2000026646996309
7.2000026646996309
7.2000026646996309
7.2000018123865006


7.2000026646996309
7.2000026646996309
7.2000026646996309
7.2000026646996309
7.2000026646996309
7.2000026646996309
7.2000026646996309
7.2000026646996309
7.2000026646996309
7.2000026646996309
7.2000026646996309
7.2000026646996309
7.2000026646996309
7.2000026646996309
7.2000026646996309
7.2000026646996309
7.2000026646996309
7.2000026646996309
7.2000026646996309
7.2000026646996309
7.2000026646996309
7.2000026646996309
7.2000026646996309
7.2000026646996309
7.2000026646996309
7.2000026646996309
7.2000026646996309
7.2000026646996309
7.2000026646996309
7.2000026646996309
7.2000026646996309
7.2000026646996309
7.2000026646996309
7.2000026646996309
7.2000026646996309
7.2000026646996309
7.2000026646996309
7.2000026646996309
7.2000026646996309
7.2000018123865006


7.2000026646996309
7.2000026646996309
7.2000026646996309
7.2000026646996309
7.2000026646996309
7.2000026646996309
7.2000026646996309
7.2000026646996309
7.2000026646996309
7.2000026646996309
7.2000026646996309
7.2000026646996309
7.2000026646996309
7.2000026646996309
7.2000026646996309
7.2000026646996309
7.2000026646996309
7.2000026646996309
7.2000026646996309
7.2000026646996309
7.2000026646996309
7.2000026646996309
7.2000026646996309
7.2000026646996309
7.2000026646996309
7.2000026646996309
7.2000026646996309
7.2000026646996309
7.2000026646996309
7.2000026646996309
7.2000026646996309
7.2000026646996309
7.2000026646996309
7.2000026646996309
7.2000026646996309
7.2000026646996309
7.2000026646996309
7.2000026646996309
7.2000026646996309
7.2000018123865006


7.2000026646996309
7.2000026646996309
7.2000026646996309
7.2000026646996309
7.2000026646996309
7.2000026646996309
7.2000026646996309
7.2000026646996309
7.2000026646996309
7.2000026646996309
7.2000026646996309
7.2000026646996309
7.2000026646996309
7.2000026646996309
7.2000026646996309
7.2000026646996309
7.2000026646996309
7.2000026646996309
7.2000026646996309
7.2000026646996309
7.2000026646996309
7.2000026646996309
7.2000026646996309
7.2000026646996309
7.2000026646996309
7.2000026646996309
7.2000026646996309
7.2000026646996309
7.2000026646996309
7.2000026646996309
7.2000026646996309
7.2000026646996309
7.2000026646996309
7.2000026646996309
7.2000026646996309
7.2000026646996309
7.2000026646996309
7.2000026646996309
7.2000026646996309
7.2000018123865006


7.2000026646996309
7.2000026646996309
7.2000026646996309
7.2000026646996309
7.2000026646996309
7.2000026646996309
7.2000026646996309
7.2000026646996309
7.2000026646996309
7.2000026646996309
7.2000026646996309
7.2000026646996309
7.2000026646996309
7.2000026646996309
7.2000026646996309
7.2000026646996309
7.2000026646996309
7.2000026646996309
7.2000026646996309
7.2000026646996309
7.2000026646996309
7.2000026646996309
7.2000026646996309
7.2000026646996309
7.2000026646996309
7.2000026646996309
7.2000026646996309
7.2000026646996309
7.2000026646996309
7.2000026646996309
7.2000026646996309
7.2000026646996309
7.2000026646996309
7.2000026646996309
7.2000026646996309
7.2000026646996309
7.2000026646996309
7.2000026646996309
7.2000026646996309
7.2000018123865006


7.2000026646996309
7.2000026646996309
7.2000026646996309
7.2000026646996309
7.2000026646996309
7.2000026646996309
7.2000026646996309
7.2000026646996309
7.2000026646996309
7.2000026646996309
7.2000026646996309
7.2000026646996309
7.2000026646996309
7.2000026646996309
7.2000026646996309
7.2000026646996309
7.2000026646996309
7.2000026646996309
7.2000026646996309
7.2000026646996309
7.2000026646996309
7.2000026646996309
7.2000026646996309
7.2000026646996309
7.2000026646996309
7.2000026646996309
7.2000026646996309
7.2000026646996309
7.2000026646996309
7.2000026646996309
7.2000026646996309
7.2000026646996309
7.2000026646996309
7.2000026646996309
7.2000026646996309
7.2000026646996309
7.2000026646996309
7.2000026646996309
7.2000026646996309
7.2000018123865006


7.2000026646996309
7.2000026646996309
7.2000026646996309
7.2000026646996309
7.2000026646996309
7.2000026646996309
7.2000026646996309
7.2000026646996309
7.2000026646996309
7.2000026646996309
7.2000026646996309
7.2000026646996309
7.2000026646996309
7.2000026646996309
7.2000026646996309
7.2000026646996309
7.2000026646996309
7.2000026646996309
7.2000026646996309
7.2000026646996309
7.2000026646996309
7.2000026646996309
7.2000026646996309
7.2000026646996309
7.2000026646996309
7.2000026646996309
7.2000026646996309
7.2000026646996309
7.2000026646996309
7.2000026646996309
7.2000026646996309
7.2000026646996309
7.2000026646996309
7.2000026646996309
7.2000026646996309
7.2000026646996309
7.2000026646996309
7.2000026646996309
7.2000026646996309
7.2000018123865006


7.2000026646996309
7.2000026646996309
7.2000026646996309
7.2000026646996309
7.2000026646996309
7.2000026646996309
7.2000026646996309
7.2000026646996309
7.2000026646996309
7.2000026646996309
7.2000026646996309
7.2000026646996309
7.2000026646996309
7.2000026646996309
7.2000026646996309
7.2000026646996309
7.2000026646996309
7.2000026646996309
7.2000026646996309
7.2000026646996309
7.2000026646996309
7.2000026646996309
7.2000026646996309
7.2000026646996309
7.2000026646996309
7.2000026646996309
7.2000026646996309
7.2000026646996309
7.2000026646996309
7.2000026646996309
7.2000026646996309
7.2000026646996309
7.2000026646996309
7.2000026646996309
7.2000026646996309
7.2000026646996309
7.2000026646996309
7.2000026646996309
7.2000026646996309
7.2000018123865006


7.2000026646996309
7.2000026646996309
7.2000026646996309
7.2000026646996309
7.2000026646996309
7.2000026646996309
7.2000026646996309
7.2000026646996309
7.2000026646996309
7.2000026646996309
7.2000026646996309
7.2000026646996309
7.2000026646996309
7.2000026646996309
7.2000026646996309
7.2000026646996309
7.2000026646996309
7.2000026646996309
7.2000026646996309
7.2000026646996309
7.2000026646996309
7.2000026646996309
7.2000026646996309
7.2000026646996309
7.2000026646996309
7.2000026646996309
7.2000026646996309
7.2000026646996309
7.2000026646996309
7.2000026646996309
7.2000026646996309
7.2000026646996309
7.2000026646996309
7.2000026646996309
7.2000026646996309
7.2000026646996309
7.2000026646996309
7.2000026646996309
7.2000026646996309
7.2000018123865006


7.2000026646996309
7.2000026646996309
7.2000026646996309
7.2000026646996309
7.2000026646996309
7.2000026646996309
7.2000026646996309
7.2000026646996309
7.2000026646996309
7.2000026646996309
7.2000026646996309
7.2000026646996309
7.2000026646996309
7.2000026646996309
7.2000026646996309
7.2000026646996309
7.2000026646996309
7.2000026646996309
7.2000026646996309
7.2000026646996309
7.2000026646996309
7.2000026646996309
7.2000026646996309
7.2000026646996309
7.2000026646996309
7.2000026646996309
7.2000026646996309
7.2000026646996309
7.2000026646996309
7.2000026646996309
7.2000026646996309
7.2000026646996309
7.2000026646996309
7.2000026646996309
7.2000026646996309
7.2000026646996309
7.2000026646996309
7.2000026646996309
7.2000026646996309
7.2000018123865006


7.2000026646996309
7.2000026646996309
7.2000026646996309
7.2000026646996309
7.2000026646996309
7.2000026646996309
7.2000026646996309
7.2000026646996309
7.2000026646996309
7.2000026646996309
7.2000026646996309
7.2000026646996309
7.2000026646996309
7.2000026646996309
7.2000026646996309
7.2000026646996309
7.2000026646996309
7.2000026646996309
7.2000026646996309
7.2000026646996309
7.2000026646996309
7.2000026646996309
7.2000026646996309
7.2000026646996309
7.2000026646996309
7.2000026646996309
7.2000026646996309
7.2000026646996309
7.2000026646996309
7.2000026646996309
7.2000026646996309
7.2000026646996309
7.2000026646996309
7.2000026646996309
7.2000026646996309
7.2000026646996309
7.2000026646996309
7.2000026646996309
7.2000026646996309
7.2000018123865006


7.2000026646996309
7.2000026646996309
7.2000026646996309
7.2000026646996309
7.2000026646996309
7.2000026646996309
7.2000026646996309
7.2000026646996309
7.2000026646996309
7.2000026646996309
7.2000026646996309
7.2000026646996309
7.2000026646996309
7.2000026646996309
7.2000026646996309
7.2000026646996309
7.2000026646996309
7.2000026646996309
7.2000026646996309
7.2000026646996309
7.2000026646996309
7.2000026646996309
7.2000026646996309
7.2000026646996309
7.2000026646996309
7.2000026646996309
7.2000026646996309
7.2000026646996309
7.2000026646996309
7.2000026646996309
7.2000026646996309
7.2000026646996309
7.2000026646996309
7.2000026646996309
7.2000026646996309
7.2000026646996309
7.2000026646996309
7.2000026646996309
7.2000026646996309
7.2000018123865006


7.2000026646996309
7.2000026646996309
7.2000026646996309
7.2000026646996309
7.2000026646996309
7.2000026646996309
7.2000026646996309
7.2000026646996309
7.2000026646996309
7.2000026646996309
7.2000026646996309
7.2000026646996309
7.2000026646996309
7.2000026646996309
7.2000026646996309
7.2000026646996309
7.2000026646996309
7.2000026646996309
7.2000026646996309
7.2000026646996309
7.2000026646996309
7.2000026646996309
7.2000026646996309
7.2000026646996309
7.2000026646996309
7.2000026646996309
7.2000026646996309
7.2000026646996309
7.2000026646996309
7.2000026646996309
7.2000026646996309
7.2000026646996309
7.2000026646996309
7.2000026646996309
7.2000026646996309
7.2000026646996309
7.2000026646996309
7.2000026646996309
7.2000026646996309
7.2000018123865006


7.2000026646996309
7.2000026646996309
7.2000026646996309
7.2000026646996309
7.2000026646996309
7.2000026646996309
7.2000026646996309
7.2000026646996309
7.2000026646996309
7.2000026646996309
7.2000026646996309
7.2000026646996309
7.2000026646996309
7.2000026646996309
7.2000026646996309
7.2000026646996309
7.2000026646996309
7.2000026646996309
7.2000026646996309
7.2000026646996309
7.2000026646996309
7.2000026646996309
7.2000026646996309
7.2000026646996309
7.2000026646996309
7.2000026646996309
7.2000026646996309
7.2000026646996309
7.2000026646996309
7.2000026646996309
7.2000026646996309
7.2000026646996309
7.2000026646996309
7.2000026646996309
7.2000026646996309
7.2000026646996309
7.2000026646996309
7.2000026646996309
7.2000026646996309
7.2000018123865006


7.2000026646996309
7.2000026646996309
7.2000026646996309
7.2000026646996309
7.2000026646996309
7.2000026646996309
7.2000026646996309
7.2000026646996309
7.2000026646996309
7.2000026646996309
7.2000026646996309
7.2000026646996309
7.2000026646996309
7.2000026646996309
7.2000026646996309
7.2000026646996309
7.2000026646996309
7.2000026646996309
7.2000026646996309
7.2000026646996309
7.2000026646996309
7.2000026646996309
7.2000026646996309
7.2000026646996309
7.2000026646996309
7.2000026646996309
7.2000026646996309
7.2000026646996309
7.2000026646996309
7.2000026646996309
7.2000026646996309
7.2000026646996309
7.2000026646996309
7.2000026646996309
7.2000026646996309
7.2000026646996309
7.2000026646996309
7.2000026646996309
7.2000026646996309
7.2000018123865006


7.2000026646996309
7.2000026646996309
7.2000026646996309
7.2000026646996309
7.2000026646996309
7.2000026646996309
7.2000026646996309
7.2000026646996309
7.2000026646996309
7.2000026646996309
7.2000026646996309
7.2000026646996309
7.2000026646996309
7.2000026646996309
7.2000026646996309
7.2000026646996309
7.2000026646996309
7.2000026646996309
7.2000026646996309
7.2000026646996309
7.2000026646996309
7.2000026646996309
7.2000026646996309
7.2000026646996309
7.2000026646996309
7.2000026646996309
7.2000026646996309
7.2000026646996309
7.2000026646996309
7.2000026646996309
7.2000026646996309
7.2000026646996309
7.2000026646996309
7.2000026646996309
7.2000026646996309
7.2000026646996309
7.2000026646996309
7.2000026646996309
7.2000026646996309
7.2000018123865006


7.2000026646996309
7.2000026646996309
7.2000026646996309
7.2000026646996309
7.2000026646996309
7.2000026646996309
7.2000026646996309
7.2000026646996309
7.2000026646996309
7.2000026646996309
7.2000026646996309
7.2000026646996309
7.2000026646996309
7.2000026646996309
7.2000026646996309
7.2000026646996309
7.2000026646996309
7.2000026646996309
7.2000026646996309
7.2000026646996309
7.2000026646996309
7.2000026646996309
7.2000026646996309
7.2000026646996309
7.2000026646996309
7.2000026646996309
7.2000026646996309
7.2000026646996309
7.2000026646996309
7.2000026646996309
7.2000026646996309
7.2000026646996309
7.2000026646996309
7.2000026646996309
7.2000026646996309
7.2000026646996309
7.2000026646996309
7.2000026646996309
7.2000026646996309
7.2000018123865006


7.2000026646996309
7.2000026646996309
7.2000026646996309
7.2000026646996309
7.2000026646996309
7.2000026646996309
7.2000026646996309
7.2000026646996309
7.2000026646996309
7.2000026646996309
7.2000026646996309
7.2000026646996309
7.2000026646996309
7.2000026646996309
7.2000026646996309
7.2000026646996309
7.2000026646996309
7.2000026646996309
7.2000026646996309
7.2000026646996309
7.2000026646996309
7.2000026646996309
7.2000026646996309
7.2000026646996309
7.2000026646996309
7.2000026646996309
7.2000026646996309
7.2000026646996309
7.2000026646996309
7.2000026646996309
7.2000026646996309
7.2000026646996309
7.2000026646996309
7.2000026646996309
7.2000026646996309
7.2000026646996309
7.2000026646996309
7.2000026646996309
7.2000026646996309
7.2000018123865006


7.2000026646996309
7.2000026646996309
7.2000026646996309
7.2000026646996309
7.2000026646996309
7.2000026646996309
7.2000026646996309
7.2000026646996309
7.2000026646996309
7.2000026646996309
7.2000026646996309
7.2000026646996309
7.2000026646996309
7.2000026646996309
7.2000026646996309
7.2000026646996309
7.2000026646996309
7.2000026646996309
7.2000026646996309
7.2000026646996309
7.2000026646996309
7.2000026646996309
7.2000026646996309
7.2000026646996309
7.2000026646996309
7.2000026646996309
7.2000026646996309
7.2000026646996309
7.2000026646996309
7.2000026646996309
7.2000026646996309
7.2000026646996309
7.2000026646996309
7.2000026646996309
7.2000026646996309
7.2000026646996309
7.2000026646996309
7.2000026646996309
7.2000026646996309
7.2000018123865006


7.2000026646996309
7.2000026646996309
7.2000026646996309
7.2000026646996309
7.2000026646996309
7.2000026646996309
7.2000026646996309
7.2000026646996309
7.2000026646996309
7.2000026646996309
7.2000026646996309
7.2000026646996309
7.2000026646996309
7.2000026646996309
7.2000026646996309
7.2000026646996309
7.2000026646996309
7.2000026646996309
7.2000026646996309
7.2000026646996309
7.2000026646996309
7.2000026646996309
7.2000026646996309
7.2000026646996309
7.2000026646996309
7.2000026646996309
7.2000026646996309
7.2000026646996309
7.2000026646996309
7.2000026646996309
7.2000026646996309
7.2000026646996309
7.2000026646996309
7.2000026646996309
7.2000026646996309
7.2000026646996309
7.2000026646996309
7.2000026646996309
7.2000026646996309
7.2000018123865006


7.2000026646996309
7.2000026646996309
7.2000026646996309
7.2000026646996309
7.2000026646996309
7.2000026646996309
7.2000026646996309
7.2000026646996309
7.2000026646996309
7.2000026646996309
7.2000026646996309
7.2000026646996309
7.2000026646996309
7.2000026646996309
7.2000026646996309
7.2000026646996309
7.2000026646996309
7.2000026646996309
7.2000026646996309
7.2000026646996309
7.2000026646996309
7.2000026646996309
7.2000026646996309
7.2000026646996309
7.2000026646996309
7.2000026646996309
7.2000026646996309
7.2000026646996309
7.2000026646996309
7.2000026646996309
7.2000026646996309
7.2000026646996309
7.2000026646996309
7.2000026646996309
7.2000026646996309
7.2000026646996309
7.2000026646996309
7.2000026646996309
7.2000026646996309
7.2000018123865006


7.2000026646996309
7.2000026646996309
7.2000026646996309
7.2000026646996309
7.2000026646996309
7.2000026646996309
7.2000026646996309
7.2000026646996309
7.2000026646996309
7.2000026646996309
7.2000026646996309
7.2000026646996309
7.2000026646996309
7.2000026646996309
7.2000026646996309
7.2000026646996309
7.2000026646996309
7.2000026646996309
7.2000026646996309
7.2000026646996309
7.2000026646996309
7.2000026646996309
7.2000026646996309
7.2000026646996309
7.2000026646996309
7.2000026646996309
7.2000026646996309
7.2000026646996309
7.2000026646996309
7.2000026646996309
7.2000026646996309
7.2000026646996309
7.2000026646996309
7.2000026646996309
7.2000026646996309
7.2000026646996309
7.2000026646996309
7.2000026646996309
7.2000026646996309
7.2000018123865006


7.2000026646996309
7.2000026646996309
7.2000026646996309
7.2000026646996309
7.2000026646996309
7.2000026646996309
7.2000026646996309
7.2000026646996309
7.2000026646996309
7.2000026646996309
7.2000026646996309
7.2000026646996309
7.2000026646996309
7.2000026646996309
7.2000026646996309
7.2000026646996309
7.2000026646996309
7.2000026646996309
7.2000026646996309
7.2000026646996309
7.2000026646996309
7.2000026646996309
7.2000026646996309
7.2000026646996309
7.2000026646996309
7.2000026646996309
7.2000026646996309
7.2000026646996309
7.2000026646996309
7.2000026646996309
7.2000026646996309
7.2000026646996309
7.2000026646996309
7.2000026646996309
7.2000026646996309
7.2000026646996309
7.2000026646996309
7.2000026646996309
7.2000026646996309
7.2000018123865006


7.2000026646996309
7.2000026646996309
7.2000026646996309
7.2000026646996309
7.2000026646996309
7.2000026646996309
7.2000026646996309
7.2000026646996309
7.2000026646996309
7.2000026646996309
7.2000026646996309
7.2000026646996309
7.2000026646996309
7.2000026646996309
7.2000026646996309
7.2000026646996309
7.2000026646996309
7.2000026646996309
7.2000026646996309
7.2000026646996309
7.2000026646996309
7.2000026646996309
7.2000026646996309
7.2000026646996309
7.2000026646996309
7.2000026646996309
7.2000026646996309
7.2000026646996309
7.2000026646996309
7.2000026646996309
7.2000026646996309
7.2000026646996309
7.2000026646996309
7.2000026646996309
7.2000026646996309
7.2000026646996309
7.2000026646996309
7.2000026646996309
7.2000026646996309
7.2000018123865006


7.2000026646996309
7.2000026646996309
7.2000026646996309
7.2000026646996309
7.2000026646996309
7.2000026646996309
7.2000026646996309
7.2000026646996309
7.2000026646996309
7.2000026646996309
7.2000026646996309
7.2000026646996309
7.2000026646996309
7.2000026646996309
7.2000026646996309
7.2000026646996309
7.2000026646996309
7.2000026646996309
7.2000026646996309
7.2000026646996309
7.2000026646996309
7.2000026646996309
7.2000026646996309
7.2000026646996309
7.2000026646996309
7.2000026646996309
7.2000026646996309
7.2000026646996309
7.2000026646996309
7.2000026646996309
7.2000026646996309
7.2000026646996309
7.2000026646996309
7.2000026646996309
7.2000026646996309
7.2000026646996309
7.2000026646996309
7.2000026646996309
7.2000026646996309
7.2000018123865006


7.2000026646996309
7.2000026646996309
7.2000026646996309
7.2000026646996309
7.2000026646996309
7.2000026646996309
7.2000026646996309
7.2000026646996309
7.2000026646996309
7.2000026646996309
7.2000026646996309
7.2000026646996309
7.2000026646996309
7.2000026646996309
7.2000026646996309
7.2000026646996309
7.2000026646996309
7.2000026646996309
7.2000026646996309
7.2000026646996309
7.2000026646996309
7.2000026646996309
7.2000026646996309
7.2000026646996309
7.2000026646996309
7.2000026646996309
7.2000026646996309
7.2000026646996309
7.2000026646996309
7.2000026646996309
7.2000026646996309
7.2000026646996309
7.2000026646996309
7.2000026646996309
7.2000026646996309
7.2000026646996309
7.2000026646996309
7.2000026646996309
7.2000026646996309
7.2000018123865006


7.2000026646996309
7.2000026646996309
7.2000026646996309
7.2000026646996309
7.2000026646996309
7.2000026646996309
7.2000026646996309
7.2000026646996309
7.2000026646996309
7.2000026646996309
7.2000026646996309
7.2000026646996309
7.2000026646996309
7.2000026646996309
7.2000026646996309
7.2000026646996309
7.2000026646996309
7.2000026646996309
7.2000026646996309
7.2000026646996309
7.2000026646996309
7.2000026646996309
7.2000026646996309
7.2000026646996309
7.2000026646996309
7.2000026646996309
7.2000026646996309
7.2000026646996309
7.2000026646996309
7.2000026646996309
7.2000026646996309
7.2000026646996309
7.2000026646996309
7.2000026646996309
7.2000026646996309
7.2000026646996309
7.2000026646996309
7.2000026646996309
7.2000026646996309
7.2000018123865006


7.2000026646996309
7.2000026646996309
7.2000026646996309
7.2000026646996309
7.2000026646996309
7.2000026646996309
7.2000026646996309
7.2000026646996309
7.2000026646996309
7.2000026646996309
7.2000026646996309
7.2000026646996309
7.2000026646996309
7.2000026646996309
7.2000026646996309
7.2000026646996309
7.2000026646996309
7.2000026646996309
7.2000026646996309
7.2000026646996309
7.2000026646996309
7.2000026646996309
7.2000026646996309
7.2000026646996309
7.2000026646996309
7.2000026646996309
7.2000026646996309
7.2000026646996309
7.2000026646996309
7.2000026646996309
7.2000026646996309
7.2000026646996309
7.2000026646996309
7.2000026646996309
7.2000026646996309
7.2000026646996309
7.2000026646996309
7.2000026646996309
7.2000026646996309
7.2000018123865006


7.2000026646996309
7.2000026646996309
7.2000026646996309
7.2000026646996309
7.2000026646996309
7.2000026646996309
7.2000026646996309
7.2000026646996309
7.2000026646996309
7.2000026646996309
7.2000026646996309
7.2000026646996309
7.2000026646996309
7.2000026646996309
7.2000026646996309
7.2000026646996309
7.2000026646996309
7.2000026646996309
7.2000026646996309
7.2000026646996309
7.2000026646996309
7.2000026646996309
7.2000026646996309
7.2000026646996309
7.2000026646996309
7.2000026646996309
7.2000026646996309
7.2000026646996309
7.2000026646996309
7.2000026646996309
7.2000026646996309
7.2000026646996309
7.2000026646996309
7.2000026646996309
7.2000026646996309
7.2000026646996309
7.2000026646996309
7.2000026646996309
7.2000026646996309
7.2000018123865006


7.2000026646996309
7.2000026646996309
7.2000026646996309
7.2000026646996309
7.2000026646996309
7.2000026646996309
7.2000026646996309
7.2000026646996309
7.2000026646996309
7.2000026646996309
7.2000026646996309
7.2000026646996309
7.2000026646996309
7.2000026646996309
7.2000026646996309
7.2000026646996309
7.2000026646996309
7.2000026646996309
7.2000026646996309
7.2000026646996309
7.2000026646996309
7.2000026646996309
7.2000026646996309
7.2000026646996309
7.2000026646996309
7.2000026646996309
7.2000026646996309
7.2000026646996309
7.2000026646996309
7.2000026646996309
7.2000026646996309
7.2000026646996309
7.2000026646996309
7.2000026646996309
7.2000026646996309
7.2000026646996309
7.2000026646996309
7.2000026646996309
7.2000026646996309
7.2000018123865006


7.2000026646996309
7.2000026646996309
7.2000026646996309
7.2000026646996309
7.2000026646996309
7.2000026646996309
7.2000026646996309
7.2000026646996309
7.2000026646996309
7.2000026646996309
7.2000026646996309
7.2000026646996309
7.2000026646996309
7.2000026646996309
7.2000026646996309
7.2000026646996309
7.2000026646996309
7.2000026646996309
7.2000026646996309
7.2000026646996309
7.2000026646996309
7.2000026646996309
7.2000026646996309
7.2000026646996309
7.2000026646996309
7.2000026646996309
7.2000026646996309
7.2000026646996309
7.2000026646996309
7.2000026646996309
7.2000026646996309
7.2000026646996309
7.2000026646996309
7.2000026646996309
7.2000026646996309
7.2000026646996309
7.2000026646996309
7.2000026646996309
7.2000026646996309
7.2000018123865006


7.2000026646996309
7.2000026646996309
7.2000026646996309
7.2000026646996309
7.2000026646996309
7.2000026646996309
7.2000026646996309
7.2000026646996309
7.2000026646996309
7.2000026646996309
7.2000026646996309
7.2000026646996309
7.2000026646996309
7.2000026646996309
7.2000026646996309
7.2000026646996309
7.2000026646996309
7.2000026646996309
7.2000026646996309
7.2000026646996309
7.2000026646996309
7.2000026646996309
7.2000026646996309
7.2000026646996309
7.2000026646996309
7.2000026646996309
7.2000026646996309
7.2000026646996309
7.2000026646996309
7.2000026646996309
7.2000026646996309
7.2000026646996309
7.2000026646996309
7.2000026646996309
7.2000026646996309
7.2000026646996309
7.2000026646996309
7.2000026646996309
7.2000026646996309
7.2000018123865006


7.2000026646996309
7.2000026646996309
7.2000026646996309
7.2000026646996309
7.2000026646996309
7.2000026646996309
7.2000026646996309
7.2000026646996309
7.2000026646996309
7.2000026646996309
7.2000026646996309
7.2000026646996309
7.2000026646996309
7.2000026646996309
7.2000026646996309
7.2000026646996309
7.2000026646996309
7.2000026646996309
7.2000026646996309
7.2000026646996309
7.2000026646996309
7.2000026646996309
7.2000026646996309
7.2000026646996309
7.2000026646996309
7.2000026646996309
7.2000026646996309
7.2000026646996309
7.2000026646996309
7.2000026646996309
7.2000026646996309
7.2000026646996309
7.2000026646996309
7.2000026646996309
7.2000026646996309
7.2000026646996309
7.2000026646996309
7.2000026646996309
7.2000026646996309
7.2000018123865006


7.2000026646996309
7.2000026646996309
7.2000026646996309
7.2000026646996309
7.2000026646996309
7.2000026646996309
7.2000026646996309
7.2000026646996309
7.2000026646996309
7.2000026646996309
7.2000026646996309
7.2000026646996309
7.2000026646996309
7.2000026646996309
7.2000026646996309
7.2000026646996309
7.2000026646996309
7.2000026646996309
7.2000026646996309
7.2000026646996309
7.2000026646996309
7.2000026646996309
7.2000026646996309
7.2000026646996309
7.2000026646996309
7.2000026646996309
7.2000026646996309
7.2000026646996309
7.2000026646996309
7.2000026646996309
7.2000026646996309
7.2000026646996309
7.2000026646996309
7.2000026646996309
7.2000026646996309
7.2000026646996309
7.2000026646996309
7.2000026646996309
7.2000026646996309
7.2000018123865006


7.2000026646996309
7.2000026646996309
7.2000026646996309
7.2000026646996309
7.2000026646996309
7.2000026646996309
7.2000026646996309
7.2000026646996309
7.2000026646996309
7.2000026646996309
7.2000026646996309
7.2000026646996309
7.2000026646996309
7.2000026646996309
7.2000026646996309
7.2000026646996309
7.2000026646996309
7.2000026646996309
7.2000026646996309
7.2000026646996309
7.2000026646996309
7.2000026646996309
7.2000026646996309
7.2000026646996309
7.2000026646996309
7.2000026646996309
7.2000026646996309
7.2000026646996309
7.2000026646996309
7.2000026646996309
7.2000026646996309
7.2000026646996309
7.2000026646996309
7.2000026646996309
7.2000026646996309
7.2000026646996309
7.2000026646996309
7.2000026646996309
7.2000026646996309
7.2000018123865006


7.2000026646996309
7.2000026646996309
7.2000026646996309
7.2000026646996309
7.2000026646996309
7.2000026646996309
7.2000026646996309
7.2000026646996309
7.2000026646996309
7.2000026646996309
7.2000026646996309
7.2000026646996309
7.2000026646996309
7.2000026646996309
7.2000026646996309
7.2000026646996309
7.2000026646996309
7.2000026646996309
7.2000026646996309
7.2000026646996309
7.2000026646996309
7.2000026646996309
7.2000026646996309
7.2000026646996309
7.2000026646996309
7.2000026646996309
7.2000026646996309
7.2000026646996309
7.2000026646996309
7.2000026646996309
7.2000026646996309
7.2000026646996309
7.2000026646996309
7.2000026646996309
7.2000026646996309
7.2000026646996309
7.2000026646996309
7.2000026646996309
7.2000026646996309
7.2000018123865006


7.2000026646996309
7.2000026646996309
7.2000026646996309
7.2000026646996309
7.2000026646996309
7.2000026646996309
7.2000026646996309
7.2000026646996309
7.2000026646996309
7.2000026646996309
7.2000026646996309
7.2000026646996309
7.2000026646996309
7.2000026646996309
7.2000026646996309
7.2000026646996309
7.2000026646996309
7.2000026646996309
7.2000026646996309
7.2000026646996309
7.2000026646996309
7.2000026646996309
7.2000026646996309
7.2000026646996309
7.2000026646996309
7.2000026646996309
7.2000026646996309
7.2000026646996309
7.2000026646996309
7.2000026646996309
7.2000026646996309
7.2000026646996309
7.2000026646996309
7.2000026646996309
7.2000026646996309
7.2000026646996309
7.2000026646996309
7.2000026646996309
7.2000026646996309
7.2000018123865006


7.2000026646996309
7.2000026646996309
7.2000026646996309
7.2000026646996309
7.2000026646996309
7.2000026646996309
7.2000026646996309
7.2000026646996309
7.2000026646996309
7.2000026646996309
7.2000026646996309
7.2000026646996309
7.2000026646996309
7.2000026646996309
7.2000026646996309
7.2000026646996309
7.2000026646996309
7.2000026646996309
7.2000026646996309
7.2000026646996309
7.2000026646996309
7.2000026646996309
7.2000026646996309
7.2000026646996309
7.2000026646996309
7.2000026646996309
7.2000026646996309
7.2000026646996309
7.2000026646996309
7.2000026646996309
7.2000026646996309
7.2000026646996309
7.2000026646996309
7.2000026646996309
7.2000026646996309
7.2000026646996309
7.2000026646996309
7.2000026646996309
7.2000026646996309
7.2000018123865006


7.2000026646996309
7.2000026646996309
7.2000026646996309
7.2000026646996309
7.2000026646996309
7.2000026646996309
7.2000026646996309
7.2000026646996309
7.2000026646996309
7.2000026646996309
7.2000026646996309
7.2000026646996309
7.2000026646996309
7.2000026646996309
7.2000026646996309
7.2000026646996309
7.2000026646996309
7.2000026646996309
7.2000026646996309
7.2000026646996309
7.2000026646996309
7.2000026646996309
7.2000026646996309
7.2000026646996309
7.2000026646996309
7.2000026646996309
7.2000026646996309
7.2000026646996309
7.2000026646996309
7.2000026646996309
7.2000026646996309
7.2000026646996309
7.2000026646996309
7.2000026646996309
7.2000026646996309
7.2000026646996309
7.2000026646996309
7.2000026646996309
7.2000026646996309
7.2000018123865006


7.2000026646996309
7.2000026646996309
7.2000026646996309
7.2000026646996309
7.2000026646996309
7.2000026646996309
7.2000026646996309
7.2000026646996309
7.2000026646996309
7.2000026646996309
7.2000026646996309
7.2000026646996309
7.2000026646996309
7.2000026646996309
7.2000026646996309
7.2000026646996309
7.2000026646996309
7.2000026646996309
7.2000026646996309
7.2000026646996309
7.2000026646996309
7.2000026646996309
7.2000026646996309
7.2000026646996309
7.2000026646996309
7.2000026646996309
7.2000026646996309
7.2000026646996309
7.2000026646996309
7.2000026646996309
7.2000026646996309
7.2000026646996309
7.2000026646996309
7.2000026646996309
7.2000026646996309
7.2000026646996309
7.2000026646996309
7.2000026646996309
7.2000026646996309
7.2000018123865006


7.2000026646996309
7.2000026646996309
7.2000026646996309
7.2000026646996309
7.2000026646996309
7.2000026646996309
7.2000026646996309
7.2000026646996309
7.2000026646996309
7.2000026646996309
7.2000026646996309
7.2000026646996309
7.2000026646996309
7.2000026646996309
7.2000026646996309
7.2000026646996309
7.2000026646996309
7.2000026646996309
7.2000026646996309
7.2000026646996309
7.2000026646996309
7.2000026646996309
7.2000026646996309
7.2000026646996309
7.2000026646996309
7.2000026646996309
7.2000026646996309
7.2000026646996309
7.2000026646996309
7.2000026646996309
7.2000026646996309
7.2000026646996309
7.2000026646996309
7.2000026646996309
7.2000026646996309
7.2000026646996309
7.2000026646996309
7.2000026646996309
7.2000026646996309
7.2000018123865006


7.2000026646996309
7.2000026646996309
7.2000026646996309
7.2000026646996309
7.2000026646996309
7.2000026646996309
7.2000026646996309
7.2000026646996309
7.2000026646996309
7.2000026646996309
7.2000026646996309
7.2000026646996309
7.2000026646996309
7.2000026646996309
7.2000026646996309
7.2000026646996309
7.2000026646996309
7.2000026646996309
7.2000026646996309
7.2000026646996309
7.2000026646996309
7.2000026646996309
7.2000026646996309
7.2000026646996309
7.2000026646996309
7.2000026646996309
7.2000026646996309
7.2000026646996309
7.2000026646996309
7.2000026646996309
7.2000026646996309
7.2000026646996309
7.2000026646996309
7.2000026646996309
7.2000026646996309
7.2000026646996309
7.2000026646996309
7.2000026646996309
7.2000026646996309
7.2000018123865006


7.2000026646996309
7.2000026646996309
7.2000026646996309
7.2000026646996309
7.2000026646996309
7.2000026646996309
7.2000026646996309
7.2000026646996309
7.2000026646996309
7.2000026646996309
7.2000026646996309
7.2000026646996309
7.2000026646996309
7.2000026646996309
7.2000026646996309
7.2000026646996309
7.2000026646996309
7.2000026646996309
7.2000026646996309
7.2000026646996309
7.2000026646996309
7.2000026646996309
7.2000026646996309
7.2000026646996309
7.2000026646996309
7.2000026646996309
7.2000026646996309
7.2000026646996309
7.2000026646996309
7.2000026646996309
7.2000026646996309
7.2000026646996309
7.2000026646996309
7.2000026646996309
7.2000026646996309
7.2000026646996309
7.2000026646996309
7.2000026646996309
7.2000026646996309
7.2000018123865006


7.2000026646996309
7.2000026646996309
7.2000026646996309
7.2000026646996309
7.2000026646996309
7.2000026646996309
7.2000026646996309
7.2000026646996309
7.2000026646996309
7.2000026646996309
7.2000026646996309
7.2000026646996309
7.2000026646996309
7.2000026646996309
7.2000026646996309
7.2000026646996309
7.2000026646996309
7.2000026646996309
7.2000026646996309
7.2000026646996309
7.2000026646996309
7.2000026646996309
7.2000026646996309
7.2000026646996309
7.2000026646996309
7.2000026646996309
7.2000026646996309
7.2000026646996309
7.2000026646996309
7.2000026646996309
7.2000026646996309
7.2000026646996309
7.2000026646996309
7.2000026646996309
7.2000026646996309
7.2000026646996309
7.2000026646996309
7.2000026646996309
7.2000026646996309
7.2000018123865006


7.2000026646996309
7.2000026646996309
7.2000026646996309
7.2000026646996309
7.2000026646996309
7.2000026646996309
7.2000026646996309
7.2000026646996309
7.2000026646996309
7.2000026646996309
7.2000026646996309
7.2000026646996309
7.2000026646996309
7.2000026646996309
7.2000026646996309
7.2000026646996309
7.2000026646996309
7.2000026646996309
7.2000026646996309
7.2000026646996309
7.2000026646996309
7.2000026646996309
7.2000026646996309
7.2000026646996309
7.2000026646996309
7.2000026646996309
7.2000026646996309
7.2000026646996309
7.2000026646996309
7.2000026646996309
7.2000026646996309
7.2000026646996309
7.2000026646996309
7.2000026646996309
7.2000026646996309
7.2000026646996309
7.2000026646996309
7.2000026646996309
7.2000026646996309
7.2000018123865006


7.2000026646996309
7.2000026646996309
7.2000026646996309
7.2000026646996309
7.2000026646996309
7.2000026646996309
7.2000026646996309
7.2000026646996309
7.2000026646996309
7.2000026646996309
7.2000026646996309
7.2000026646996309
7.2000026646996309
7.2000026646996309
7.2000026646996309
7.2000026646996309
7.2000026646996309
7.2000026646996309
7.2000026646996309
7.2000026646996309
7.2000026646996309
7.2000026646996309
7.2000026646996309
7.2000026646996309
7.2000026646996309
7.2000026646996309
7.2000026646996309
7.2000026646996309
7.2000026646996309
7.2000026646996309
7.2000026646996309
7.2000026646996309
7.2000026646996309
7.2000026646996309
7.2000026646996309
7.2000026646996309
7.2000026646996309
7.2000026646996309
7.2000026646996309
7.2000018123865006


7.2000026646996309
7.2000026646996309
7.2000026646996309
7.2000026646996309
7.2000026646996309
7.2000026646996309
7.2000026646996309
7.2000026646996309
7.2000026646996309
7.2000026646996309
7.2000026646996309
7.2000026646996309
7.2000026646996309
7.2000026646996309
7.2000026646996309
7.2000026646996309
7.2000026646996309
7.2000026646996309
7.2000026646996309
7.2000026646996309
7.2000026646996309
7.2000026646996309
7.2000026646996309
7.2000026646996309
7.2000026646996309
7.2000026646996309
7.2000026646996309
7.2000026646996309
7.2000026646996309
7.2000026646996309
7.2000026646996309
7.2000026646996309
7.2000026646996309
7.2000026646996309
7.2000026646996309
7.2000026646996309
7.2000026646996309
7.2000026646996309
7.2000026646996309
7.2000018123865006


7.2000026646996309
7.2000026646996309
7.2000026646996309
7.2000026646996309
7.2000026646996309
7.2000026646996309
7.2000026646996309
7.2000026646996309
7.2000026646996309
7.2000026646996309
7.2000026646996309
7.2000026646996309
7.2000026646996309
7.2000026646996309
7.2000026646996309
7.2000026646996309
7.2000026646996309
7.2000026646996309
7.2000026646996309
7.2000026646996309
7.2000026646996309
7.2000026646996309
7.2000026646996309
7.2000026646996309
7.2000026646996309
7.2000026646996309
7.2000026646996309
7.2000026646996309
7.2000026646996309
7.2000026646996309
7.2000026646996309
7.2000026646996309
7.2000026646996309
7.2000026646996309
7.2000026646996309
7.2000026646996309
7.2000026646996309
7.2000026646996309
7.2000026646996309
7.2000018123865006


7.2000026646996309
7.2000026646996309
7.2000026646996309
7.2000026646996309
7.2000026646996309
7.2000026646996309
7.2000026646996309
7.2000026646996309
7.2000026646996309
7.2000026646996309
7.2000026646996309
7.2000026646996309
7.2000026646996309
7.2000026646996309
7.2000026646996309
7.2000026646996309
7.2000026646996309
7.2000026646996309
7.2000026646996309
7.2000026646996309
7.2000026646996309
7.2000026646996309
7.2000026646996309
7.2000026646996309
7.2000026646996309
7.2000026646996309
7.2000026646996309
7.2000026646996309
7.2000026646996309
7.2000026646996309
7.2000026646996309
7.2000026646996309
7.2000026646996309
7.2000026646996309
7.2000026646996309
7.2000026646996309
7.2000026646996309
7.2000026646996309
7.2000026646996309
7.2000018123865006


7.2000026646996309
7.2000026646996309
7.2000026646996309
7.2000026646996309
7.2000026646996309
7.2000026646996309
7.2000026646996309
7.2000026646996309
7.2000026646996309
7.2000026646996309
7.2000026646996309
7.2000026646996309
7.2000026646996309
7.2000026646996309
7.2000026646996309
7.2000026646996309
7.2000026646996309
7.2000026646996309
7.2000026646996309
7.2000026646996309
7.2000026646996309
7.2000026646996309
7.2000026646996309
7.2000026646996309
7.2000026646996309
7.2000026646996309
7.2000026646996309
7.2000026646996309
7.2000026646996309
7.2000026646996309
7.2000026646996309
7.2000026646996309
7.2000026646996309
7.2000026646996309
7.2000026646996309
7.2000026646996309
7.2000026646996309
7.2000026646996309
7.2000026646996309
7.2000018123865006


7.2000026646996309
7.2000026646996309
7.2000026646996309
7.2000026646996309
7.2000026646996309
7.2000026646996309
7.2000026646996309
7.2000026646996309
7.2000026646996309
7.2000026646996309
7.2000026646996309
7.2000026646996309
7.2000026646996309
7.2000026646996309
7.2000026646996309
7.2000026646996309
7.2000026646996309
7.2000026646996309
7.2000026646996309
7.2000026646996309
7.2000026646996309
7.2000026646996309
7.2000026646996309
7.2000026646996309
7.2000026646996309
7.2000026646996309
7.2000026646996309
7.2000026646996309
7.2000026646996309
7.2000026646996309
7.2000026646996309
7.2000026646996309
7.2000026646996309
7.2000026646996309
7.2000026646996309
7.2000026646996309
7.2000026646996309
7.2000026646996309
7.2000026646996309
7.2000018123865006


7.2000026646996309
7.2000026646996309
7.2000026646996309
7.2000026646996309
7.2000026646996309
7.2000026646996309
7.2000026646996309
7.2000026646996309
7.2000026646996309
7.2000026646996309
7.2000026646996309
7.2000026646996309
7.2000026646996309
7.2000026646996309
7.2000026646996309
7.2000026646996309
7.2000026646996309
7.2000026646996309
7.2000026646996309
7.2000026646996309
7.2000026646996309
7.2000026646996309
7.2000026646996309
7.2000026646996309
7.2000026646996309
7.2000026646996309
7.2000026646996309
7.2000026646996309
7.2000026646996309
7.2000026646996309
7.2000026646996309
7.2000026646996309
7.2000026646996309
7.2000026646996309
7.2000026646996309
7.2000026646996309
7.2000026646996309
7.2000026646996309
7.2000026646996309
7.2000018123865006


7.2000026646996309
7.2000026646996309
7.2000026646996309
7.2000026646996309
7.2000026646996309
7.2000026646996309
7.2000026646996309
7.2000026646996309
7.2000026646996309
7.2000026646996309
7.2000026646996309
7.2000026646996309
7.2000026646996309
7.2000026646996309
7.2000026646996309
7.2000026646996309
7.2000026646996309
7.2000026646996309
7.2000026646996309
7.2000026646996309
7.2000026646996309
7.2000026646996309
7.2000026646996309
7.2000026646996309
7.2000026646996309
7.2000026646996309
7.2000026646996309
7.2000026646996309
7.2000026646996309
7.2000026646996309
7.2000026646996309
7.2000026646996309
7.2000026646996309
7.2000026646996309
7.2000026646996309
7.2000026646996309
7.2000026646996309
7.2000026646996309
7.2000026646996309
7.2000018123865006


7.2000026646996309
7.2000026646996309
7.2000026646996309
7.2000026646996309
7.2000026646996309
7.2000026646996309
7.2000026646996309
7.2000026646996309
7.2000026646996309
7.2000026646996309
7.2000026646996309
7.2000026646996309
7.2000026646996309
7.2000026646996309
7.2000026646996309
7.2000026646996309
7.2000026646996309
7.2000026646996309
7.2000026646996309
7.2000026646996309
7.2000026646996309
7.2000026646996309
7.2000026646996309
7.2000026646996309
7.2000026646996309
7.2000026646996309
7.2000026646996309
7.2000026646996309
7.2000026646996309
7.2000026646996309
7.2000026646996309
7.2000026646996309
7.2000026646996309
7.2000026646996309
7.2000026646996309
7.2000026646996309
7.2000026646996309
7.2000026646996309
7.2000026646996309
7.2000018123865006


7.2000026646996309
7.2000026646996309
7.2000026646996309
7.2000026646996309
7.2000026646996309
7.2000026646996309
7.2000026646996309
7.2000026646996309
7.2000026646996309
7.2000026646996309
7.2000026646996309
7.2000026646996309
7.2000026646996309
7.2000026646996309
7.2000026646996309
7.2000026646996309
7.2000026646996309
7.2000026646996309
7.2000026646996309
7.2000026646996309
7.2000026646996309
7.2000026646996309
7.2000026646996309
7.2000026646996309
7.2000026646996309
7.2000026646996309
7.2000026646996309
7.2000026646996309
7.2000026646996309
7.2000026646996309
7.2000026646996309
7.2000026646996309
7.2000026646996309
7.2000026646996309
7.2000026646996309
7.2000026646996309
7.2000026646996309
7.2000026646996309
7.2000026646996309
7.2000018123865006


7.2000026646996309
7.2000026646996309
7.2000026646996309
7.2000026646996309
7.2000026646996309
7.2000026646996309
7.2000026646996309
7.2000026646996309
7.2000026646996309
7.2000026646996309
7.2000026646996309
7.2000026646996309
7.2000026646996309
7.2000026646996309
7.2000026646996309
7.2000026646996309
7.2000026646996309
7.2000026646996309
7.2000026646996309
7.2000026646996309
7.2000026646996309
7.2000026646996309
7.2000026646996309
7.2000026646996309
7.2000026646996309
7.2000026646996309
7.2000026646996309
7.2000026646996309
7.2000026646996309
7.2000026646996309
7.2000026646996309
7.2000026646996309
7.2000026646996309
7.2000026646996309
7.2000026646996309
7.2000026646996309
7.2000026646996309
7.2000026646996309
7.2000026646996309
7.2000018123865006


7.2000026646996309
7.2000026646996309
7.2000026646996309
7.2000026646996309
7.2000026646996309
7.2000026646996309
7.2000026646996309
7.2000026646996309
7.2000026646996309
7.2000026646996309
7.2000026646996309
7.2000026646996309
7.2000026646996309
7.2000026646996309
7.2000026646996309
7.2000026646996309
7.2000026646996309
7.2000026646996309
7.2000026646996309
7.2000026646996309
7.2000026646996309
7.2000026646996309
7.2000026646996309
7.2000026646996309
7.2000026646996309
7.2000026646996309
7.2000026646996309
7.2000026646996309
7.2000026646996309
7.2000026646996309
7.2000026646996309
7.2000026646996309
7.2000026646996309
7.2000026646996309
7.2000026646996309
7.2000026646996309
7.2000026646996309
7.2000026646996309
7.2000026646996309
7.2000018123865006


7.2000026646996309
7.2000026646996309
7.2000026646996309
7.2000026646996309
7.2000026646996309
7.2000026646996309
7.2000026646996309
7.2000026646996309
7.2000026646996309
7.2000026646996309
7.2000026646996309
7.2000026646996309
7.2000026646996309
7.2000026646996309
7.2000026646996309
7.2000026646996309
7.2000026646996309
7.2000026646996309
7.2000026646996309
7.2000026646996309
7.2000026646996309
7.2000026646996309
7.2000026646996309
7.2000026646996309
7.2000026646996309
7.2000026646996309
7.2000026646996309
7.2000026646996309
7.2000026646996309
7.2000026646996309
7.2000026646996309
7.2000026646996309
7.2000026646996309
7.2000026646996309
7.2000026646996309
7.2000026646996309
7.2000026646996309
7.2000026646996309
7.2000026646996309
7.2000018123865006


