4.5640505051697478
4.5640505051697478
4.6110871930521675
4.6110871930521675
4.9504602539186582
5.3118921520514375
5.3757421854236238
8.1025675779526338
6.6923120768187090
6.6923120768187090
6.6923120768187090
6.6923120768187090
6.6923120768187090
6.6931209346701772
7.5170005568528726
7.5170005568528726
7.5170005568528726
7.5161327420215605
6.9287423673051745
7.2054044574098413


7.8775662462501650
6.6403774924374499
6.6815051492953916
6.6923120768187090
6.6923120768187090
6.6923120768187090
6.6923120768187090
6.6923120768187090
6.6931209346701772
7.5652966982923919
7.5262333751183483
7.5170005568528726
7.5170005568528726
7.5170005568528726
7.5161327420215605
7.5161327420215605
7.5161327420215605
6.9287423673051745
6.9287423673051745
7.2054044574098413


7.8775662462501650
6.6403774924374499
6.6923120768187090
6.6923120768187090
6.6923120768187090
6.6931209346701772
7.5652966982923919
7.5652966982923919
7.5262333751183483
7.5253646023961105
7.5170005568528726
7.5170005568528726
7.5161327420215605
7.5161327420215605
7.5161327420215605
7.5161327420215605
6.9287423673051745
6.9287423673051745
6.9287423673051745
7.2054044574098413


6.6923120768187090
6.6923120768187090
6.6923120768187090
7.5998971466882947
7.5652966982923919
7.5262333751183483
7.5262333751183483
7.5253646023961105
7.5168064407099706
7.5163268360890712
7.5161327420215605
7.5161327420215605
7.5161327420215605
7.5161327420215605
7.4829071270059080
6.9287423673051745
6.9287423673051745
6.9287423673051745
6.9287423673051745
7.2054044574098413


7.5572611208436102
7.5306945924728534
7.5250391134461481
7.5168064407099706
7.5168064407099706
7.5161389154279137
7.5161327420215605
7.5161327420215605
7.5161327420215605
7.5116855604964341
7.4830940471405949
7.4829071270059080
7.4721747718041716
6.9287423673051745
6.9287423673051745
6.9287423673051745
6.9287423673051745
6.9287423673051745
6.9287423673051745
7.2054044574098413


7.5168064407099706
7.5168064407099706
7.5161389154279137
7.5161327420215605
7.5161327420215605
7.5161276579741916
7.5127148521549492
7.4902218794607620
7.4829009621165410
7.4728485382996768
6.9277891796982782
6.9287423673051745
6.9287423673051745
6.9287423673051745
6.9287423673051745
6.9287423673051745
6.9287423673051745
6.9287423673051745
7.4650663176036485
7.2054044574098413


7.7613799267493500
6.6395767155670784
7.5168064407099706
7.5161327420215605
7.5161327420215605
7.5161327420215605
7.4829009621165410
7.4829009621165410
7.4732033857901374
6.9282405900791737
6.9282909146797342
6.9284618169704579
6.9287423673051745
6.9287423673051745
6.9287423673051745
6.9287423673051745
6.9287423673051745
6.9287423673051745
7.4650663176036485
7.2054044574098413


7.7613799267493500
7.7613799267493500
6.6395745591643864
7.5161327420215605
7.5161327420215605
7.5161327420215605
7.4732033857901374
7.4732033857901374
6.9282405900791737
6.9282909146797342
6.9287423673051745
6.9287423673051745
6.9287423673051745
6.9287423673051745
6.9287423673051745
6.9287423673051745
6.9287423673051745
6.9287423673051745
7.4650663176036485
7.2054044574098413


7.7613799267493500
7.7613799267493500
6.6395745591643864
7.5161327420215605
7.5161327420215605
7.5161327420215605
6.9282405900791737
6.9282405900791737
6.9282909146797342
6.9287423673051745
6.9287423673051745
6.9287423673051745
6.9287423673051745
6.9287423673051745
6.9287423673051745
6.9287423673051745
6.9287423673051745
6.9287423673051745
7.4650663176036485
7.2054044574098413


6.6395745591643864
7.5161327420215605
7.5161327420215605
7.5161327420215605
6.9282405900791737
6.9282909146797342
6.9282909146797342
6.9287423673051745
6.9287423673051745
6.9287423673051745
6.9287423673051745
6.9287423673051745
6.9287423673051745
6.9287423673051745
6.9287423673051745
6.9287423673051745
6.9287423673051745
6.9287423673051745
7.4650663176036485
7.2054044574098413


7.5161327420215605
6.9282405900791737
6.9282405900791737
6.9282881180730911
6.9287423673051745
6.9287423673051745
6.9287423673051745
6.9287423673051745
6.9287423673051745
6.9287423673051745
6.9287423673051745
6.9287423673051745
6.9287423673051745
6.9287423673051745
6.9287423673051745
6.9287423673051745
6.9287423673051745
6.9287451643254094
7.4650663176036485
7.2054044574098413


6.9287423673051745
6.9287423673051745
6.9287423673051745
6.9287423673051745
6.9287423673051745
6.9287423673051745
6.9287423673051745
6.9287423673051745
6.9287423673051745
6.9287423673051745
6.9287423673051745
6.9287423673051745
6.9287423673051745
6.9287423673051745
6.9287423673051745
6.9287423673051745
6.9287451643254094
6.9287451643254094
7.4650663176036485
7.2054044574098413


6.9287423673051745
6.9287423673051745
6.9287423673051745
6.9287423673051745
6.9287423673051745
6.9287423673051745
6.9287423673051745
6.9287423673051745
6.9287423673051745
6.9287423673051745
6.9287423673051745
6.9287423673051745
6.9287423673051745
6.9287423673051745
6.9287423673051745
6.9287451643254094
6.9287451643254094
6.9287451643254094
7.4650663176036485
7.2054044574098413


6.9287423673051745
6.9287423673051745
6.9287423673051745
6.9287423673051745
6.9287423673051745
6.9287423673051745
6.9287423673051745
6.9287423673051745
6.9287423673051745
6.9287423673051745
6.9287423673051745
6.9287423673051745
6.9287423673051745
6.9287451643254094
6.9287451643254094
6.9287451643254094
6.9287451643254094
6.9287451643254094
7.4650663176036485
7.2054044574098413


6.9287423673051745
6.9287423673051745
6.9287423673051745
6.9287423673051745
6.9287423673051745
6.9287423673051745
6.9287423673051745
6.9287423673051745
6.9287423673051745
6.9287451643254094
6.9287451643254094
6.9287451643254094
6.9287451643254094
6.9287451643254094
6.9287451643254094
6.9287451643254094
6.9287451643254094
6.9287451643254094
7.4650663176036485
7.2054044574098413


6.9287423673051745
6.9287423673051745
6.9287423673051745
6.9287423673051745
6.9287451643254094
6.9287451643254094
6.9287451643254094
6.9287451643254094
6.9287451643254094
6.9287451643254094
6.9287451643254094
6.9287451643254094
6.9287451643254094
6.9287451643254094
6.9287451643254094
6.9287451643254094
6.9287451643254094
6.9287451643254094
7.4650663176036485
7.2054044574098413


6.9287451643254094
6.9287451643254094
6.9287451643254094
6.9287451643254094
6.9287451643254094
6.9287451643254094
6.9287451643254094
6.9287451643254094
6.9287451643254094
6.9287451643254094
6.9287451643254094
6.9287451643254094
6.9287451643254094
6.9287451643254094
6.9287451643254094
6.9287451643254094
6.9287451643254094
6.9287451643254094
7.4650663176036485
7.2054044574098413


6.9287451643254094
6.9287451643254094
6.9287451643254094
6.9287451643254094
6.9287451643254094
6.9287451643254094
6.9287451643254094
6.9287451643254094
6.9287451643254094
6.9287451643254094
6.9287451643254094
6.9287451643254094
6.9287451643254094
6.9287451643254094
6.9287451643254094
6.9287451643254094
6.9287451643254094
6.9287451643254094
7.4650663176036485
7.2054044574098413


6.9287451643254094
6.9287451643254094
6.9287451643254094
6.9287451643254094
6.9287451643254094
6.9287451643254094
6.9287451643254094
6.9287451643254094
6.9287451643254094
6.9287451643254094
6.9287451643254094
6.9287451643254094
6.9287451643254094
6.9287451643254094
6.9287451643254094
6.9287451643254094
6.9287451643254094
6.9287451643254094
7.4650663176036485
7.2054044574098413


6.9287451643254094
6.9287451643254094
6.9287451643254094
6.9287451643254094
6.9287451643254094
6.9287451643254094
6.9287451643254094
6.9287451643254094
6.9287451643254094
6.9287451643254094
6.9287451643254094
6.9287451643254094
6.9287451643254094
6.9287451643254094
6.9287451643254094
6.9287451643254094
6.9287451643254094
6.9287451643254094
7.4650663176036485
7.2054044574098413


6.9287451643254094
6.9287451643254094
6.9287451643254094
6.9287451643254094
6.9287451643254094
6.9287451643254094
6.9287451643254094
6.9287451643254094
6.9287451643254094
6.9287451643254094
6.9287451643254094
6.9287451643254094
6.9287451643254094
6.9287451643254094
6.9287451643254094
6.9287451643254094
6.9287451643254094
6.9287451643254094
7.4650663176036485
7.2054044574098413


6.9287451643254094
6.9287451643254094
6.9287451643254094
6.9287451643254094
6.9287451643254094
6.9287451643254094
6.9287451643254094
6.9287451643254094
6.9287451643254094
6.9287451643254094
6.9287451643254094
6.9287451643254094
6.9287451643254094
6.9287451643254094
6.9287451643254094
6.9287451643254094
6.9287451643254094
6.9287451643254094
7.4650663176036485
7.2054044574098413


6.9287451643254094
6.9287451643254094
6.9287451643254094
6.9287451643254094
6.9287451643254094
6.9287451643254094
6.9287451643254094
6.9287451643254094
6.9287451643254094
6.9287451643254094
6.9287451643254094
6.9287451643254094
6.9287451643254094
6.9287451643254094
6.9287451643254094
6.9287451643254094
6.9287451643254094
6.9287451643254094
7.4650663176036485
7.2054044574098413


6.9287451643254094
6.9287451643254094
6.9287451643254094
6.9287451643254094
6.9287451643254094
6.9287451643254094
6.9287451643254094
6.9287451643254094
6.9287451643254094
6.9287451643254094
6.9287451643254094
6.9287451643254094
6.9287451643254094
6.9287451643254094
6.9287451643254094
6.9287451643254094
6.9287451643254094
6.9287451643254094
7.4650663176036485
7.2054044574098413


6.9287451643254094
6.9287451643254094
6.9287451643254094
6.9287451643254094
6.9287451643254094
6.9287451643254094
6.9287451643254094
6.9287451643254094
6.9287451643254094
6.9287451643254094
6.9287451643254094
6.9287451643254094
6.9287451643254094
6.9287451643254094
6.9287451643254094
6.9287451643254094
6.9287451643254094
6.9287451643254094
7.4650663176036485
7.2054044574098413


6.9287451643254094
6.9287451643254094
6.9287451643254094
6.9287451643254094
6.9287451643254094
6.9287451643254094
6.9287451643254094
6.9287451643254094
6.9287451643254094
6.9287451643254094
6.9287451643254094
6.9287451643254094
6.9287451643254094
6.9287451643254094
6.9287451643254094
6.9287451643254094
6.9287451643254094
6.9287451643254094
7.4650663176036485
7.2054044574098413


6.9287451643254094
6.9287451643254094
6.9287451643254094
6.9287451643254094
6.9287451643254094
6.9287451643254094
6.9287451643254094
6.9287451643254094
6.9287451643254094
6.9287451643254094
6.9287451643254094
6.9287451643254094
6.9287451643254094
6.9287451643254094
6.9287451643254094
6.9287451643254094
6.9287451643254094
6.9287451643254094
7.4650663176036485
7.2054044574098413


6.9287451643254094
6.9287451643254094
6.9287451643254094
6.9287451643254094
6.9287451643254094
6.9287451643254094
6.9287451643254094
6.9287451643254094
6.9287451643254094
6.9287451643254094
6.9287451643254094
6.9287451643254094
6.9287451643254094
6.9287451643254094
6.9287451643254094
6.9287451643254094
6.9287451643254094
6.9287451643254094
7.4650663176036485
7.2054044574098413


6.9287451643254094
6.9287451643254094
6.9287451643254094
6.9287451643254094
6.9287451643254094
6.9287451643254094
6.9287451643254094
6.9287451643254094
6.9287451643254094
6.9287451643254094
6.9287451643254094
6.9287451643254094
6.9287451643254094
6.9287451643254094
6.9287451643254094
6.9287451643254094
6.9287451643254094
6.9287451643254094
7.4650663176036485
7.2054044574098413


6.9287451643254094
6.9287451643254094
6.9287451643254094
6.9287451643254094
6.9287451643254094
6.9287451643254094
6.9287451643254094
6.9287451643254094
6.9287451643254094
6.9287451643254094
6.9287451643254094
6.9287451643254094
6.9287451643254094
6.9287451643254094
6.9287451643254094
6.9287451643254094
6.9287451643254094
6.9287451643254094
7.4650663176036485
7.2054044574098413


6.9287451643254094
6.9287451643254094
6.9287451643254094
6.9287451643254094
6.9287451643254094
6.9287451643254094
6.9287451643254094
6.9287451643254094
6.9287451643254094
6.9287451643254094
6.9287451643254094
6.9287451643254094
6.9287451643254094
6.9287451643254094
6.9287451643254094
6.9287451643254094
6.9287451643254094
6.9287451643254094
7.4650663176036485
7.2054044574098413


6.9287451643254094
6.9287451643254094
6.9287451643254094
6.9287451643254094
6.9287451643254094
6.9287451643254094
6.9287451643254094
6.9287451643254094
6.9287451643254094
6.9287451643254094
6.9287451643254094
6.9287451643254094
6.9287451643254094
6.9287451643254094
6.9287451643254094
6.9287451643254094
6.9287451643254094
6.9287451643254094
7.4650663176036485
7.2054044574098413


6.9287451643254094
6.9287451643254094
6.9287451643254094
6.9287451643254094
6.9287451643254094
6.9287451643254094
6.9287451643254094
6.9287451643254094
6.9287451643254094
6.9287451643254094
6.9287451643254094
6.9287451643254094
6.9287451643254094
6.9287451643254094
6.9287451643254094
6.9287451643254094
6.9287451643254094
6.9287451643254094
7.4650663176036485
7.2054044574098413


6.9287451643254094
6.9287451643254094
6.9287451643254094
6.9287451643254094
6.9287451643254094
6.9287451643254094
6.9287451643254094
6.9287451643254094
6.9287451643254094
6.9287451643254094
6.9287451643254094
6.9287451643254094
6.9287451643254094
6.9287451643254094
6.9287451643254094
6.9287451643254094
6.9287451643254094
6.9287451643254094
7.4650663176036485
7.2054044574098413


6.9287451643254094
6.9287451643254094
6.9287451643254094
6.9287451643254094
6.9287451643254094
6.9287451643254094
6.9287451643254094
6.9287451643254094
6.9287451643254094
6.9287451643254094
6.9287451643254094
6.9287451643254094
6.9287451643254094
6.9287451643254094
6.9287451643254094
6.9287451643254094
6.9287451643254094
6.9287451643254094
7.4650663176036485
7.2054044574098413


6.9287451643254094
6.9287451643254094
6.9287451643254094
6.9287451643254094
6.9287451643254094
6.9287451643254094
6.9287451643254094
6.9287451643254094
6.9287451643254094
6.9287451643254094
6.9287451643254094
6.9287451643254094
6.9287451643254094
6.9287451643254094
6.9287451643254094
6.9287451643254094
6.9287451643254094
6.9287451643254094
7.4650663176036485
7.2054044574098413


6.9287451643254094
6.9287451643254094
6.9287451643254094
6.9287451643254094
6.9287451643254094
6.9287451643254094
6.9287451643254094
6.9287451643254094
6.9287451643254094
6.9287451643254094
6.9287451643254094
6.9287451643254094
6.9287451643254094
6.9287451643254094
6.9287451643254094
6.9287451643254094
6.9287451643254094
6.9287451643254094
7.4650663176036485
7.2054044574098413


6.9287451643254094
6.9287451643254094
6.9287451643254094
6.9287451643254094
6.9287451643254094
6.9287451643254094
6.9287451643254094
6.9287451643254094
6.9287451643254094
6.9287451643254094
6.9287451643254094
6.9287451643254094
6.9287451643254094
6.9287451643254094
6.9287451643254094
6.9287451643254094
6.9287451643254094
6.9287451643254094
7.4650663176036485
7.2054044574098413


6.9287451643254094
6.9287451643254094
6.9287451643254094
6.9287451643254094
6.9287451643254094
6.9287451643254094
6.9287451643254094
6.9287451643254094
6.9287451643254094
6.9287451643254094
6.9287451643254094
6.9287451643254094
6.9287451643254094
6.9287451643254094
6.9287451643254094
6.9287451643254094
6.9287451643254094
6.9287451643254094
7.4650663176036485
7.2054044574098413


6.9287451643254094
6.9287451643254094
6.9287451643254094
6.9287451643254094
6.9287451643254094
6.9287451643254094
6.9287451643254094
6.9287451643254094
6.9287451643254094
6.9287451643254094
6.9287451643254094
6.9287451643254094
6.9287451643254094
6.9287451643254094
6.9287451643254094
6.9287451643254094
6.9287451643254094
6.9287451643254094
7.4650663176036485
7.2054044574098413


6.9287451643254094
6.9287451643254094
6.9287451643254094
6.9287451643254094
6.9287451643254094
6.9287451643254094
6.9287451643254094
6.9287451643254094
6.9287451643254094
6.9287451643254094
6.9287451643254094
6.9287451643254094
6.9287451643254094
6.9287451643254094
6.9287451643254094
6.9287451643254094
6.9287451643254094
6.9287451643254094
7.4650663176036485
7.2054044574098413


6.9287451643254094
6.9287451643254094
6.9287451643254094
6.9287451643254094
6.9287451643254094
6.9287451643254094
6.9287451643254094
6.9287451643254094
6.9287451643254094
6.9287451643254094
6.9287451643254094
6.9287451643254094
6.9287451643254094
6.9287451643254094
6.9287451643254094
6.9287451643254094
6.9287451643254094
6.9287451643254094
7.4650663176036485
7.2054044574098413


6.9287451643254094
6.9287451643254094
6.9287451643254094
6.9287451643254094
6.9287451643254094
6.9287451643254094
6.9287451643254094
6.9287451643254094
6.9287451643254094
6.9287451643254094
6.9287451643254094
6.9287451643254094
6.9287451643254094
6.9287451643254094
6.9287451643254094
6.9287451643254094
6.9287451643254094
6.9287451643254094
7.4650663176036485
7.2054044574098413


6.9287451643254094
6.9287451643254094
6.9287451643254094
6.9287451643254094
6.9287451643254094
6.9287451643254094
6.9287451643254094
6.9287451643254094
6.9287451643254094
6.9287451643254094
6.9287451643254094
6.9287451643254094
6.9287451643254094
6.9287451643254094
6.9287451643254094
6.9287451643254094
6.9287451643254094
6.9287451643254094
7.4650663176036485
7.2054044574098413


6.9287451643254094
6.9287451643254094
6.9287451643254094
6.9287451643254094
6.9287451643254094
6.9287451643254094
6.9287451643254094
6.9287451643254094
6.9287451643254094
6.9287451643254094
6.9287451643254094
6.9287451643254094
6.9287451643254094
6.9287451643254094
6.9287451643254094
6.9287451643254094
6.9287451643254094
6.9287451643254094
7.4650663176036485
7.2054044574098413


6.9287451643254094
6.9287451643254094
6.9287451643254094
6.9287451643254094
6.9287451643254094
6.9287451643254094
6.9287451643254094
6.9287451643254094
6.9287451643254094
6.9287451643254094
6.9287451643254094
6.9287451643254094
6.9287451643254094
6.9287451643254094
6.9287451643254094
6.9287451643254094
6.9287451643254094
6.9287451643254094
7.4650663176036485
7.2054044574098413


6.9287451643254094
6.9287451643254094
6.9287451643254094
6.9287451643254094
6.9287451643254094
6.9287451643254094
6.9287451643254094
6.9287451643254094
6.9287451643254094
6.9287451643254094
6.9287451643254094
6.9287451643254094
6.9287451643254094
6.9287451643254094
6.9287451643254094
6.9287451643254094
6.9287451643254094
6.9287451643254094
7.4650663176036485
7.2054044574098413


6.9287451643254094
6.9287451643254094
6.9287451643254094
6.9287451643254094
6.9287451643254094
6.9287451643254094
6.9287451643254094
6.9287451643254094
6.9287451643254094
6.9287451643254094
6.9287451643254094
6.9287451643254094
6.9287451643254094
6.9287451643254094
6.9287451643254094
6.9287451643254094
6.9287451643254094
6.9287451643254094
7.4650663176036485
7.2054044574098413


6.9287451643254094
6.9287451643254094
6.9287451643254094
6.9287451643254094
6.9287451643254094
6.9287451643254094
6.9287451643254094
6.9287451643254094
6.9287451643254094
6.9287451643254094
6.9287451643254094
6.9287451643254094
6.9287451643254094
6.9287451643254094
6.9287451643254094
6.9287451643254094
6.9287451643254094
6.9287451643254094
7.4650663176036485
7.2054044574098413


6.9287451643254094
6.9287451643254094
6.9287451643254094
6.9287451643254094
6.9287451643254094
6.9287451643254094
6.9287451643254094
6.9287451643254094
6.9287451643254094
6.9287451643254094
6.9287451643254094
6.9287451643254094
6.9287451643254094
6.9287451643254094
6.9287451643254094
6.9287451643254094
6.9287451643254094
6.9287451643254094
7.4650663176036485
7.2054044574098413


6.9287451643254094
6.9287451643254094
6.9287451643254094
6.9287451643254094
6.9287451643254094
6.9287451643254094
6.9287451643254094
6.9287451643254094
6.9287451643254094
6.9287451643254094
6.9287451643254094
6.9287451643254094
6.9287451643254094
6.9287451643254094
6.9287451643254094
6.9287451643254094
6.9287451643254094
6.9287451643254094
7.4650663176036485
7.2054044574098413


6.9287451643254094
6.9287451643254094
6.9287451643254094
6.9287451643254094
6.9287451643254094
6.9287451643254094
6.9287451643254094
6.9287451643254094
6.9287451643254094
6.9287451643254094
6.9287451643254094
6.9287451643254094
6.9287451643254094
6.9287451643254094
6.9287451643254094
6.9287451643254094
6.9287451643254094
6.9287451643254094
7.4650663176036485
7.2054044574098413


6.9287451643254094
6.9287451643254094
6.9287451643254094
6.9287451643254094
6.9287451643254094
6.9287451643254094
6.9287451643254094
6.9287451643254094
6.9287451643254094
6.9287451643254094
6.9287451643254094
6.9287451643254094
6.9287451643254094
6.9287451643254094
6.9287451643254094
6.9287451643254094
6.9287451643254094
6.9287451643254094
7.4650663176036485
7.2054044574098413


6.9287451643254094
6.9287451643254094
6.9287451643254094
6.9287451643254094
6.9287451643254094
6.9287451643254094
6.9287451643254094
6.9287451643254094
6.9287451643254094
6.9287451643254094
6.9287451643254094
6.9287451643254094
6.9287451643254094
6.9287451643254094
6.9287451643254094
6.9287451643254094
6.9287451643254094
6.9287451643254094
7.4650663176036485
7.2054044574098413


6.9287451643254094
6.9287451643254094
6.9287451643254094
6.9287451643254094
6.9287451643254094
6.9287451643254094
6.9287451643254094
6.9287451643254094
6.9287451643254094
6.9287451643254094
6.9287451643254094
6.9287451643254094
6.9287451643254094
6.9287451643254094
6.9287451643254094
6.9287451643254094
6.9287451643254094
6.9287451643254094
7.4650663176036485
7.2054044574098413


6.9287451643254094
6.9287451643254094
6.9287451643254094
6.9287451643254094
6.9287451643254094
6.9287451643254094
6.9287451643254094
6.9287451643254094
6.9287451643254094
6.9287451643254094
6.9287451643254094
6.9287451643254094
6.9287451643254094
6.9287451643254094
6.9287451643254094
6.9287451643254094
6.9287451643254094
6.9287451643254094
7.4650663176036485
7.2054044574098413


6.9287451643254094
6.9287451643254094
6.9287451643254094
6.9287451643254094
6.9287451643254094
6.9287451643254094
6.9287451643254094
6.9287451643254094
6.9287451643254094
6.9287451643254094
6.9287451643254094
6.9287451643254094
6.9287451643254094
6.9287451643254094
6.9287451643254094
6.9287451643254094
6.9287451643254094
6.9287451643254094
7.4650663176036485
7.2054044574098413


6.9287451643254094
6.9287451643254094
6.9287451643254094
6.9287451643254094
6.9287451643254094
6.9287451643254094
6.9287451643254094
6.9287451643254094
6.9287451643254094
6.9287451643254094
6.9287451643254094
6.9287451643254094
6.9287451643254094
6.9287451643254094
6.9287451643254094
6.9287451643254094
6.9287451643254094
6.9287451643254094
7.4650663176036485
7.2054044574098413


6.9287451643254094
6.9287451643254094
6.9287451643254094
6.9287451643254094
6.9287451643254094
6.9287451643254094
6.9287451643254094
6.9287451643254094
6.9287451643254094
6.9287451643254094
6.9287451643254094
6.9287451643254094
6.9287451643254094
6.9287451643254094
6.9287451643254094
6.9287451643254094
6.9287451643254094
6.9287451643254094
7.4650663176036485
7.2054044574098413


6.9287451643254094
6.9287451643254094
6.9287451643254094
6.9287451643254094
6.9287451643254094
6.9287451643254094
6.9287451643254094
6.9287451643254094
6.9287451643254094
6.9287451643254094
6.9287451643254094
6.9287451643254094
6.9287451643254094
6.9287451643254094
6.9287451643254094
6.9287451643254094
6.9287451643254094
6.9287451643254094
7.4650663176036485
7.2054044574098413


6.9287451643254094
6.9287451643254094
6.9287451643254094
6.9287451643254094
6.9287451643254094
6.9287451643254094
6.9287451643254094
6.9287451643254094
6.9287451643254094
6.9287451643254094
6.9287451643254094
6.9287451643254094
6.9287451643254094
6.9287451643254094
6.9287451643254094
6.9287451643254094
6.9287451643254094
6.9287451643254094
7.4650663176036485
7.2054044574098413


6.9287451643254094
6.9287451643254094
6.9287451643254094
6.9287451643254094
6.9287451643254094
6.9287451643254094
6.9287451643254094
6.9287451643254094
6.9287451643254094
6.9287451643254094
6.9287451643254094
6.9287451643254094
6.9287451643254094
6.9287451643254094
6.9287451643254094
6.9287451643254094
6.9287451643254094
6.9287451643254094
7.4650663176036485
7.2054044574098413


6.9287451643254094
6.9287451643254094
6.9287451643254094
6.9287451643254094
6.9287451643254094
6.9287451643254094
6.9287451643254094
6.9287451643254094
6.9287451643254094
6.9287451643254094
6.9287451643254094
6.9287451643254094
6.9287451643254094
6.9287451643254094
6.9287451643254094
6.9287451643254094
6.9287451643254094
6.9287451643254094
7.4650663176036485
7.2054044574098413


6.9287451643254094
6.9287451643254094
6.9287451643254094
6.9287451643254094
6.9287451643254094
6.9287451643254094
6.9287451643254094
6.9287451643254094
6.9287451643254094
6.9287451643254094
6.9287451643254094
6.9287451643254094
6.9287451643254094
6.9287451643254094
6.9287451643254094
6.9287451643254094
6.9287451643254094
6.9287451643254094
7.4650663176036485
7.2054044574098413


6.9287451643254094
6.9287451643254094
6.9287451643254094
6.9287451643254094
6.9287451643254094
6.9287451643254094
6.9287451643254094
6.9287451643254094
6.9287451643254094
6.9287451643254094
6.9287451643254094
6.9287451643254094
6.9287451643254094
6.9287451643254094
6.9287451643254094
6.9287451643254094
6.9287451643254094
6.9287451643254094
7.4650663176036485
7.2054044574098413


6.9287451643254094
6.9287451643254094
6.9287451643254094
6.9287451643254094
6.9287451643254094
6.9287451643254094
6.9287451643254094
6.9287451643254094
6.9287451643254094
6.9287451643254094
6.9287451643254094
6.9287451643254094
6.9287451643254094
6.9287451643254094
6.9287451643254094
6.9287451643254094
6.9287451643254094
6.9287451643254094
7.4650663176036485
7.2054044574098413


6.9287451643254094
6.9287451643254094
6.9287451643254094
6.9287451643254094
6.9287451643254094
6.9287451643254094
6.9287451643254094
6.9287451643254094
6.9287451643254094
6.9287451643254094
6.9287451643254094
6.9287451643254094
6.9287451643254094
6.9287451643254094
6.9287451643254094
6.9287451643254094
6.9287451643254094
6.9287451643254094
7.4650663176036485
7.2054044574098413


6.9287451643254094
6.9287451643254094
6.9287451643254094
6.9287451643254094
6.9287451643254094
6.9287451643254094
6.9287451643254094
6.9287451643254094
6.9287451643254094
6.9287451643254094
6.9287451643254094
6.9287451643254094
6.9287451643254094
6.9287451643254094
6.9287451643254094
6.9287451643254094
6.9287451643254094
6.9287451643254094
7.4650663176036485
7.2054044574098413


6.9287451643254094
6.9287451643254094
6.9287451643254094
6.9287451643254094
6.9287451643254094
6.9287451643254094
6.9287451643254094
6.9287451643254094
6.9287451643254094
6.9287451643254094
6.9287451643254094
6.9287451643254094
6.9287451643254094
6.9287451643254094
6.9287451643254094
6.9287451643254094
6.9287451643254094
6.9287451643254094
7.4650663176036485
7.2054044574098413


6.9287451643254094
6.9287451643254094
6.9287451643254094
6.9287451643254094
6.9287451643254094
6.9287451643254094
6.9287451643254094
6.9287451643254094
6.9287451643254094
6.9287451643254094
6.9287451643254094
6.9287451643254094
6.9287451643254094
6.9287451643254094
6.9287451643254094
6.9287451643254094
6.9287451643254094
6.9287451643254094
7.4650663176036485
7.2054044574098413


6.9287451643254094
6.9287451643254094
6.9287451643254094
6.9287451643254094
6.9287451643254094
6.9287451643254094
6.9287451643254094
6.9287451643254094
6.9287451643254094
6.9287451643254094
6.9287451643254094
6.9287451643254094
6.9287451643254094
6.9287451643254094
6.9287451643254094
6.9287451643254094
6.9287451643254094
6.9287451643254094
7.4650663176036485
7.2054044574098413


6.9287451643254094
6.9287451643254094
6.9287451643254094
6.9287451643254094
6.9287451643254094
6.9287451643254094
6.9287451643254094
6.9287451643254094
6.9287451643254094
6.9287451643254094
6.9287451643254094
6.9287451643254094
6.9287451643254094
6.9287451643254094
6.9287451643254094
6.9287451643254094
6.9287451643254094
6.9287451643254094
7.4650663176036485
7.2054044574098413


6.9287451643254094
6.9287451643254094
6.9287451643254094
6.9287451643254094
6.9287451643254094
6.9287451643254094
6.9287451643254094
6.9287451643254094
6.9287451643254094
6.9287451643254094
6.9287451643254094
6.9287451643254094
6.9287451643254094
6.9287451643254094
6.9287451643254094
6.9287451643254094
6.9287451643254094
6.9287451643254094
7.4650663176036485
7.2054044574098413


6.9287451643254094
6.9287451643254094
6.9287451643254094
6.9287451643254094
6.9287451643254094
6.9287451643254094
6.9287451643254094
6.9287451643254094
6.9287451643254094
6.9287451643254094
6.9287451643254094
6.9287451643254094
6.9287451643254094
6.9287451643254094
6.9287451643254094
6.9287451643254094
6.9287451643254094
6.9287451643254094
7.4650663176036485
7.2054044574098413


6.9287451643254094
6.9287451643254094
6.9287451643254094
6.9287451643254094
6.9287451643254094
6.9287451643254094
6.9287451643254094
6.9287451643254094
6.9287451643254094
6.9287451643254094
6.9287451643254094
6.9287451643254094
6.9287451643254094
6.9287451643254094
6.9287451643254094
6.9287451643254094
6.9287451643254094
6.9287451643254094
7.4650663176036485
7.2054044574098413


6.9287451643254094
6.9287451643254094
6.9287451643254094
6.9287451643254094
6.9287451643254094
6.9287451643254094
6.9287451643254094
6.9287451643254094
6.9287451643254094
6.9287451643254094
6.9287451643254094
6.9287451643254094
6.9287451643254094
6.9287451643254094
6.9287451643254094
6.9287451643254094
6.9287451643254094
6.9287451643254094
7.4650663176036485
7.2054044574098413


6.9287451643254094
6.9287451643254094
6.9287451643254094
6.9287451643254094
6.9287451643254094
6.9287451643254094
6.9287451643254094
6.9287451643254094
6.9287451643254094
6.9287451643254094
6.9287451643254094
6.9287451643254094
6.9287451643254094
6.9287451643254094
6.9287451643254094
6.9287451643254094
6.9287451643254094
6.9287451643254094
7.4650663176036485
7.2054044574098413


6.9287451643254094
6.9287451643254094
6.9287451643254094
6.9287451643254094
6.9287451643254094
6.9287451643254094
6.9287451643254094
6.9287451643254094
6.9287451643254094
6.9287451643254094
6.9287451643254094
6.9287451643254094
6.9287451643254094
6.9287451643254094
6.9287451643254094
6.9287451643254094
6.9287451643254094
6.9287451643254094
7.4650663176036485
7.2054044574098413


6.9287451643254094
6.9287451643254094
6.9287451643254094
6.9287451643254094
6.9287451643254094
6.9287451643254094
6.9287451643254094
6.9287451643254094
6.9287451643254094
6.9287451643254094
6.9287451643254094
6.9287451643254094
6.9287451643254094
6.9287451643254094
6.9287451643254094
6.9287451643254094
6.9287451643254094
6.9287451643254094
7.4650663176036485
7.2054044574098413


6.9287451643254094
6.9287451643254094
6.9287451643254094
6.9287451643254094
6.9287451643254094
6.9287451643254094
6.9287451643254094
6.9287451643254094
6.9287451643254094
6.9287451643254094
6.9287451643254094
6.9287451643254094
6.9287451643254094
6.9287451643254094
6.9287451643254094
6.9287451643254094
6.9287451643254094
6.9287451643254094
7.4650663176036485
7.2054044574098413


6.9287451643254094
6.9287451643254094
6.9287451643254094
6.9287451643254094
6.9287451643254094
6.9287451643254094
6.9287451643254094
6.9287451643254094
6.9287451643254094
6.9287451643254094
6.9287451643254094
6.9287451643254094
6.9287451643254094
6.9287451643254094
6.9287451643254094
6.9287451643254094
6.9287451643254094
6.9287451643254094
7.4650663176036485
7.2054044574098413


6.9287451643254094
6.9287451643254094
6.9287451643254094
6.9287451643254094
6.9287451643254094
6.9287451643254094
6.9287451643254094
6.9287451643254094
6.9287451643254094
6.9287451643254094
6.9287451643254094
6.9287451643254094
6.9287451643254094
6.9287451643254094
6.9287451643254094
6.9287451643254094
6.9287451643254094
6.9287451643254094
7.4650663176036485
7.2054044574098413


6.9287451643254094
6.9287451643254094
6.9287451643254094
6.9287451643254094
6.9287451643254094
6.9287451643254094
6.9287451643254094
6.9287451643254094
6.9287451643254094
6.9287451643254094
6.9287451643254094
6.9287451643254094
6.9287451643254094
6.9287451643254094
6.9287451643254094
6.9287451643254094
6.9287451643254094
6.9287451643254094
7.4650663176036485
7.2054044574098413


6.9287451643254094
6.9287451643254094
6.9287451643254094
6.9287451643254094
6.9287451643254094
6.9287451643254094
6.9287451643254094
6.9287451643254094
6.9287451643254094
6.9287451643254094
6.9287451643254094
6.9287451643254094
6.9287451643254094
6.9287451643254094
6.9287451643254094
6.9287451643254094
6.9287451643254094
6.9287451643254094
7.4650663176036485
7.2054044574098413


6.9287451643254094
6.9287451643254094
6.9287451643254094
6.9287451643254094
6.9287451643254094
6.9287451643254094
6.9287451643254094
6.9287451643254094
6.9287451643254094
6.9287451643254094
6.9287451643254094
6.9287451643254094
6.9287451643254094
6.9287451643254094
6.9287451643254094
6.9287451643254094
6.9287451643254094
6.9287451643254094
7.4650663176036485
7.2054044574098413


6.9287451643254094
6.9287451643254094
6.9287451643254094
6.9287451643254094
6.9287451643254094
6.9287451643254094
6.9287451643254094
6.9287451643254094
6.9287451643254094
6.9287451643254094
6.9287451643254094
6.9287451643254094
6.9287451643254094
6.9287451643254094
6.9287451643254094
6.9287451643254094
6.9287451643254094
6.9287451643254094
7.4650663176036485
7.2054044574098413


6.9287451643254094
6.9287451643254094
6.9287451643254094
6.9287451643254094
6.9287451643254094
6.9287451643254094
6.9287451643254094
6.9287451643254094
6.9287451643254094
6.9287451643254094
6.9287451643254094
6.9287451643254094
6.9287451643254094
6.9287451643254094
6.9287451643254094
6.9287451643254094
6.9287451643254094
6.9287451643254094
7.4650663176036485
7.2054044574098413


6.9287451643254094
6.9287451643254094
6.9287451643254094
6.9287451643254094
6.9287451643254094
6.9287451643254094
6.9287451643254094
6.9287451643254094
6.9287451643254094
6.9287451643254094
6.9287451643254094
6.9287451643254094
6.9287451643254094
6.9287451643254094
6.9287451643254094
6.9287451643254094
6.9287451643254094
6.9287451643254094
7.4650663176036485
7.2054044574098413


6.9287451643254094
6.9287451643254094
6.9287451643254094
6.9287451643254094
6.9287451643254094
6.9287451643254094
6.9287451643254094
6.9287451643254094
6.9287451643254094
6.9287451643254094
6.9287451643254094
6.9287451643254094
6.9287451643254094
6.9287451643254094
6.9287451643254094
6.9287451643254094
6.9287451643254094
6.9287451643254094
7.4650663176036485
7.2054044574098413


6.9287451643254094
6.9287451643254094
6.9287451643254094
6.9287451643254094
6.9287451643254094
6.9287451643254094
6.9287451643254094
6.9287451643254094
6.9287451643254094
6.9287451643254094
6.9287451643254094
6.9287451643254094
6.9287451643254094
6.9287451643254094
6.9287451643254094
6.9287451643254094
6.9287451643254094
6.9287451643254094
7.4650663176036485
7.2054044574098413


6.9287451643254094
6.9287451643254094
6.9287451643254094
6.9287451643254094
6.9287451643254094
6.9287451643254094
6.9287451643254094
6.9287451643254094
6.9287451643254094
6.9287451643254094
6.9287451643254094
6.9287451643254094
6.9287451643254094
6.9287451643254094
6.9287451643254094
6.9287451643254094
6.9287451643254094
6.9287451643254094
7.4650663176036485
7.2054044574098413


6.9287451643254094
6.9287451643254094
6.9287451643254094
6.9287451643254094
6.9287451643254094
6.9287451643254094
6.9287451643254094
6.9287451643254094
6.9287451643254094
6.9287451643254094
6.9287451643254094
6.9287451643254094
6.9287451643254094
6.9287451643254094
6.9287451643254094
6.9287451643254094
6.9287451643254094
6.9287451643254094
7.4650663176036485
7.2054044574098413


6.9287451643254094
6.9287451643254094
6.9287451643254094
6.9287451643254094
6.9287451643254094
6.9287451643254094
6.9287451643254094
6.9287451643254094
6.9287451643254094
6.9287451643254094
6.9287451643254094
6.9287451643254094
6.9287451643254094
6.9287451643254094
6.9287451643254094
6.9287451643254094
6.9287451643254094
6.9287451643254094
7.4650663176036485
7.2054044574098413


6.9287451643254094
6.9287451643254094
6.9287451643254094
6.9287451643254094
6.9287451643254094
6.9287451643254094
6.9287451643254094
6.9287451643254094
6.9287451643254094
6.9287451643254094
6.9287451643254094
6.9287451643254094
6.9287451643254094
6.9287451643254094
6.9287451643254094
6.9287451643254094
6.9287451643254094
6.9287451643254094
7.4650663176036485
7.2054044574098413


6.9287451643254094
6.9287451643254094
6.9287451643254094
6.9287451643254094
6.9287451643254094
6.9287451643254094
6.9287451643254094
6.9287451643254094
6.9287451643254094
6.9287451643254094
6.9287451643254094
6.9287451643254094
6.9287451643254094
6.9287451643254094
6.9287451643254094
6.9287451643254094
6.9287451643254094
6.9287451643254094
7.4650663176036485
7.2054044574098413


6.9287451643254094
6.9287451643254094
6.9287451643254094
6.9287451643254094
6.9287451643254094
6.9287451643254094
6.9287451643254094
6.9287451643254094
6.9287451643254094
6.9287451643254094
6.9287451643254094
6.9287451643254094
6.9287451643254094
6.9287451643254094
6.9287451643254094
6.9287451643254094
6.9287451643254094
6.9287451643254094
7.4650663176036485
7.2054044574098413


6.9287451643254094
6.9287451643254094
6.9287451643254094
6.9287451643254094
6.9287451643254094
6.9287451643254094
6.9287451643254094
6.9287451643254094
6.9287451643254094
6.9287451643254094
6.9287451643254094
6.9287451643254094
6.9287451643254094
6.9287451643254094
6.9287451643254094
6.9287451643254094
6.9287451643254094
6.9287451643254094
7.4650663176036485
7.2054044574098413


6.9287451643254094
6.9287451643254094
6.9287451643254094
6.9287451643254094
6.9287451643254094
6.9287451643254094
6.9287451643254094
6.9287451643254094
6.9287451643254094
6.9287451643254094
6.9287451643254094
6.9287451643254094
6.9287451643254094
6.9287451643254094
6.9287451643254094
6.9287451643254094
6.9287451643254094
6.9287451643254094
7.4650663176036485
7.2054044574098413


6.9287451643254094
6.9287451643254094
6.9287451643254094
6.9287451643254094
6.9287451643254094
6.9287451643254094
6.9287451643254094
6.9287451643254094
6.9287451643254094
6.9287451643254094
6.9287451643254094
6.9287451643254094
6.9287451643254094
6.9287451643254094
6.9287451643254094
6.9287451643254094
6.9287451643254094
6.9287451643254094
7.4650663176036485
7.2054044574098413


6.9287451643254094
6.9287451643254094
6.9287451643254094
6.9287451643254094
6.9287451643254094
6.9287451643254094
6.9287451643254094
6.9287451643254094
6.9287451643254094
6.9287451643254094
6.9287451643254094
6.9287451643254094
6.9287451643254094
6.9287451643254094
6.9287451643254094
6.9287451643254094
6.9287451643254094
6.9287451643254094
7.4650663176036485
7.2054044574098413


