1.9323666075577322
1.9374306928345768
1.9374306928345768
1.9374306928345768
1.9374306928345768
1.9374306928345768
1.9304344633351107
1.9304344633351107
1.9325171688949219
1.9325171688949219
1.9373999815404410
1.9374306928345768
1.9364234190113372
1.9364234190113372
1.9364234190113372
1.9364234190113372
1.9364234190113372
1.9364234190113372
1.9364234190113372
1.9364234190113372
1.9364234190113372
1.9364234190113372
1.9364234190113372
1.9364234190113372
1.9364234190113372
1.9364234190113372
1.9364234190113372
1.9364234190113372
1.9364234190113372
1.9364234190113372
1.9364234190113372
1.9364234190113372
1.9364234190113372
1.9364234190113372
1.9364234190113372
1.9364234190113372
1.9364234190113372
1.9364234190113372
1.9364234190113372
1.9364234190113372
1.9364234190113372
1.9364234190113372
1.9364234190113372
1.9364234190113372
1.9364234190113372
1.9364234190113372
1.9364234190113372
1.9364234190113372
1.9364234190113372
1.9364234190113372
1.9364234190113372
1.9364234190113372
1.9364234190113372
1.9364234190113372
1.9364234190113372
1.9364234190113372
1.9364234190113372
1.9364234190113372
1.9364234190113372
1.9364234190113372
1.9364234190113372
1.9364234190113372
1.9364234190113372
1.9364234190113372
1.9364234190113372
1.9364234190113372
1.9364234190113372
1.9364234190113372
1.9364234190113372
1.9364234190113372
1.9364234190113372
1.9364234190113372
1.9364234190113372
1.9364234190113372
1.9364234190113372
1.9364234190113372
1.9364234190113372
1.9364234190113372
1.9364234190113372
1.9364234190113372
1.9364234190113372
1.9364234190113372
1.9364234190113372
1.9364234190113372
1.9364234190113372
1.9364234190113372
1.9364234190113372
1.9364234190113372
1.9364234190113372
1.9364234190113372
1.9364234190113372
1.9364234190113372
1.9364234190113372
1.9364234190113372
1.9364234190113372
1.9364234190113372
1.9364234190113372
1.9364234190113372
1.9364234190113372
1.9364234190113372
