1.8901198920643298
1.9038833202088870
1.8901224550641316
1.8901224550641316
1.8901224550641316
1.8886364814232732
1.8886364814232732
1.7949176816617751
1.7885664340426455
1.7885664340426455
1.7885664340426455
1.7885664340426455
1.8881565150069153
1.8881565150069153
1.8119974527358249
1.8119974527358249
1.8119974527358249
1.8119974527358249
1.8119974527358249
1.8119974527358249
1.8119974527358249
1.8119974527358249
1.8847537751422458
1.8847537751422458
1.7963596372711550
1.7963596372711550
1.7963596372711550
1.7963596372711550
1.8119998965263335
1.8119998965263335
1.8119998965263335
1.7885700252226002
1.7885700252226002
1.7885688033273459
1.7885738399199795
1.7885738399199795
1.7885738399199795
1.7885738399199795
1.7885699954202769
1.7885699954202769
1.8119998965263335
1.8119998965263335
1.8119998965263335
1.8119998965263335
1.8119998965263335
1.8119998965263335
1.8119998965263335
1.8119998965263335
1.7885700252226002
1.7885700252226002
1.7885700252226002
1.7885700252226002
1.7885700252226002
1.7885700252226002
1.7885700252226002
1.7885700252226002
1.7885700252226002
1.7885700252226002
1.7885700252226002
1.7885700252226002
1.7885700252226002
1.7885700252226002
1.7885700252226002
1.7885700252226002
1.7885700252226002
1.7885700252226002
1.7885700252226002
1.7885700252226002
1.7885700252226002
1.7885700252226002
1.7885700252226002
1.7885700252226002
1.7885700252226002
1.7885700252226002
1.7885700252226002
1.7885700252226002
1.7885700252226002
1.7885700252226002
1.7885700252226002
1.7885700252226002
1.7885700252226002
1.7885700252226002
1.7885700252226002
1.7885700252226002
1.7885700252226002
1.7885700252226002
1.7885700252226002
1.7885700252226002
1.7885700252226002
1.7885700252226002
1.7885700252226002
1.7885700252226002
1.7885700252226002
1.7885700252226002
1.7885700252226002
1.7885700252226002
1.7885700252226002
1.7885700252226002
1.7885700252226002
1.7885700252226002
