1.9460775389098388
1.9460775389098388
1.9460775389098388
1.9460775389098388
1.9439870847459759
1.9437124414358271
1.9460789098167095
1.6155874167557780
1.9910146740381323
1.9461538477585867
1.9460775389098388
1.9383421670896461
1.9383421670896461
1.9383421670896461
1.9383421670896461
1.9460789694213561
1.9460470213308043
1.9460470213308043
1.9460470213308043
1.9460470213308043
1.9460470213308043
1.9460470213308043
1.9514390960764616
1.9517843261892893
1.9517843261892893
1.9517843261892893
1.9517843261892893
1.9517843261892893
1.9517843261892893
1.9517843261892893
1.9517843261892893
1.9517843261892893
1.9517843261892893
1.9517843261892893
1.9459402098041836
1.9459402098041836
1.9459402098041836
1.9459402098041836
1.9459402098041836
1.9459402098041836
1.9459402098041836
1.9459402098041836
1.9459402098041836
1.9459402098041836
1.9459402098041836
1.9459402098041836
1.9459402098041836
1.9459402098041836
1.9459402098041836
1.9459402098041836
1.9459402098041836
1.9459402098041836
1.9459402098041836
1.9459402098041836
1.9459402098041836
1.9459402098041836
1.9459402098041836
1.9459402098041836
1.9459402098041836
1.9459402098041836
1.9459402098041836
1.9459402098041836
1.9459402098041836
1.9459402098041836
1.9459402098041836
1.9459402098041836
1.9459402098041836
1.9459402098041836
1.9459402098041836
1.9459402098041836
1.9459402098041836
1.9459402098041836
1.9459402098041836
1.9459402098041836
1.9459402098041836
1.9459402098041836
1.9459402098041836
1.9459402098041836
1.9459402098041836
1.9459402098041836
1.9459402098041836
1.9459402098041836
1.9459402098041836
1.9459402098041836
1.9459402098041836
1.9459402098041836
1.9459402098041836
1.9459402098041836
1.9459402098041836
1.9459402098041836
1.9459402098041836
1.9459402098041836
1.9459402098041836
1.9459402098041836
1.9459402098041836
1.9459402098041836
1.9459402098041836
1.9459402098041836
1.9459402098041836
1.9459402098041836
