1.7172980224280960
1.7172980224280960
1.9619910854694571
1.9619910854694571
1.9611256558038490
1.9610145229403533
1.7032020152569418
1.7032020152569418
1.7032020152569418
1.7032020152569418
1.7032020152569418
1.7032020152569418
1.9669850309784720
1.7172980224280960
1.7172980224280960
1.7172980224280960
1.9626631725628130
1.9626628000337720
1.9626631725628130
1.9624148447041168
1.9626631725628130
1.9626631725628130
1.9626631725628130
1.9626631725628130
1.9626631725628130
1.9626631725628130
1.9626631725628130
1.9626631725628130
1.9626631725628130
1.9626631725628130
1.9626631725628130
1.9626631725628130
1.9626629341442268
1.9626629341442268
1.9626629341442268
1.9626629341442268
1.9626629341442268
1.9626629341442268
1.9626629341442268
1.9626629341442268
1.9626629341442268
1.9626629341442268
1.9626629341442268
1.9626629341442268
1.9626629341442268
1.9626629341442268
1.9626629341442268
1.9626629341442268
1.9626629341442268
1.9626629341442268
1.9626629341442268
1.9626629341442268
1.9626629341442268
1.9626629341442268
1.9626629341442268
1.9626629341442268
1.9626629341442268
1.9626629341442268
1.9626629341442268
1.9626629341442268
1.9626629341442268
1.9626629341442268
1.9626629341442268
1.9626629341442268
1.9626629341442268
1.9626629341442268
1.9626629341442268
1.9626629341442268
1.9626629341442268
1.9626629341442268
1.9626629341442268
1.9626629341442268
1.9626629341442268
1.9626629341442268
1.9626629341442268
1.9626629341442268
1.9626629341442268
1.9626629341442268
1.9626629341442268
1.9626629341442268
1.9626629341442268
1.9626629341442268
1.9626629341442268
1.9626629341442268
1.9626629341442268
1.9626629341442268
1.9626629341442268
1.9626629341442268
1.9626629341442268
1.9626629341442268
1.9626629341442268
1.9626629341442268
1.9626629341442268
1.9626629341442268
1.9626629341442268
1.9626629341442268
1.9626629341442268
1.9626629341442268
1.9626629341442268
1.9626629341442268
