0.9215009277171145
0.9215009277171145
0.9215009277171145
0.9218439968333467
0.9218439968333467
0.9218439968333467
0.9218439968333467
0.9218439968333467
0.9218439968333467
0.9218439968333467
0.9218439968333467
0.9218439968333467
0.9218439968333467
0.9218439968333467
0.9218439968333467
0.9219736251433629
0.9219761281410530
0.9220490188620434
0.9220537312387965
0.9220537312387965
0.9221265391585886
0.9222043970852162
0.9222043970852162
0.9222043970852162
0.9222211019341475
0.9222233116827576
0.9222233116827576
0.9222252632503357
0.9222257371578717
0.9222276201459043
0.9222276201459043
0.9222276201459043
0.9222276201459043
0.9222277011459085
0.9222277011459085
0.9222277011459085
0.9222277011459085
0.9222277011459085
0.9222277011459085
0.9222277011459085
0.9222277011459085
0.9222277011459085
0.9222277011459085
0.9222277011459085
0.9222277011459085
0.9222277011459085
0.9222277011459085
0.9222277011459085
0.9222277011459085
0.9222277011459085
0.9222277011459085
0.9222277011459085
0.9222277011459085
0.9222277011459085
0.9222277011459085
0.9222277011459085
0.9222277011459085
0.9222277011459085
0.9222277011459085
0.9222277011459085
0.9222277011459085
0.9222277011459085
0.9222277011459085
0.9222277011459085
0.9222277011459085
0.9222277011459085
0.9222277011459085
0.9222277011459085
0.9222277011459085
0.9222277011459085
0.9222277011459085
0.9222277011459085
0.9222277011459085
0.9222277011459085
0.9222277011459085
0.9222277011459085
0.9222277011459085
0.9222277011459085
0.9222277011459085
0.9222277011459085
0.9222277011459085
0.9222277011459085
0.9222277011459085
0.9222277011459085
0.9222277011459085
0.9222277011459085
0.9222277011459085
0.9222277011459085
0.9222277011459085
0.9222277011459085
0.9222277011459085
0.9222277011459085
0.9222277011459085
0.9222277011459085
0.9222277011459085
0.9222277011459085
0.9222277011459085
0.9222277011459085
0.9222277011459085
0.9222277011459085
0.9222277011459085
0.9222277011459085
0.9222277011459085
0.9222277011459085
0.9222277011459085
0.9222277011459085
0.9222277011459085
0.9222277011459085
0.9222277011459085
0.9222277011459085
0.9222277011459085
0.9222277011459085
0.9222277011459085
0.9222277011459085
0.9222277011459085
0.9222277011459085
0.9222277011459085
0.9222277011459085
0.9222277011459085
0.9222277011459085
0.9222277011459085
0.9222277011459085
0.9222277011459085
0.9222277011459085
0.9222277011459085
0.9222277011459085
0.9222277011459085
0.9222277011459085
0.9222277011459085
0.9222277011459085
0.9222277011459085
0.9222277011459085
0.9222277011459085
0.9222277011459085
0.9222277011459085
0.9222277011459085
0.9222277011459085
0.9222277011459085
0.9222277011459085
0.9222277011459085
0.9222277011459085
0.9222277011459085
0.9222277011459085
0.9222277011459085
0.9222277011459085
0.9222277011459085
0.9222277011459085
0.9222277011459085
0.9222277011459085
0.9222277011459085
0.9222277011459085
0.9222277011459085
0.9222277011459085
0.9222277011459085
0.9222277011459085
0.9222277011459085
0.9222277011459085
0.9222277011459085
0.9222277011459085
0.9222277011459085
0.9222277011459085
0.9222277011459085
0.9222277011459085
0.9222277011459085
0.9222277011459085
0.9222277011459085
0.9222277011459085
0.9222277011459085
0.9222277011459085
0.9222277011459085
0.9222277011459085
0.9222277011459085
0.9222277011459085
0.9222277011459085
0.9222277011459085
0.9222277011459085
0.9222277011459085
0.9222277011459085
0.9222277011459085
0.9222277011459085
0.9222277011459085
0.9222277011459085
0.9222277011459085
0.9222277011459085
0.9222277011459085
0.9222277011459085
0.9222277011459085
0.9222277011459085
0.9222277011459085
0.9222277011459085
0.9222277011459085
0.9222277011459085
0.9222277011459085
0.9222277011459085
0.9222277011459085
0.9222277011459085
0.9222277011459085
0.9222277011459085
0.9222277011459085
0.9222277011459085
