2.0084233377730127
2.0084233377730127
2.0084233377730127
2.0084233377730127
2.0084233377730127
2.0060388759124508
2.0060388759124508
2.0060388759124508
2.0030839977630963
2.0030839977630963
2.0030839977630963
2.0030839977630963
2.0030839977630963
2.0030839977630963
2.0018317299561659
2.0018317299561659
2.0018317299561659
2.0018317299561659
2.0018317299561659
2.0018317299561659
2.0018317299561659
2.0018317299561659
2.0018317299561659
2.0018317299561659
2.0018317299561659
2.0018317299561659
2.0018317299561659
2.0018317299561659
2.0018317299561659
2.0018317299561659
2.0018317299561659
2.0018317299561659
2.0018317299561659
2.0018317299561659
2.0018317299561659
2.0018317299561659
2.0018317299561659
2.0018317299561659
2.0018317299561659
2.0018317299561659
2.0018317299561659
2.0018317299561659
2.0018317299561659
2.0018317299561659
2.0018317299561659
2.0018317299561659
2.0018317299561659
2.0018317299561659
2.0018317299561659
2.0018317299561659
2.0018317299561659
2.0018317299561659
2.0018317299561659
2.0018317299561659
2.0018317299561659
2.0018317299561659
2.0018317299561659
2.0018317299561659
2.0018317299561659
2.0018317299561659
2.0018317299561659
2.0018317299561659
2.0018317299561659
2.0018317299561659
2.0018317299561659
2.0018317299561659
2.0018317299561659
2.0018317299561659
2.0018317299561659
2.0018317299561659
2.0018317299561659
2.0018317299561659
2.0018317299561659
2.0018317299561659
2.0018317299561659
2.0018317299561659
2.0018317299561659
2.0018317299561659
2.0018317299561659
2.0018317299561659
2.0018317299561659
2.0018317299561659
2.0018317299561659
2.0018317299561659
2.0018317299561659
2.0018317299561659
2.0018317299561659
2.0018317299561659
2.0018317299561659
2.0018317299561659
2.0018317299561659
2.0018317299561659
2.0018317299561659
2.0018317299561659
2.0018317299561659
2.0018317299561659
2.0018317299561659
2.0018317299561659
2.0018317299561659
2.0018317299561659
