7.6641469736143044
7.6641469736143044
7.6641469736143044
7.6641469736143044
7.6640573624985624
6.6759999715089791
6.6759999715089791
6.6759999715089791
6.6759999715089791
6.6759999715089791
6.6760598324555103
6.6760728143475294
6.6760728143475294
6.6760728143475294
6.6760728143475294
6.6760728143475294
6.6760728143475294
6.6760728143475294
6.6760728143475294
6.6760728143475294
6.6760728143475294
6.6760728143475294
6.6760728143475294
6.6760728143475294
6.6760728143475294
6.6760728143475294
6.6760728143475294
6.6760728143475294
6.6760728143475294
6.6760728143475294
6.6760728143475294
6.6760728143475294
6.6760728143475294
6.6760728143475294
6.6760728143475294
6.6760728143475294
6.6760728143475294
6.6760728143475294
6.6760728143475294
6.6760728143475294
6.6760728143475294
6.6760728143475294
6.6760728143475294
6.6760728143475294
6.6760728143475294
6.6760728143475294
6.6760728143475294
6.6760728143475294
6.6760728143475294
6.6760728143475294
6.6760728143475294
6.6760728143475294
6.6760728143475294
6.6760728143475294
6.6760728143475294
6.6760728143475294
6.6760728143475294
6.6760728143475294
6.6760728143475294
6.6760728143475294
6.6760728143475294
6.6760728143475294
6.6760728143475294
6.6760728143475294
6.6760728143475294
6.6760728143475294
6.6760728143475294
6.6760728143475294
6.6760728143475294
6.6760728143475294
6.6760728143475294
6.6760728143475294
6.6760728143475294
6.6760728143475294
6.6760728143475294
6.6760728143475294
6.6760728143475294
6.6760728143475294
6.6760728143475294
6.6760728143475294
6.6760728143475294
6.6760728143475294
6.6760728143475294
6.6760728143475294
6.6760728143475294
6.6760728143475294
6.6760728143475294
6.6760728143475294
6.6760728143475294
6.6760728143475294
6.6760728143475294
6.6760728143475294
6.6760728143475294
6.6760728143475294
6.6760728143475294
6.6760728143475294
6.6760728143475294
6.6760728143475294
6.6760728143475294
6.6760728143475294
