1.4209932631550213
1.4209932631550213
1.4209932631550213
1.4209932631550213
1.4209932631550213
1.4209932810364152
1.4209932810364152
1.4209932810364152
1.4214490509465054
1.4214490509465054
1.4214490509465054
1.4214490509465054
1.4214490509465054
1.4214490509465054
1.4209932810364152
1.4209932810364152
1.4209932810364152
1.4209932810364152
1.4209932810364152
1.4209932810364152
1.4209932810364152
1.4209932810364152
1.4209932810364152
1.4209932810364152
1.4209932810364152
1.4209932810364152
1.4209932810364152
1.4209932810364152
1.4209932810364152
1.4209932810364152
1.4209932810364152
1.4209932810364152
1.4209932810364152
1.4209932810364152
1.4209932810364152
1.4209932810364152
1.4209932810364152
1.4209932810364152
1.4209932810364152
1.4209932810364152
1.4209932810364152
1.4209932810364152
1.4209932810364152
1.4209932810364152
1.4209932810364152
1.4209932810364152
1.4209932810364152
1.4209932810364152
1.4209932810364152
1.4209932810364152
1.4209932810364152
1.4209932810364152
1.4209932810364152
1.4209932810364152
1.4209932810364152
1.4209932810364152
1.4209932810364152
1.4209932810364152
1.4209932810364152
1.4209932810364152
1.4209932810364152
1.4209932810364152
1.4209932810364152
1.4209932810364152
1.4209932810364152
1.4209932810364152
1.4209932810364152
1.4209932810364152
1.4209932810364152
1.4209932810364152
1.4209932810364152
1.4209932810364152
1.4209932810364152
1.4209932810364152
1.4209932810364152
1.4209932810364152
1.4209932810364152
1.4209932810364152
1.4209932810364152
1.4209932810364152
1.4209932810364152
1.4209932810364152
1.4209932810364152
1.4209932810364152
1.4209932810364152
1.4209932810364152
1.4209932810364152
1.4209932810364152
1.4209932810364152
1.4209932810364152
1.4209932810364152
1.4209932810364152
1.4209932810364152
1.4209932810364152
1.4209932810364152
1.4209932810364152
1.4209932810364152
1.4209932810364152
1.4209932810364152
1.4209932810364152
