1.4438584590601462
1.4438584590601462
1.4438584590601462
1.4438584106987240
1.4438584106987240
1.4438584106987240
1.4438584106987240
1.4438584106987240
1.4438584106987240
1.4438584106987240
1.4438584106987240
1.4438584106987240
1.4438584106987240
1.4438584106987240
1.4438584106987240
1.4438584585445660
1.4438584057491541
1.4438584585445660
1.4438584585445660
1.4438584585445660
1.4438584106987240
1.4438584585445660
1.4438584585445660
1.4438584585445660
1.4438584057491541
1.4438584585445660
1.4438584585445660
1.4438584062647344
1.4438584057491541
1.4438584062647344
1.4438584062647344
1.4438584062647344
1.4438584062647344
1.4438584062647344
1.4438584062647344
1.4438584062647344
1.4438584062647344
1.4438584062647344
1.4438584062647344
1.4438584062647344
1.4438584062647344
1.4438584062647344
1.4438584062647344
1.4438584062647344
1.4438584062647344
1.4438584062647344
1.4438584062647344
1.4438584062647344
1.4438584062647344
1.4438584062647344
1.4438584062647344
1.4438584062647344
1.4438584062647344
1.4438584062647344
1.4438584062647344
1.4438584062647344
1.4438584062647344
1.4438584062647344
1.4438584062647344
1.4438584062647344
1.4438584062647344
1.4438584062647344
1.4438584062647344
1.4438584062647344
1.4438584062647344
1.4438584062647344
1.4438584062647344
1.4438584062647344
1.4438584062647344
1.4438584062647344
1.4438584062647344
1.4438584062647344
1.4438584062647344
1.4438584062647344
1.4438584062647344
1.4438584062647344
1.4438584062647344
1.4438584062647344
1.4438584062647344
1.4438584062647344
1.4438584062647344
1.4438584062647344
1.4438584062647344
1.4438584062647344
1.4438584062647344
1.4438584062647344
1.4438584062647344
1.4438584062647344
1.4438584062647344
1.4438584062647344
1.4438584062647344
1.4438584062647344
1.4438584062647344
1.4438584062647344
1.4438584062647344
1.4438584062647344
1.4438584062647344
1.4438584062647344
1.4438584062647344
1.4438584062647344
1.4438584062647344
1.4438584062647344
1.4438584062647344
1.4438584062647344
1.4438584062647344
1.4438584062647344
1.4438584062647344
1.4438584062647344
1.4438584062647344
1.4438584062647344
1.4438584062647344
1.4438584062647344
1.4438584062647344
1.4438584062647344
1.4438584062647344
1.4438584062647344
1.4438584062647344
1.4438584062647344
1.4438584062647344
1.4438584062647344
1.4438584062647344
1.4438584062647344
1.4438584062647344
1.4438584062647344
1.4438584062647344
1.4438584062647344
1.4438584062647344
1.4438584062647344
1.4438584062647344
1.4438584062647344
1.4438584062647344
1.4438584062647344
1.4438584062647344
1.4438584062647344
1.4438584062647344
1.4438584062647344
1.4438584062647344
1.4438584062647344
1.4438584062647344
1.4438584062647344
1.4438584062647344
1.4438584062647344
1.4438584062647344
1.4438584062647344
1.4438584062647344
1.4438584062647344
1.4438584062647344
1.4438584062647344
1.4438584062647344
1.4438584062647344
1.4438584062647344
1.4438584062647344
1.4438584062647344
1.4438584062647344
1.4438584062647344
1.4438584062647344
1.4438584062647344
1.4438584062647344
1.4438584062647344
1.4438584062647344
1.4438584062647344
1.4438584062647344
1.4438584062647344
1.4438584062647344
1.4438584062647344
1.4438584062647344
1.4438584062647344
1.4438584062647344
1.4438584062647344
1.4438584062647344
1.4438584062647344
1.4438584062647344
1.4438584062647344
1.4438584062647344
1.4438584062647344
1.4438584062647344
1.4438584062647344
1.4438584062647344
1.4438584062647344
1.4438584062647344
1.4438584062647344
1.4438584062647344
1.4438584062647344
1.4438584062647344
1.4438584062647344
1.4438584062647344
1.4438584062647344
1.4438584062647344
1.4438584062647344
1.4438584062647344
1.4438584062647344
1.4438584062647344
1.4438584062647344
1.4438584062647344
1.4438584062647344
1.4438584062647344
1.4438584062647344
1.4438584062647344
1.4438584062647344
1.4438584062647344
