1.4670042162506050
1.4670042162506050
1.4670042162506050
1.4670042162506050
1.4670042162506050
1.4669855649410357
1.4669855649410357
1.4669855649410357
1.4669855650355090
1.4669855650355090
1.4669855650355090
1.4669855650355090
1.4669855650355090
1.4669855650355090
1.4669855452905758
1.4669855452905758
1.4669855452905758
1.4669855452905758
1.4669855452905758
1.4669855452905758
1.4669855452905758
1.4669855452905758
1.4669855452905758
1.4669855452905758
1.4669855452905758
1.4669855452905758
1.4669855452905758
1.4669855452905758
1.4669855452905758
1.4669855452905758
1.4669855452905758
1.4669855452905758
1.4669855452905758
1.4669855452905758
1.4669855452905758
1.4669855452905758
1.4669855452905758
1.4669855452905758
1.4669855452905758
1.4669855452905758
1.4669855452905758
1.4669855452905758
1.4669855452905758
1.4669855452905758
1.4669855452905758
1.4669855452905758
1.4669855452905758
1.4669855452905758
1.4669855452905758
1.4669855452905758
1.4669855452905758
1.4669855452905758
1.4669855452905758
1.4669855452905758
1.4669855452905758
1.4669855452905758
1.4669855452905758
1.4669855452905758
1.4669855452905758
1.4669855452905758
1.4669855452905758
1.4669855452905758
1.4669855452905758
1.4669855452905758
1.4669855452905758
1.4669855452905758
1.4669855452905758
1.4669855452905758
1.4669855452905758
1.4669855452905758
1.4669855452905758
1.4669855452905758
1.4669855452905758
1.4669855452905758
1.4669855452905758
1.4669855452905758
1.4669855452905758
1.4669855452905758
1.4669855452905758
1.4669855452905758
1.4669855452905758
1.4669855452905758
1.4669855452905758
1.4669855452905758
1.4669855452905758
1.4669855452905758
1.4669855452905758
1.4669855452905758
1.4669855452905758
1.4669855452905758
1.4669855452905758
1.4669855452905758
1.4669855452905758
1.4669855452905758
1.4669855452905758
1.4669855452905758
1.4669855452905758
1.4669855452905758
1.4669855452905758
1.4669855452905758
