0.3552505518170274
0.4184890291436726
0.4856544078813216
0.8436949766482291
0.8811544619152454
2.9472698228025789
1.1177985035582680
1.1198329096092627
1.1200123141739846
1.1359339885878961
1.5803367750278898
1.5809506972230616
1.5838020130151855
1.5982859381783012
1.6145770723785886
1.6799258315553598
1.7002052546600910
1.7074270493692683
2.0533191742280921
2.0084233377730127


1.1186161128595793
1.1190138014141229
1.1198329096092627
1.1384726391670923
1.2695835470612371
1.5559870100581352
1.5843303007579088
1.5861180679933851
1.5862192822931980
1.6145700248559076
1.6145770723785886
1.6621363844105972
1.6776708009440653
1.6799258315553598
1.6799258315553598
1.7002052546600910
1.7074270493692683
2.0533191742280921
2.0533191742280921
2.0084233377730127


1.5559870100581352
1.5563056952773768
1.5699262403479795
1.5881912743164515
1.5980602457708517
1.6128905156384992
1.6137938145182273
1.6145770723785886
1.6408423494629574
1.6799258315553598
1.6799258315553598
1.6943211268764262
1.6951050264076049
1.7002052546600910
1.7009706861521812
1.7074270493692683
2.0533191742280921
2.0533191742280921
2.0533191742280921
2.0084233377730127


1.5980602457708517
1.5980603919281777
1.6298410966584698
1.6344350561588008
1.6581250611018841
1.6776671575390787
1.6799258315553598
1.6800517056047775
1.6951048901385972
1.7009706861521812
1.7038589351641855
1.7074270493692683
1.8784718380177008
2.0533191742280921
2.0533191742280921
2.0533191742280921
2.0533191742280921
1.9781545728577652
2.0084233377730127
2.0084233377730127


1.6581250611018841
1.6581250611018841
1.6980618721359191
1.7024882994353820
1.7042536407286912
1.7228180397169268
1.7493848943624659
1.8067376379306732
1.8540989670514159
2.0548517390495586
2.0533191742280921
2.0533191742280921
2.0533191742280921
2.0533191742280921
2.0251880488891025
2.0249545404013114
1.9781545728577652
2.0084233377730127
2.0084233377730127
2.0084233377730127


1.7042536407286912
1.7042536407286912
1.7185692036485176
1.7458759363894247
1.7658365604477664
2.1838178474832439
1.8546928269001355
2.0593867460214681
2.0546919456914510
2.0522306305636082
2.0302991895173235
2.0268114520537885
2.0251880488891025
2.0249545404013114
1.9781545728577652
1.9792424882096096
2.0084233377730127
2.0084233377730127
2.0084233377730127
2.0060388759124508


1.7658365604477664
1.7658365604477664
1.7990115049035453
2.1812129723063856
2.1731290643877244
1.8547655929412010
2.0521416405251576
2.0487336223165160
2.0337423882687613
2.0327089598363117
1.9781545728577652
1.9792424882096096
1.9812517121692310
1.9863690811346493
2.0084233377730127
2.0084233377730127
2.0084233377730127
2.0084233377730127
2.0060388759124508
2.0060388759124508


2.1731290643877244
2.1731290643877244
2.1731105953643306
1.8576225987016461
1.8737147683444051
2.0908077729723158
2.0405529051625897
2.0333409117062473
2.0323121408539180
1.9781389684903421
2.0092853449616594
2.0084233377730127
2.0084233377730127
2.0084233377730127
2.0084233377730127
2.0084233377730127
2.0077999746784880
2.0060388759124508
2.0060388759124508
2.0060388759124508


2.1435411917587093
1.8573240531458135
1.8737147683444051
1.8737147683444051
1.8740167647882486
2.0909450931310185
2.0875083821364142
1.9785490146299647
1.9812743825114068
1.9815099963673510
2.0084233377730127
2.0084233377730127
2.0082698522066798
2.0077999746784880
2.0077999746784880
2.0060388759124508
2.0060388759124508
2.0060388759124508
2.0060388759124508
2.0030839977630963


1.8740167647882486
1.8740167647882486
1.8745345212531703
1.8888750936330101
2.0942281134495011
2.0908077729723158
2.0547809070966458
1.9784543997537682
1.9805923318432286
1.9810956997876583
2.0084233377730127
2.0084233377730127
2.0077999746784880
2.0060388759124508
2.0060388759124508
2.0060388759124508
2.0060388759124508
2.0060388759124508
2.0060388759124508
2.0030839977630963


2.1408704969422825
1.8741499048574615
1.8888750936330101
2.0942281134495011
2.0937744090590833
2.0905021534819039
2.0750531224037334
1.9782365678817440
1.9783428269336762
1.9815086684183600
2.0095557243642621
2.0081407563495026
2.0060388759124508
2.0060388759124508
2.0060388759124508
2.0060388759124508
2.0060388759124508
2.0060388759124508
2.0060388759124508
2.0030839977630963


2.0942281134495011
2.0942247888166872
2.0937777319120014
2.0937744090590833
2.0875312862395230
2.0749126949160899
1.9780343723968299
1.9782365678817440
1.9809706686264297
1.9844610277090358
2.0100445966038634
2.0093558764769157
2.0060388759124508
2.0060388759124508
2.0060388759124508
2.0060388759124508
2.0060388759124508
2.0060388759124508
2.0060388759124508
2.0030839977630963


2.0907782394227064
2.0905213573633787
2.0875312862395230
2.0722078252364908
1.9529793321795315
1.9782363398719993
1.9808259194672049
1.9840364006405089
1.9840450613846641
1.9844562210890744
2.0125006188559427
2.0090395454960444
2.0060388759124508
2.0060388759124508
2.0060388759124508
2.0060388759124508
2.0060388759124508
2.0060388759124508
2.0060388759124508
2.0030839977630963


1.9383523907092983
1.9529793321795315
1.9605387948741915
1.9771211240718727
1.9782363398719993
1.9782365678817440
1.9811860694573156
1.9814993330190371
1.9833642283773965
1.9840233532257812
2.0124957984039376
2.0060388759124508
2.0060388759124508
2.0060388759124508
2.0060388759124508
2.0060388759124508
2.0060388759124508
2.0060388759124508
2.0060388759124508
2.0030839977630963


1.9782363398719993
1.9782363398719993
1.9786072171452409
1.9806945945809427
1.9810674687487184
1.9811708103283288
1.9811862979561798
1.9827333957869948
1.9837277416511558
2.0118536882865676
2.0060391447834189
2.0060388759124508
2.0060388759124508
2.0060388759124508
2.0060388759124508
2.0060388759124508
2.0060388759124508
2.0060388759124508
2.0030839977630963
2.0018317299561659


1.9806945945809427
1.9806945945809427
1.9807754141100302
1.9809870837217343
1.9810674687487184
1.9811708103283288
1.9811862979561798
2.0118536882865676
2.0110649794797339
2.0060388759124508
2.0060388759124508
2.0060388759124508
2.0060388759124508
2.0060388759124508
2.0060388759124508
2.0060388759124508
2.0050728656735211
2.0040480837735348
2.0030839977630963
2.0018317299561659


1.9809870837217343
1.9809870837217343
1.9809905036350373
1.9810674687487184
1.9810674687487184
1.9811708103283288
1.9811710388353800
2.0065125822570358
2.0060388759124508
2.0060388759124508
2.0060388759124508
2.0060388759124508
2.0060388759124508
2.0060348640474177
2.0050728656735211
2.0050728656735211
2.0040480837735348
2.0030839977630963
2.0030839977630963
2.0018317299561659


1.9810674687487184
1.9810674687487184
1.9810674687487184
1.9810674687487184
1.9810720125727599
1.9811708103283288
1.9811975936444415
2.0072686387324938
2.0060388759124508
2.0060388759124508
2.0060335403777585
2.0050728656735211
2.0050728656735211
2.0050728656735211
2.0040480837735348
2.0040480837735348
2.0030839977630963
2.0030839977630963
2.0030839977630963
2.0018317299561659


1.9810674687487184
1.9810685927519183
1.9810708885676966
1.9810720125727599
1.9810720125727599
1.9811708103283288
1.9811975936444415
2.0068246899339028
2.0057998456063424
2.0050728656735211
2.0050675337287625
2.0042866455147874
2.0040480837735348
2.0040480837735348
2.0030839977630963
2.0030839977630963
2.0030839977630963
2.0030839977630963
2.0030839977630963
2.0018317299561659


1.9809583290948294
1.9810720125727599
1.9810720125727599
1.9810720125727599
1.9810720125727599
1.9811712134194130
1.9811975936444415
2.0066873255536208
2.0054228251118436
2.0048337770739408
2.0040477302235584
2.0033226179069379
2.0030839977630963
2.0030839977630963
2.0030839977630963
2.0030839977630963
2.0030839977630963
2.0030839977630963
2.0030839977630963
2.0018317299561659


1.9809608549137214
1.9810720125727599
1.9810720125727599
1.9810720125727599
1.9810720125727599
1.9811712134194130
1.9811975936444415
2.0057214791335429
2.0051828649848660
2.0048337770739408
2.0030839977630963
2.0030839977630963
2.0030839977630963
2.0030839977630963
2.0030839977630963
2.0030839977630963
2.0030839977630963
2.0030839977630963
2.0030839977630963
2.0018317299561659


1.9809608549137214
1.9810720125727599
1.9810720125727599
1.9810720125727599
1.9810720125727599
1.9811712134194130
1.9811975936444415
2.0057214791335429
2.0051828649848660
2.0048337770739408
2.0030839977630963
2.0030839977630963
2.0030839977630963
2.0030839977630963
2.0030839977630963
2.0030839977630963
2.0030839977630963
2.0030839977630963
2.0030839977630963
2.0018317299561659


1.9809608549137214
1.9810720125727599
1.9810720125727599
1.9810720125727599
1.9810720125727599
1.9811712134194130
1.9811975936444415
2.0057214791335429
2.0051828649848660
2.0048337770739408
2.0030839977630963
2.0030839977630963
2.0030839977630963
2.0030839977630963
2.0030839977630963
2.0030839977630963
2.0030839977630963
2.0030839977630963
2.0030839977630963
2.0018317299561659


1.9809608549137214
1.9810720125727599
1.9810720125727599
1.9810720125727599
1.9810720125727599
1.9811712134194130
1.9811975936444415
2.0057214791335429
2.0051828649848660
2.0048337770739408
2.0030839977630963
2.0030839977630963
2.0030839977630963
2.0030839977630963
2.0030839977630963
2.0030839977630963
2.0030839977630963
2.0030839977630963
2.0030839977630963
2.0018317299561659


1.9809608549137214
1.9810720125727599
1.9810720125727599
1.9810720125727599
1.9810720125727599
1.9811712134194130
1.9811975936444415
2.0057214791335429
2.0051828649848660
2.0048337770739408
2.0030839977630963
2.0030839977630963
2.0030839977630963
2.0030839977630963
2.0030839977630963
2.0030839977630963
2.0030839977630963
2.0030839977630963
2.0030839977630963
2.0018317299561659


1.9809608549137214
1.9810720125727599
1.9810720125727599
1.9810720125727599
1.9810720125727599
1.9811712134194130
1.9811975936444415
2.0057214791335429
2.0051828649848660
2.0048337770739408
2.0030839977630963
2.0030839977630963
2.0030839977630963
2.0030839977630963
2.0030839977630963
2.0030839977630963
2.0030839977630963
2.0030839977630963
2.0030839977630963
2.0018317299561659


1.9809608549137214
1.9810720125727599
1.9810720125727599
1.9810720125727599
1.9810720125727599
1.9811712134194130
1.9811975936444415
2.0057214791335429
2.0051828649848660
2.0048337770739408
2.0030839977630963
2.0030839977630963
2.0030839977630963
2.0030839977630963
2.0030839977630963
2.0030839977630963
2.0030839977630963
2.0030839977630963
2.0030839977630963
2.0018317299561659


1.9809608549137214
1.9810720125727599
1.9810720125727599
1.9810720125727599
1.9810720125727599
1.9811712134194130
1.9811975936444415
2.0057214791335429
2.0051828649848660
2.0048337770739408
2.0030839977630963
2.0030839977630963
2.0030839977630963
2.0030839977630963
2.0030839977630963
2.0030839977630963
2.0030839977630963
2.0030839977630963
2.0030839977630963
2.0018317299561659


1.9809608549137214
1.9810720125727599
1.9810720125727599
1.9810720125727599
1.9810720125727599
1.9811712134194130
1.9811975936444415
2.0057214791335429
2.0051828649848660
2.0048337770739408
2.0030839977630963
2.0030839977630963
2.0030839977630963
2.0030839977630963
2.0030839977630963
2.0030839977630963
2.0030839977630963
2.0030839977630963
2.0030839977630963
2.0018317299561659


1.9809608549137214
1.9810720125727599
1.9810720125727599
1.9810720125727599
1.9810720125727599
1.9811712134194130
1.9811975936444415
2.0057214791335429
2.0051828649848660
2.0048337770739408
2.0030839977630963
2.0030839977630963
2.0030839977630963
2.0030839977630963
2.0030839977630963
2.0030839977630963
2.0030839977630963
2.0030839977630963
2.0030839977630963
2.0018317299561659


1.9809608549137214
1.9810720125727599
1.9810720125727599
1.9810720125727599
1.9810720125727599
1.9811712134194130
1.9811975936444415
2.0057214791335429
2.0051828649848660
2.0048337770739408
2.0030839977630963
2.0030839977630963
2.0030839977630963
2.0030839977630963
2.0030839977630963
2.0030839977630963
2.0030839977630963
2.0030839977630963
2.0030839977630963
2.0018317299561659


1.9809608549137214
1.9810720125727599
1.9810720125727599
1.9810720125727599
1.9810720125727599
1.9811712134194130
1.9811975936444415
2.0057214791335429
2.0051828649848660
2.0048337770739408
2.0030839977630963
2.0030839977630963
2.0030839977630963
2.0030839977630963
2.0030839977630963
2.0030839977630963
2.0030839977630963
2.0030839977630963
2.0030839977630963
2.0018317299561659


1.9809608549137214
1.9810720125727599
1.9810720125727599
1.9810720125727599
1.9810720125727599
1.9811712134194130
1.9811975936444415
2.0057214791335429
2.0051828649848660
2.0048337770739408
2.0030839977630963
2.0030839977630963
2.0030839977630963
2.0030839977630963
2.0030839977630963
2.0030839977630963
2.0030839977630963
2.0030839977630963
2.0030839977630963
2.0018317299561659


1.9809608549137214
1.9810720125727599
1.9810720125727599
1.9810720125727599
1.9810720125727599
1.9811712134194130
1.9811975936444415
2.0057214791335429
2.0051828649848660
2.0048337770739408
2.0030839977630963
2.0030839977630963
2.0030839977630963
2.0030839977630963
2.0030839977630963
2.0030839977630963
2.0030839977630963
2.0030839977630963
2.0030839977630963
2.0018317299561659


1.9809608549137214
1.9810720125727599
1.9810720125727599
1.9810720125727599
1.9810720125727599
1.9811712134194130
1.9811975936444415
2.0057214791335429
2.0051828649848660
2.0048337770739408
2.0030839977630963
2.0030839977630963
2.0030839977630963
2.0030839977630963
2.0030839977630963
2.0030839977630963
2.0030839977630963
2.0030839977630963
2.0030839977630963
2.0018317299561659


1.9809608549137214
1.9810720125727599
1.9810720125727599
1.9810720125727599
1.9810720125727599
1.9811712134194130
1.9811975936444415
2.0057214791335429
2.0051828649848660
2.0048337770739408
2.0030839977630963
2.0030839977630963
2.0030839977630963
2.0030839977630963
2.0030839977630963
2.0030839977630963
2.0030839977630963
2.0030839977630963
2.0030839977630963
2.0018317299561659


1.9809608549137214
1.9810720125727599
1.9810720125727599
1.9810720125727599
1.9810720125727599
1.9811712134194130
1.9811975936444415
2.0057214791335429
2.0051828649848660
2.0048337770739408
2.0030839977630963
2.0030839977630963
2.0030839977630963
2.0030839977630963
2.0030839977630963
2.0030839977630963
2.0030839977630963
2.0030839977630963
2.0030839977630963
2.0018317299561659


1.9809608549137214
1.9810720125727599
1.9810720125727599
1.9810720125727599
1.9810720125727599
1.9811712134194130
1.9811975936444415
2.0057214791335429
2.0051828649848660
2.0048337770739408
2.0030839977630963
2.0030839977630963
2.0030839977630963
2.0030839977630963
2.0030839977630963
2.0030839977630963
2.0030839977630963
2.0030839977630963
2.0030839977630963
2.0018317299561659


1.9809608549137214
1.9810720125727599
1.9810720125727599
1.9810720125727599
1.9810720125727599
1.9811712134194130
1.9811975936444415
2.0057214791335429
2.0051828649848660
2.0048337770739408
2.0030839977630963
2.0030839977630963
2.0030839977630963
2.0030839977630963
2.0030839977630963
2.0030839977630963
2.0030839977630963
2.0030839977630963
2.0030839977630963
2.0018317299561659


1.9809608549137214
1.9810720125727599
1.9810720125727599
1.9810720125727599
1.9810720125727599
1.9811712134194130
1.9811975936444415
2.0057214791335429
2.0051828649848660
2.0048337770739408
2.0030839977630963
2.0030839977630963
2.0030839977630963
2.0030839977630963
2.0030839977630963
2.0030839977630963
2.0030839977630963
2.0030839977630963
2.0030839977630963
2.0018317299561659


1.9809608549137214
1.9810720125727599
1.9810720125727599
1.9810720125727599
1.9810720125727599
1.9811712134194130
1.9811975936444415
2.0057214791335429
2.0051828649848660
2.0048337770739408
2.0030839977630963
2.0030839977630963
2.0030839977630963
2.0030839977630963
2.0030839977630963
2.0030839977630963
2.0030839977630963
2.0030839977630963
2.0030839977630963
2.0018317299561659


1.9809608549137214
1.9810720125727599
1.9810720125727599
1.9810720125727599
1.9810720125727599
1.9811712134194130
1.9811975936444415
2.0057214791335429
2.0051828649848660
2.0048337770739408
2.0030839977630963
2.0030839977630963
2.0030839977630963
2.0030839977630963
2.0030839977630963
2.0030839977630963
2.0030839977630963
2.0030839977630963
2.0030839977630963
2.0018317299561659


1.9809608549137214
1.9810720125727599
1.9810720125727599
1.9810720125727599
1.9810720125727599
1.9811712134194130
1.9811975936444415
2.0057214791335429
2.0051828649848660
2.0048337770739408
2.0030839977630963
2.0030839977630963
2.0030839977630963
2.0030839977630963
2.0030839977630963
2.0030839977630963
2.0030839977630963
2.0030839977630963
2.0030839977630963
2.0018317299561659


1.9809608549137214
1.9810720125727599
1.9810720125727599
1.9810720125727599
1.9810720125727599
1.9811712134194130
1.9811975936444415
2.0057214791335429
2.0051828649848660
2.0048337770739408
2.0030839977630963
2.0030839977630963
2.0030839977630963
2.0030839977630963
2.0030839977630963
2.0030839977630963
2.0030839977630963
2.0030839977630963
2.0030839977630963
2.0018317299561659


1.9809608549137214
1.9810720125727599
1.9810720125727599
1.9810720125727599
1.9810720125727599
1.9811712134194130
1.9811975936444415
2.0057214791335429
2.0051828649848660
2.0048337770739408
2.0030839977630963
2.0030839977630963
2.0030839977630963
2.0030839977630963
2.0030839977630963
2.0030839977630963
2.0030839977630963
2.0030839977630963
2.0030839977630963
2.0018317299561659


1.9809608549137214
1.9810720125727599
1.9810720125727599
1.9810720125727599
1.9810720125727599
1.9811712134194130
1.9811975936444415
2.0057214791335429
2.0051828649848660
2.0048337770739408
2.0030839977630963
2.0030839977630963
2.0030839977630963
2.0030839977630963
2.0030839977630963
2.0030839977630963
2.0030839977630963
2.0030839977630963
2.0030839977630963
2.0018317299561659


1.9809608549137214
1.9810720125727599
1.9810720125727599
1.9810720125727599
1.9810720125727599
1.9811712134194130
1.9811975936444415
2.0057214791335429
2.0051828649848660
2.0048337770739408
2.0030839977630963
2.0030839977630963
2.0030839977630963
2.0030839977630963
2.0030839977630963
2.0030839977630963
2.0030839977630963
2.0030839977630963
2.0030839977630963
2.0018317299561659


1.9809608549137214
1.9810720125727599
1.9810720125727599
1.9810720125727599
1.9810720125727599
1.9811712134194130
1.9811975936444415
2.0057214791335429
2.0051828649848660
2.0048337770739408
2.0030839977630963
2.0030839977630963
2.0030839977630963
2.0030839977630963
2.0030839977630963
2.0030839977630963
2.0030839977630963
2.0030839977630963
2.0030839977630963
2.0018317299561659


1.9809608549137214
1.9810720125727599
1.9810720125727599
1.9810720125727599
1.9810720125727599
1.9811712134194130
1.9811975936444415
2.0057214791335429
2.0051828649848660
2.0048337770739408
2.0030839977630963
2.0030839977630963
2.0030839977630963
2.0030839977630963
2.0030839977630963
2.0030839977630963
2.0030839977630963
2.0030839977630963
2.0030839977630963
2.0018317299561659


1.9809608549137214
1.9810720125727599
1.9810720125727599
1.9810720125727599
1.9810720125727599
1.9811712134194130
1.9811975936444415
2.0057214791335429
2.0051828649848660
2.0048337770739408
2.0030839977630963
2.0030839977630963
2.0030839977630963
2.0030839977630963
2.0030839977630963
2.0030839977630963
2.0030839977630963
2.0030839977630963
2.0030839977630963
2.0018317299561659


1.9809608549137214
1.9810720125727599
1.9810720125727599
1.9810720125727599
1.9810720125727599
1.9811712134194130
1.9811975936444415
2.0057214791335429
2.0051828649848660
2.0048337770739408
2.0030839977630963
2.0030839977630963
2.0030839977630963
2.0030839977630963
2.0030839977630963
2.0030839977630963
2.0030839977630963
2.0030839977630963
2.0030839977630963
2.0018317299561659


1.9809608549137214
1.9810720125727599
1.9810720125727599
1.9810720125727599
1.9810720125727599
1.9811712134194130
1.9811975936444415
2.0057214791335429
2.0051828649848660
2.0048337770739408
2.0030839977630963
2.0030839977630963
2.0030839977630963
2.0030839977630963
2.0030839977630963
2.0030839977630963
2.0030839977630963
2.0030839977630963
2.0030839977630963
2.0018317299561659


1.9809608549137214
1.9810720125727599
1.9810720125727599
1.9810720125727599
1.9810720125727599
1.9811712134194130
1.9811975936444415
2.0057214791335429
2.0051828649848660
2.0048337770739408
2.0030839977630963
2.0030839977630963
2.0030839977630963
2.0030839977630963
2.0030839977630963
2.0030839977630963
2.0030839977630963
2.0030839977630963
2.0030839977630963
2.0018317299561659


1.9809608549137214
1.9810720125727599
1.9810720125727599
1.9810720125727599
1.9810720125727599
1.9811712134194130
1.9811975936444415
2.0057214791335429
2.0051828649848660
2.0048337770739408
2.0030839977630963
2.0030839977630963
2.0030839977630963
2.0030839977630963
2.0030839977630963
2.0030839977630963
2.0030839977630963
2.0030839977630963
2.0030839977630963
2.0018317299561659


1.9809608549137214
1.9810720125727599
1.9810720125727599
1.9810720125727599
1.9810720125727599
1.9811712134194130
1.9811975936444415
2.0057214791335429
2.0051828649848660
2.0048337770739408
2.0030839977630963
2.0030839977630963
2.0030839977630963
2.0030839977630963
2.0030839977630963
2.0030839977630963
2.0030839977630963
2.0030839977630963
2.0030839977630963
2.0018317299561659


1.9809608549137214
1.9810720125727599
1.9810720125727599
1.9810720125727599
1.9810720125727599
1.9811712134194130
1.9811975936444415
2.0057214791335429
2.0051828649848660
2.0048337770739408
2.0030839977630963
2.0030839977630963
2.0030839977630963
2.0030839977630963
2.0030839977630963
2.0030839977630963
2.0030839977630963
2.0030839977630963
2.0030839977630963
2.0018317299561659


1.9809608549137214
1.9810720125727599
1.9810720125727599
1.9810720125727599
1.9810720125727599
1.9811712134194130
1.9811975936444415
2.0057214791335429
2.0051828649848660
2.0048337770739408
2.0030839977630963
2.0030839977630963
2.0030839977630963
2.0030839977630963
2.0030839977630963
2.0030839977630963
2.0030839977630963
2.0030839977630963
2.0030839977630963
2.0018317299561659


1.9809608549137214
1.9810720125727599
1.9810720125727599
1.9810720125727599
1.9810720125727599
1.9811712134194130
1.9811975936444415
2.0057214791335429
2.0051828649848660
2.0048337770739408
2.0030839977630963
2.0030839977630963
2.0030839977630963
2.0030839977630963
2.0030839977630963
2.0030839977630963
2.0030839977630963
2.0030839977630963
2.0030839977630963
2.0018317299561659


1.9809608549137214
1.9810720125727599
1.9810720125727599
1.9810720125727599
1.9810720125727599
1.9811712134194130
1.9811975936444415
2.0057214791335429
2.0051828649848660
2.0048337770739408
2.0030839977630963
2.0030839977630963
2.0030839977630963
2.0030839977630963
2.0030839977630963
2.0030839977630963
2.0030839977630963
2.0030839977630963
2.0030839977630963
2.0018317299561659


1.9809608549137214
1.9810720125727599
1.9810720125727599
1.9810720125727599
1.9810720125727599
1.9811712134194130
1.9811975936444415
2.0057214791335429
2.0051828649848660
2.0048337770739408
2.0030839977630963
2.0030839977630963
2.0030839977630963
2.0030839977630963
2.0030839977630963
2.0030839977630963
2.0030839977630963
2.0030839977630963
2.0030839977630963
2.0018317299561659


1.9809608549137214
1.9810720125727599
1.9810720125727599
1.9810720125727599
1.9810720125727599
1.9811712134194130
1.9811975936444415
2.0057214791335429
2.0051828649848660
2.0048337770739408
2.0030839977630963
2.0030839977630963
2.0030839977630963
2.0030839977630963
2.0030839977630963
2.0030839977630963
2.0030839977630963
2.0030839977630963
2.0030839977630963
2.0018317299561659


1.9809608549137214
1.9810720125727599
1.9810720125727599
1.9810720125727599
1.9810720125727599
1.9811712134194130
1.9811975936444415
2.0057214791335429
2.0051828649848660
2.0048337770739408
2.0030839977630963
2.0030839977630963
2.0030839977630963
2.0030839977630963
2.0030839977630963
2.0030839977630963
2.0030839977630963
2.0030839977630963
2.0030839977630963
2.0018317299561659


1.9809608549137214
1.9810720125727599
1.9810720125727599
1.9810720125727599
1.9810720125727599
1.9811712134194130
1.9811975936444415
2.0057214791335429
2.0051828649848660
2.0048337770739408
2.0030839977630963
2.0030839977630963
2.0030839977630963
2.0030839977630963
2.0030839977630963
2.0030839977630963
2.0030839977630963
2.0030839977630963
2.0030839977630963
2.0018317299561659


1.9809608549137214
1.9810720125727599
1.9810720125727599
1.9810720125727599
1.9810720125727599
1.9811712134194130
1.9811975936444415
2.0057214791335429
2.0051828649848660
2.0048337770739408
2.0030839977630963
2.0030839977630963
2.0030839977630963
2.0030839977630963
2.0030839977630963
2.0030839977630963
2.0030839977630963
2.0030839977630963
2.0030839977630963
2.0018317299561659


1.9809608549137214
1.9810720125727599
1.9810720125727599
1.9810720125727599
1.9810720125727599
1.9811712134194130
1.9811975936444415
2.0057214791335429
2.0051828649848660
2.0048337770739408
2.0030839977630963
2.0030839977630963
2.0030839977630963
2.0030839977630963
2.0030839977630963
2.0030839977630963
2.0030839977630963
2.0030839977630963
2.0030839977630963
2.0018317299561659


1.9809608549137214
1.9810720125727599
1.9810720125727599
1.9810720125727599
1.9810720125727599
1.9811712134194130
1.9811975936444415
2.0057214791335429
2.0051828649848660
2.0048337770739408
2.0030839977630963
2.0030839977630963
2.0030839977630963
2.0030839977630963
2.0030839977630963
2.0030839977630963
2.0030839977630963
2.0030839977630963
2.0030839977630963
2.0018317299561659


1.9809608549137214
1.9810720125727599
1.9810720125727599
1.9810720125727599
1.9810720125727599
1.9811712134194130
1.9811975936444415
2.0057214791335429
2.0051828649848660
2.0048337770739408
2.0030839977630963
2.0030839977630963
2.0030839977630963
2.0030839977630963
2.0030839977630963
2.0030839977630963
2.0030839977630963
2.0030839977630963
2.0030839977630963
2.0018317299561659


1.9809608549137214
1.9810720125727599
1.9810720125727599
1.9810720125727599
1.9810720125727599
1.9811712134194130
1.9811975936444415
2.0057214791335429
2.0051828649848660
2.0048337770739408
2.0030839977630963
2.0030839977630963
2.0030839977630963
2.0030839977630963
2.0030839977630963
2.0030839977630963
2.0030839977630963
2.0030839977630963
2.0030839977630963
2.0018317299561659


1.9809608549137214
1.9810720125727599
1.9810720125727599
1.9810720125727599
1.9810720125727599
1.9811712134194130
1.9811975936444415
2.0057214791335429
2.0051828649848660
2.0048337770739408
2.0030839977630963
2.0030839977630963
2.0030839977630963
2.0030839977630963
2.0030839977630963
2.0030839977630963
2.0030839977630963
2.0030839977630963
2.0030839977630963
2.0018317299561659


1.9809608549137214
1.9810720125727599
1.9810720125727599
1.9810720125727599
1.9810720125727599
1.9811712134194130
1.9811975936444415
2.0057214791335429
2.0051828649848660
2.0048337770739408
2.0030839977630963
2.0030839977630963
2.0030839977630963
2.0030839977630963
2.0030839977630963
2.0030839977630963
2.0030839977630963
2.0030839977630963
2.0030839977630963
2.0018317299561659


1.9809608549137214
1.9810720125727599
1.9810720125727599
1.9810720125727599
1.9810720125727599
1.9811712134194130
1.9811975936444415
2.0057214791335429
2.0051828649848660
2.0048337770739408
2.0030839977630963
2.0030839977630963
2.0030839977630963
2.0030839977630963
2.0030839977630963
2.0030839977630963
2.0030839977630963
2.0030839977630963
2.0030839977630963
2.0018317299561659


1.9809608549137214
1.9810720125727599
1.9810720125727599
1.9810720125727599
1.9810720125727599
1.9811712134194130
1.9811975936444415
2.0057214791335429
2.0051828649848660
2.0048337770739408
2.0030839977630963
2.0030839977630963
2.0030839977630963
2.0030839977630963
2.0030839977630963
2.0030839977630963
2.0030839977630963
2.0030839977630963
2.0030839977630963
2.0018317299561659


1.9809608549137214
1.9810720125727599
1.9810720125727599
1.9810720125727599
1.9810720125727599
1.9811712134194130
1.9811975936444415
2.0057214791335429
2.0051828649848660
2.0048337770739408
2.0030839977630963
2.0030839977630963
2.0030839977630963
2.0030839977630963
2.0030839977630963
2.0030839977630963
2.0030839977630963
2.0030839977630963
2.0030839977630963
2.0018317299561659


1.9809608549137214
1.9810720125727599
1.9810720125727599
1.9810720125727599
1.9810720125727599
1.9811712134194130
1.9811975936444415
2.0057214791335429
2.0051828649848660
2.0048337770739408
2.0030839977630963
2.0030839977630963
2.0030839977630963
2.0030839977630963
2.0030839977630963
2.0030839977630963
2.0030839977630963
2.0030839977630963
2.0030839977630963
2.0018317299561659


1.9809608549137214
1.9810720125727599
1.9810720125727599
1.9810720125727599
1.9810720125727599
1.9811712134194130
1.9811975936444415
2.0057214791335429
2.0051828649848660
2.0048337770739408
2.0030839977630963
2.0030839977630963
2.0030839977630963
2.0030839977630963
2.0030839977630963
2.0030839977630963
2.0030839977630963
2.0030839977630963
2.0030839977630963
2.0018317299561659


1.9809608549137214
1.9810720125727599
1.9810720125727599
1.9810720125727599
1.9810720125727599
1.9811712134194130
1.9811975936444415
2.0057214791335429
2.0051828649848660
2.0048337770739408
2.0030839977630963
2.0030839977630963
2.0030839977630963
2.0030839977630963
2.0030839977630963
2.0030839977630963
2.0030839977630963
2.0030839977630963
2.0030839977630963
2.0018317299561659


1.9809608549137214
1.9810720125727599
1.9810720125727599
1.9810720125727599
1.9810720125727599
1.9811712134194130
1.9811975936444415
2.0057214791335429
2.0051828649848660
2.0048337770739408
2.0030839977630963
2.0030839977630963
2.0030839977630963
2.0030839977630963
2.0030839977630963
2.0030839977630963
2.0030839977630963
2.0030839977630963
2.0030839977630963
2.0018317299561659


1.9809608549137214
1.9810720125727599
1.9810720125727599
1.9810720125727599
1.9810720125727599
1.9811712134194130
1.9811975936444415
2.0057214791335429
2.0051828649848660
2.0048337770739408
2.0030839977630963
2.0030839977630963
2.0030839977630963
2.0030839977630963
2.0030839977630963
2.0030839977630963
2.0030839977630963
2.0030839977630963
2.0030839977630963
2.0018317299561659


1.9809608549137214
1.9810720125727599
1.9810720125727599
1.9810720125727599
1.9810720125727599
1.9811712134194130
1.9811975936444415
2.0057214791335429
2.0051828649848660
2.0048337770739408
2.0030839977630963
2.0030839977630963
2.0030839977630963
2.0030839977630963
2.0030839977630963
2.0030839977630963
2.0030839977630963
2.0030839977630963
2.0030839977630963
2.0018317299561659


1.9809608549137214
1.9810720125727599
1.9810720125727599
1.9810720125727599
1.9810720125727599
1.9811712134194130
1.9811975936444415
2.0057214791335429
2.0051828649848660
2.0048337770739408
2.0030839977630963
2.0030839977630963
2.0030839977630963
2.0030839977630963
2.0030839977630963
2.0030839977630963
2.0030839977630963
2.0030839977630963
2.0030839977630963
2.0018317299561659


1.9809608549137214
1.9810720125727599
1.9810720125727599
1.9810720125727599
1.9810720125727599
1.9811712134194130
1.9811975936444415
2.0057214791335429
2.0051828649848660
2.0048337770739408
2.0030839977630963
2.0030839977630963
2.0030839977630963
2.0030839977630963
2.0030839977630963
2.0030839977630963
2.0030839977630963
2.0030839977630963
2.0030839977630963
2.0018317299561659


1.9809608549137214
1.9810720125727599
1.9810720125727599
1.9810720125727599
1.9810720125727599
1.9811712134194130
1.9811975936444415
2.0057214791335429
2.0051828649848660
2.0048337770739408
2.0030839977630963
2.0030839977630963
2.0030839977630963
2.0030839977630963
2.0030839977630963
2.0030839977630963
2.0030839977630963
2.0030839977630963
2.0030839977630963
2.0018317299561659


1.9809608549137214
1.9810720125727599
1.9810720125727599
1.9810720125727599
1.9810720125727599
1.9811712134194130
1.9811975936444415
2.0057214791335429
2.0051828649848660
2.0048337770739408
2.0030839977630963
2.0030839977630963
2.0030839977630963
2.0030839977630963
2.0030839977630963
2.0030839977630963
2.0030839977630963
2.0030839977630963
2.0030839977630963
2.0018317299561659


1.9809608549137214
1.9810720125727599
1.9810720125727599
1.9810720125727599
1.9810720125727599
1.9811712134194130
1.9811975936444415
2.0057214791335429
2.0051828649848660
2.0048337770739408
2.0030839977630963
2.0030839977630963
2.0030839977630963
2.0030839977630963
2.0030839977630963
2.0030839977630963
2.0030839977630963
2.0030839977630963
2.0030839977630963
2.0018317299561659


1.9809608549137214
1.9810720125727599
1.9810720125727599
1.9810720125727599
1.9810720125727599
1.9811712134194130
1.9811975936444415
2.0057214791335429
2.0051828649848660
2.0048337770739408
2.0030839977630963
2.0030839977630963
2.0030839977630963
2.0030839977630963
2.0030839977630963
2.0030839977630963
2.0030839977630963
2.0030839977630963
2.0030839977630963
2.0018317299561659


1.9809608549137214
1.9810720125727599
1.9810720125727599
1.9810720125727599
1.9810720125727599
1.9811712134194130
1.9811975936444415
2.0057214791335429
2.0051828649848660
2.0048337770739408
2.0030839977630963
2.0030839977630963
2.0030839977630963
2.0030839977630963
2.0030839977630963
2.0030839977630963
2.0030839977630963
2.0030839977630963
2.0030839977630963
2.0018317299561659


1.9809608549137214
1.9810720125727599
1.9810720125727599
1.9810720125727599
1.9810720125727599
1.9811712134194130
1.9811975936444415
2.0057214791335429
2.0051828649848660
2.0048337770739408
2.0030839977630963
2.0030839977630963
2.0030839977630963
2.0030839977630963
2.0030839977630963
2.0030839977630963
2.0030839977630963
2.0030839977630963
2.0030839977630963
2.0018317299561659


1.9809608549137214
1.9810720125727599
1.9810720125727599
1.9810720125727599
1.9810720125727599
1.9811712134194130
1.9811975936444415
2.0057214791335429
2.0051828649848660
2.0048337770739408
2.0030839977630963
2.0030839977630963
2.0030839977630963
2.0030839977630963
2.0030839977630963
2.0030839977630963
2.0030839977630963
2.0030839977630963
2.0030839977630963
2.0018317299561659


1.9809608549137214
1.9810720125727599
1.9810720125727599
1.9810720125727599
1.9810720125727599
1.9811712134194130
1.9811975936444415
2.0057214791335429
2.0051828649848660
2.0048337770739408
2.0030839977630963
2.0030839977630963
2.0030839977630963
2.0030839977630963
2.0030839977630963
2.0030839977630963
2.0030839977630963
2.0030839977630963
2.0030839977630963
2.0018317299561659


1.9809608549137214
1.9810720125727599
1.9810720125727599
1.9810720125727599
1.9810720125727599
1.9811712134194130
1.9811975936444415
2.0057214791335429
2.0051828649848660
2.0048337770739408
2.0030839977630963
2.0030839977630963
2.0030839977630963
2.0030839977630963
2.0030839977630963
2.0030839977630963
2.0030839977630963
2.0030839977630963
2.0030839977630963
2.0018317299561659


1.9809608549137214
1.9810720125727599
1.9810720125727599
1.9810720125727599
1.9810720125727599
1.9811712134194130
1.9811975936444415
2.0057214791335429
2.0051828649848660
2.0048337770739408
2.0030839977630963
2.0030839977630963
2.0030839977630963
2.0030839977630963
2.0030839977630963
2.0030839977630963
2.0030839977630963
2.0030839977630963
2.0030839977630963
2.0018317299561659


1.9809608549137214
1.9810720125727599
1.9810720125727599
1.9810720125727599
1.9810720125727599
1.9811712134194130
1.9811975936444415
2.0057214791335429
2.0051828649848660
2.0048337770739408
2.0030839977630963
2.0030839977630963
2.0030839977630963
2.0030839977630963
2.0030839977630963
2.0030839977630963
2.0030839977630963
2.0030839977630963
2.0030839977630963
2.0018317299561659


1.9809608549137214
1.9810720125727599
1.9810720125727599
1.9810720125727599
1.9810720125727599
1.9811712134194130
1.9811975936444415
2.0057214791335429
2.0051828649848660
2.0048337770739408
2.0030839977630963
2.0030839977630963
2.0030839977630963
2.0030839977630963
2.0030839977630963
2.0030839977630963
2.0030839977630963
2.0030839977630963
2.0030839977630963
2.0018317299561659


1.9809608549137214
1.9810720125727599
1.9810720125727599
1.9810720125727599
1.9810720125727599
1.9811712134194130
1.9811975936444415
2.0057214791335429
2.0051828649848660
2.0048337770739408
2.0030839977630963
2.0030839977630963
2.0030839977630963
2.0030839977630963
2.0030839977630963
2.0030839977630963
2.0030839977630963
2.0030839977630963
2.0030839977630963
2.0018317299561659


1.9809608549137214
1.9810720125727599
1.9810720125727599
1.9810720125727599
1.9810720125727599
1.9811712134194130
1.9811975936444415
2.0057214791335429
2.0051828649848660
2.0048337770739408
2.0030839977630963
2.0030839977630963
2.0030839977630963
2.0030839977630963
2.0030839977630963
2.0030839977630963
2.0030839977630963
2.0030839977630963
2.0030839977630963
2.0018317299561659


1.9809608549137214
1.9810720125727599
1.9810720125727599
1.9810720125727599
1.9810720125727599
1.9811712134194130
1.9811975936444415
2.0057214791335429
2.0051828649848660
2.0048337770739408
2.0030839977630963
2.0030839977630963
2.0030839977630963
2.0030839977630963
2.0030839977630963
2.0030839977630963
2.0030839977630963
2.0030839977630963
2.0030839977630963
2.0018317299561659


1.9809608549137214
1.9810720125727599
1.9810720125727599
1.9810720125727599
1.9810720125727599
1.9811712134194130
1.9811975936444415
2.0057214791335429
2.0051828649848660
2.0048337770739408
2.0030839977630963
2.0030839977630963
2.0030839977630963
2.0030839977630963
2.0030839977630963
2.0030839977630963
2.0030839977630963
2.0030839977630963
2.0030839977630963
2.0018317299561659


1.9809608549137214
1.9810720125727599
1.9810720125727599
1.9810720125727599
1.9810720125727599
1.9811712134194130
1.9811975936444415
2.0057214791335429
2.0051828649848660
2.0048337770739408
2.0030839977630963
2.0030839977630963
2.0030839977630963
2.0030839977630963
2.0030839977630963
2.0030839977630963
2.0030839977630963
2.0030839977630963
2.0030839977630963
2.0018317299561659


1.9809608549137214
1.9810720125727599
1.9810720125727599
1.9810720125727599
1.9810720125727599
1.9811712134194130
1.9811975936444415
2.0057214791335429
2.0051828649848660
2.0048337770739408
2.0030839977630963
2.0030839977630963
2.0030839977630963
2.0030839977630963
2.0030839977630963
2.0030839977630963
2.0030839977630963
2.0030839977630963
2.0030839977630963
2.0018317299561659


1.9809608549137214
1.9810720125727599
1.9810720125727599
1.9810720125727599
1.9810720125727599
1.9811712134194130
1.9811975936444415
2.0057214791335429
2.0051828649848660
2.0048337770739408
2.0030839977630963
2.0030839977630963
2.0030839977630963
2.0030839977630963
2.0030839977630963
2.0030839977630963
2.0030839977630963
2.0030839977630963
2.0030839977630963
2.0018317299561659


