1.9478195890134451
1.9478195890134451
1.9478195890134451
1.9491185977792322
1.9491185977792322
1.9491185977792322
1.9491185977792322
1.9491185977792322
1.9491185977792322
1.9491185977792322
1.9491185977792322
1.9491185977792322
1.9491185977792322
1.9491185977792322
1.9491185977792322
1.9478368594597835
1.9478368594597835
1.9478368594597835
1.9478368594597835
1.9478368594597835
1.9478368594597835
1.9478368594597835
1.9478368594597835
1.9478368594597835
1.9478363826226111
1.9478363826226111
1.9478363826226111
1.9478368743609451
1.9478368594597835
1.9478368743609451
1.9478368743609451
1.9478368743609451
1.9478368743609451
1.9478363826226111
1.9478363826226111
1.9478363826226111
1.9478363826226111
1.9478363826226111
1.9478363826226111
1.9478363826226111
1.9478363826226111
1.9478363826226111
1.9478363826226111
1.9478363826226111
1.9478363826226111
1.9478363826226111
1.9478363826226111
1.9478363826226111
1.9478363826226111
1.9478363826226111
1.9478363826226111
1.9478363826226111
1.9478363826226111
1.9478363826226111
1.9478363826226111
1.9478363826226111
1.9478363826226111
1.9478363826226111
1.9478363826226111
1.9478363826226111
1.9478363826226111
1.9478363826226111
1.9478363826226111
1.9478363826226111
1.9478363826226111
1.9478363826226111
1.9478363826226111
1.9478363826226111
1.9478363826226111
1.9478363826226111
1.9478363826226111
1.9478363826226111
1.9478363826226111
1.9478363826226111
1.9478363826226111
1.9478363826226111
1.9478363826226111
1.9478363826226111
1.9478363826226111
1.9478363826226111
1.9478363826226111
1.9478363826226111
1.9478363826226111
1.9478363826226111
1.9478363826226111
1.9478363826226111
1.9478363826226111
1.9478363826226111
1.9478363826226111
1.9478363826226111
1.9478363826226111
1.9478363826226111
1.9478363826226111
1.9478363826226111
1.9478363826226111
1.9478363826226111
1.9478363826226111
1.9478363826226111
1.9478363826226111
1.9478363826226111
1.9478363826226111
1.9478363826226111
1.9478363826226111
1.9478363826226111
1.9478363826226111
1.9478363826226111
1.9478363826226111
1.9478363826226111
1.9478363826226111
1.9478363826226111
1.9478363826226111
1.9478363826226111
1.9478363826226111
1.9478363826226111
1.9478363826226111
1.9478363826226111
1.9478363826226111
1.9478363826226111
1.9478363826226111
1.9478363826226111
1.9478363826226111
1.9478363826226111
1.9478363826226111
1.9478363826226111
1.9478363826226111
1.9478363826226111
1.9478363826226111
1.9478363826226111
1.9478363826226111
1.9478363826226111
1.9478363826226111
1.9478363826226111
1.9478363826226111
1.9478363826226111
1.9478363826226111
1.9478363826226111
1.9478363826226111
1.9478363826226111
1.9478363826226111
1.9478363826226111
1.9478363826226111
1.9478363826226111
1.9478363826226111
1.9478363826226111
1.9478363826226111
1.9478363826226111
1.9478363826226111
1.9478363826226111
1.9478363826226111
1.9478363826226111
1.9478363826226111
1.9478363826226111
1.9478363826226111
1.9478363826226111
1.9478363826226111
1.9478363826226111
1.9478363826226111
1.9478363826226111
1.9478363826226111
1.9478363826226111
1.9478363826226111
1.9478363826226111
1.9478363826226111
1.9478363826226111
1.9478363826226111
1.9478363826226111
1.9478363826226111
1.9478363826226111
1.9478363826226111
1.9478363826226111
1.9478363826226111
1.9478363826226111
1.9478363826226111
1.9478363826226111
1.9478363826226111
1.9478363826226111
1.9478363826226111
1.9478363826226111
1.9478363826226111
1.9478363826226111
1.9478363826226111
1.9478363826226111
1.9478363826226111
1.9478363826226111
1.9478363826226111
1.9478363826226111
1.9478363826226111
1.9478363826226111
1.9478363826226111
1.9478363826226111
1.9478363826226111
1.9478363826226111
1.9478363826226111
1.9478363826226111
1.9478363826226111
1.9478363826226111
1.9478363826226111
1.9478363826226111
1.9478363826226111
1.9478363826226111
