1.9762943827001567
1.9762943827001567
1.9762943827001567
1.9762943827001567
1.9783832722420476
1.7252288378843319
1.7252288378843319
1.7252288378843319
1.7252289868959483
1.7262943752495759
1.7252290017971099
1.7262943752495759
1.7262943752495759
1.7262943752495759
1.7262943752495759
1.7262942560402827
1.7262942560402827
1.7262942560402827
1.7262942560402827
1.7262942560402827
1.7262942560402827
1.7262942560402827
1.7262942560402827
1.7262942560402827
1.7262942560402827
1.7262942560402827
1.7262942560402827
1.7262942560402827
1.7262942560402827
1.7262942560402827
1.7262942560402827
1.7262942560402827
1.7262942560402827
1.7262942560402827
1.7262942560402827
1.7262942560402827
1.7262942560402827
1.7262942560402827
1.7262942560402827
1.7262942560402827
1.7262942560402827
1.7262942560402827
1.7262942560402827
1.7262942560402827
1.7262942560402827
1.7262942560402827
1.7262942560402827
1.7262942560402827
1.7262942560402827
1.7262942560402827
1.7262942560402827
1.7262942560402827
1.7262942560402827
1.7262942560402827
1.7262942560402827
1.7262942560402827
1.7262942560402827
1.7262942560402827
1.7262942560402827
1.7262942560402827
1.7262942560402827
1.7262942560402827
1.7262942560402827
1.7262942560402827
1.7262942560402827
1.7262942560402827
1.7262942560402827
1.7262942560402827
1.7262942560402827
1.7262942560402827
1.7262942560402827
1.7262942560402827
1.7262942560402827
1.7262942560402827
1.7262942560402827
1.7262942560402827
1.7262942560402827
1.7262942560402827
1.7262942560402827
1.7262942560402827
1.7262942560402827
1.7262942560402827
1.7262942560402827
1.7262942560402827
1.7262942560402827
1.7262942560402827
1.7262942560402827
1.7262942560402827
1.7262942560402827
1.7262942560402827
1.7262942560402827
1.7262942560402827
1.7262942560402827
1.7262942560402827
1.7262942560402827
1.7262942560402827
1.7262942560402827
1.7262942560402827
1.7262942560402827
1.7262942560402827
