16.7018194160136200
16.7019080914891940
18.0778891988174410
18.0778997817067870
18.0837176959253620
18.0837176959253620
18.0837176959253620
18.0837176959253620
18.0837176959253620
18.0837176959253620
18.0837176959253620
18.0837176959253620
18.0837176959253620
18.0837176959253620
18.0837176959253620
18.0837176959253620
18.0837176959253620
18.0837176959253620
18.0837176959253620
18.0837176959253620
18.0837176959253620
18.0837176959253620
18.0837176959253620
18.0837176959253620
18.0837176959253620
18.0837176959253620
18.0837176959253620
18.0837176959253620
18.0837176959253620
18.0837176959253620
18.0837176959253620
18.0837176959253620
18.0837176959253620
18.0837176959253620
18.0837176959253620
18.0837176959253620
18.0837176959253620
18.0837176959253620
18.0837176959253620
18.0837176959253620
18.0837176959253620
18.0837176959253620
18.0837176959253620
18.0837176959253620
18.0837176959253620
18.0837176959253620
18.0837176959253620
18.0837176959253620
18.0837176959253620
18.0837176959253620
18.0837176959253620
18.0837176959253620
18.0837176959253620
18.0837176959253620
18.0837176959253620
18.0837176959253620
18.0837176959253620
18.0837176959253620
18.0837176959253620
18.0837176959253620
18.0837176959253620
18.0837176959253620
18.0837176959253620
18.0837176959253620
18.0837176959253620
18.0837176959253620
18.0837176959253620
18.0837176959253620
18.0837176959253620
18.0837176959253620
18.0837176959253620
18.0837176959253620
18.0837176959253620
18.0837176959253620
18.0837176959253620
18.0837176959253620
18.0837176959253620
18.0837176959253620
18.0837176959253620
18.0837176959253620
18.0837176959253620
18.0837176959253620
18.0837176959253620
18.0837176959253620
18.0837176959253620
18.0837176959253620
18.0837176959253620
18.0837176959253620
18.0837176959253620
18.0837176959253620
18.0837176959253620
18.0837176959253620
18.0837176959253620
18.0837176959253620
18.0837176959253620
18.0837176959253620
18.0837176959253620
18.0837176959253620
18.0837176959253620
18.0837176959253620
