8.9322217921084697
8.9322217921084697
8.9322214315003574
8.9322764242373829
8.9315211305475568
8.9315211305475568
8.9322764242373829
8.9322217921084697
8.9322214315003574
8.9322400028181068
8.9322400028181068
8.9322214315003574
8.9322217921084697
8.9322217921084697
8.9322764242373829
8.9315211305475568
8.9315211305475568
8.9315211305475568
8.9315386200409712
8.9315211305475568
8.9315378988247467
8.9315378988247467
8.9315378988247467
8.9315378988247467
8.9314829060877230
8.9314829060877230
8.9315213108516129
8.9315211305475568
8.9315211305475568
8.9315148199056029
8.9315378988247467
8.9314829060877230
8.9314829060877230
8.9315205896353884
8.9315059850068668
8.9314829060877230
8.9314829060877230
8.9314830863917791
8.9314830863917791
8.9314829060877230
8.9315061653109229
8.9315061653109229
8.9314830863917791
8.9314830863917791
8.9314829060877230
8.9314829060877230
8.9314829060877230
8.9314829060877230
8.9314829060877230
8.9314829060877230
8.9314829060877230
8.9314829060877230
8.9314829060877230
8.9314829060877230
8.9314829060877230
8.9314829060877230
8.9314829060877230
8.9314829060877230
8.9314829060877230
8.9314829060877230
8.9314829060877230
8.9314829060877230
8.9314829060877230
8.9314829060877230
8.9314829060877230
8.9314829060877230
8.9314829060877230
8.9314829060877230
8.9314829060877230
8.9314829060877230
8.9314829060877230
8.9314829060877230
8.9314829060877230
8.9314829060877230
8.9314829060877230
8.9314829060877230
8.9314829060877230
8.9314829060877230
8.9314829060877230
8.9314829060877230
8.9314829060877230
8.9314829060877230
8.9314829060877230
8.9314829060877230
8.9314829060877230
8.9314829060877230
8.9314829060877230
8.9314829060877230
8.9314829060877230
8.9314829060877230
8.9314829060877230
8.9314829060877230
8.9314829060877230
8.9314829060877230
8.9314829060877230
8.9314829060877230
8.9314829060877230
8.9314829060877230
8.9314829060877230
8.9314829060877230
