20.2951548796919000
20.2951548796919000
20.2794572326449010
20.2592372128409260
20.2369080251730830
20.2369080251730830
20.2203672188941430
20.2116677295286210
20.2083872301164220
20.1680334246240420
20.1649910613148040
20.1365868371227990
20.1335047178863250
20.1092842758784730
20.0675999309114380
20.0563317812298790
20.0563317812298790
20.0563317812298790
20.0557176592595500
20.0515416624253580
20.0480900135066450
20.0480900135066450
20.0480900135066450
20.0480900135066450
20.0470784343007260
20.0470784343007260
20.0466350448049510
20.0455328575689470
20.0455328575689470
20.0453863423277530
20.0452144568454570
20.0441761202227120
20.0441761202227120
20.0437218938542290
20.0437091581483390
20.0435859075300440
20.0435859075300440
20.0431101572552070
20.0431101572552070
20.0430301803469460
20.0428564832897890
20.0428564832897890
20.0424126475115440
20.0424126475115440
20.0424087324459460
20.0424087324459460
20.0424087324459460
20.0423905837085710
20.0423421009717910
20.0423421009717910
20.0423335449108750
20.0423332863896240
20.0423332863896240
20.0423076182317490
20.0423076182317490
20.0423076182317490
20.0423076182317490
20.0423076182317490
20.0423076182317490
20.0423076182317490
20.0423076182317490
20.0423050255666270
20.0423050255666270
20.0423050255666270
20.0423050255666270
20.0423050255666270
20.0423050255666270
20.0423050255666270
20.0423050255666270
20.0423050255666270
20.0423050255666270
20.0423050255666270
20.0423050255666270
20.0423050255666270
20.0423050255666270
20.0423050255666270
20.0423050255666270
20.0423050255666270
20.0423050255666270
20.0423050255666270
20.0423050255666270
20.0423050255666270
20.0423050255666270
20.0423050255666270
20.0423050255666270
20.0423050255666270
20.0423050255666270
20.0423050255666270
20.0423050255666270
20.0423050255666270
20.0423050255666270
20.0423050255666270
20.0423050255666270
20.0423050255666270
20.0423050255666270
20.0423050255666270
20.0423050255666270
20.0423050255666270
20.0423050255666270
20.0423050255666270
