8.6922141951982432
8.6922973153679752
8.6923984659432900
8.6922237513132021
8.6922973153679752
8.7979156448815949
8.7980075999500631
8.7971338464955640
8.7971338464955640
8.7971306010225589
8.7971306010225589
8.7971306010225589
8.7971338464955640
8.7971338464955640
8.7970945402113951
8.7971306010225589
8.7970945402113951
8.7970949008195056
8.7970844431842696
8.7970830007518224
8.7970848037923801
8.7970945402113951
8.7971306010225589
8.7971306010225589
8.7971338464955640
8.7971338464955640
8.7971309616306694
8.7982023283303477
8.7982023283303477
8.7982416346145147
8.7982383891415115
8.7982387497496219
8.7982416346145147
8.7982416346145147
8.7982412740064042
8.7982412740064042
8.7982416346145147
8.7982416346145147
8.7982416346145147
8.7982419952226270
8.7982419952226270
8.7982419952226270
8.7982419952226270
8.7982419952226270
8.7982419952226270
8.7982419952226270
8.7982419952226270
8.7982419952226270
8.7982419952226270
8.7982419952226270
8.7982419952226270
8.7982419952226270
8.7982419952226270
8.7982419952226270
8.7982419952226270
8.7982419952226270
8.7982419952226270
8.7982419952226270
8.7982419952226270
8.7982419952226270
8.7982419952226270
8.7982419952226270
8.7982419952226270
8.7982419952226270
8.7982419952226270
8.7982419952226270
8.7982419952226270
8.7982419952226270
8.7982419952226270
8.7982419952226270
8.7982419952226270
8.7982419952226270
8.7982419952226270
8.7982419952226270
8.7982419952226270
8.7982419952226270
8.7982419952226270
8.7982419952226270
8.7982419952226270
8.7982419952226270
8.7982419952226270
8.7982419952226270
8.7982419952226270
8.7982419952226270
8.7982419952226270
8.7982419952226270
8.7982419952226270
8.7982419952226270
8.7982419952226270
8.7982419952226270
8.7982419952226270
8.7982419952226270
8.7982419952226270
8.7982419952226270
8.7982419952226270
8.7982419952226270
8.7982419952226270
8.7982419952226270
8.7982419952226270
8.7982419952226270
