8.9805176758920453
8.9805176758920453
8.9805176758920453
8.9805176758920453
8.9805180365001558
8.9805180365001558
8.9805180365001558
8.9805180365001558
8.9805180365001558
8.9805180365001558
8.9805180365001558
8.9805180365001558
8.9805180365001558
8.9805180365001558
8.9805180365001558
8.9805180365001558
8.9805180365001558
8.9805180365001558
8.9805180365001558
8.9805180365001558
8.9805180365001558
8.9805180365001558
8.9805180365001558
8.9805180365001558
8.9805180365001558
8.9805180365001558
8.9805180365001558
8.9805180365001558
8.9805180365001558
8.9805180365001558
8.9805180365001558
8.9805180365001558
8.9805180365001558
8.9805180365001558
8.9805180365001558
8.9805180365001558
8.9805180365001558
8.9805180365001558
8.9805180365001558
8.9805180365001558
8.9805180365001558
8.9805180365001558
8.9805180365001558
8.9805180365001558
8.9805180365001558
8.9805180365001558
8.9805180365001558
8.9805180365001558
8.9805180365001558
8.9805180365001558
8.9805180365001558
8.9805180365001558
8.9805180365001558
8.9805180365001558
8.9805180365001558
8.9805180365001558
8.9805180365001558
8.9805180365001558
8.9805180365001558
8.9805180365001558
8.9805180365001558
8.9805180365001558
8.9805180365001558
8.9805180365001558
8.9805180365001558
8.9805180365001558
8.9805180365001558
8.9805180365001558
8.9805180365001558
8.9805180365001558
8.9805180365001558
8.9805180365001558
8.9805180365001558
8.9805180365001558
8.9805180365001558
8.9805180365001558
8.9805180365001558
8.9805180365001558
8.9805180365001558
8.9805180365001558
8.9805180365001558
8.9805180365001558
8.9805180365001558
8.9805180365001558
8.9805180365001558
8.9805180365001558
8.9805180365001558
8.9805180365001558
8.9805180365001558
8.9805180365001558
8.9805180365001558
8.9805180365001558
8.9805180365001558
8.9805180365001558
8.9805180365001558
8.9805180365001558
8.9805180365001558
8.9805180365001558
8.9805180365001558
8.9805180365001558
