15.8082902070819210
15.8094497697032320
15.9020724970510850
15.9120717629800180
15.9337048370171210
16.8937872417513190
16.8959667176782170
17.4547908052645510
17.5566334249886720
17.6186389712631520
17.6337863027533790
17.6337863027533790
17.6537068517090780
17.6537068517090780
17.7039951519327520
17.7076470648710290
17.7196858050351690
17.7197745402226480
17.7419229819866760
17.7584138478525770
17.7584514868856830
17.7585906030339980
17.7700007844115500
17.7700007844115500
17.7700672111716930
17.7700672111716930
17.7705778356010420
17.7872043959838530
17.7872054530925790
17.7872440821130090
17.7877346177691180
17.7877591548857840
17.7878011176958570
17.7878011176958570
17.7878129791480500
17.7878140363012380
17.7878152959521570
17.7878152959521570
17.7878197356655650
17.7878241677282960
17.7878248655860110
17.7878259227388150
17.7878259983291260
17.7878259983291260
17.7878273580425060
17.7878273580425060
17.7878273580425060
17.7878273580425060
17.7878273580425060
17.7878284151955310
17.7878293773397860
17.7878293773397860
17.7878293773397860
17.7878293773397860
17.7878293773397860
17.7878296416270740
17.7878296416270740
17.7878296416270740
17.7878296416270740
17.7878296416270740
17.7878296416270740
17.7878296416270740
17.7878296416270740
17.7878296416270740
17.7878296416270740
17.7878296416270740
17.7878296416270740
17.7878296416270740
17.7878296416270740
17.7878296416270740
17.7878296416270740
17.7878296416270740
17.7878296416270740
17.7878296416270740
17.7878296416270740
17.7878296416270740
17.7878296416270740
17.7878296416270740
17.7878296416270740
17.7878296416270740
17.7878296416270740
17.7878296416270740
17.7878296416270740
17.7878296416270740
17.7878296416270740
17.7878296416270740
17.7878296416270740
17.7878296416270740
17.7878296416270740
17.7878296416270740
17.7878296416270740
17.7878296416270740
17.7878296416270740
17.7878296416270740
17.7878296416270740
17.7878296416270740
17.7878296416270740
17.7878296416270740
17.7878296416270740
17.7878296416270740
