8.7016931400207618
9.0654084314527630
8.9421044377119667
9.0655669187178276
9.0869883026775202
9.0869874011572414
9.0655669187178276
9.0655669187178276
9.0654082511487069
9.0869875814612975
9.0869875814612975
9.0869875814612975
9.0869875814612975
9.0869875814612975
9.0869875814612975
9.0869875814612975
9.0869875814612975
9.0869870405491291
9.0869870405491291
9.0869872208531852
9.0869872208531852
9.0869877617653536
9.0869870405491291
9.0869870405491291
9.0869875814612975
9.0869875814612975
9.0869875814612975
9.0869875814612975
9.0869875814612975
9.0869875814612975
9.0869875814612975
9.0869875814612975
9.0869875814612975
9.0869875814612975
9.0869875814612975
9.0869875814612975
9.0869875814612975
9.0869875814612975
9.0869875814612975
9.0869875814612975
9.0869875814612975
9.0869875814612975
9.0869875814612975
9.0869875814612975
9.0869875814612975
9.0869875814612975
9.0869875814612975
9.0869875814612975
9.0869875814612975
9.0869875814612975
9.0869875814612975
9.0869875814612975
9.0869875814612975
9.0869875814612975
9.0869875814612975
9.0869875814612975
9.0869875814612975
9.0869875814612975
9.0869875814612975
9.0869875814612975
9.0869875814612975
9.0869875814612975
9.0869875814612975
9.0869875814612975
9.0869875814612975
9.0869875814612975
9.0869875814612975
9.0869875814612975
9.0869875814612975
9.0869875814612975
9.0869875814612975
9.0869875814612975
9.0869875814612975
9.0869875814612975
9.0869875814612975
9.0869875814612975
9.0869875814612975
9.0869875814612975
9.0869875814612975
9.0869875814612975
9.0869875814612975
9.0869875814612975
9.0869875814612975
9.0869875814612975
9.0869875814612975
9.0869875814612975
9.0869875814612975
9.0869875814612975
9.0869875814612975
9.0869875814612975
9.0869875814612975
9.0869875814612975
9.0869875814612975
9.0869875814612975
9.0869875814612975
9.0869875814612975
9.0869875814612975
9.0869875814612975
9.0869875814612975
9.0869875814612975
