14.6549912978691130
15.6931412106150760
16.9816850683915210
17.8543182264807430
18.7857101533147710
18.7828492452650620
18.5135529119163880
18.5135529119163880
18.5038175772641580
18.5000757102956610
18.5000757102956610
18.5000757102956610
18.5000757102956610
18.5000757102956610
18.5000757102956610
18.5000757102956610
18.5000757102956610
18.4999851910849880
18.4999851910849880
18.4999946813309140
18.4999946813309140
18.4999960389046550
18.4999971763504010
18.4999971763504010
18.5000013425651520
18.5000013425651520
18.5000000686659260
18.5000000686659260
18.5000000686659260
18.5000000686659260
18.5000000686659260
18.5000000686659260
18.5000000686659260
18.5000000686659260
18.5000000686659260
18.5000000686659260
18.5000000686659260
18.5000000686659260
18.5000000686659260
18.5000000686659260
18.5000000686659260
18.5000000686659260
18.5000000686659260
18.5000000686659260
18.5000000686659260
18.5000000686659260
18.5000000686659260
18.5000000686659260
18.5000000686659260
18.5000000686659260
18.5000000686659260
18.5000000686659260
18.5000000686659260
18.5000000686659260
18.5000000686659260
18.5000000686659260
18.5000000686659260
18.5000000686659260
18.5000000686659260
18.5000000686659260
18.5000000686659260
18.5000000686659260
18.5000000686659260
18.5000000686659260
18.5000000686659260
18.5000000686659260
18.5000000686659260
18.5000000686659260
18.5000000686659260
18.5000000686659260
18.5000000686659260
18.5000000686659260
18.5000000686659260
18.5000000686659260
18.5000000686659260
18.5000000686659260
18.5000000686659260
18.5000000686659260
18.5000000686659260
18.5000000686659260
18.5000000686659260
18.5000000686659260
18.5000000686659260
18.5000000686659260
18.5000000686659260
18.5000000686659260
18.5000000686659260
18.5000000686659260
18.5000000686659260
18.5000000686659260
18.5000000686659260
18.5000000686659260
18.5000000686659260
18.5000000686659260
18.5000000686659260
18.5000000686659260
18.5000000686659260
18.5000000686659260
18.5000000686659260
18.5000000686659260
