1.3039656997908862
1.3039656997908862
1.3033805490547583
1.3039656997908862
1.3033805490547583
1.3033805490547583
1.3033805132919702
1.3033805490547583
1.3033805490547583
1.3039659322490076
1.3039905370471041
1.3039664865722205
1.3039659143676137
1.3045524240896829
1.3045524240896829
1.3045524240896829
1.3045524240896829
1.3045524240896829
1.3045524240896829
1.3045522095129554
1.3045522095129554
1.3045522095129554
1.3045522095129554
1.3045522095129554
1.3045522095129554
1.3045522095129554
1.3045522095129554
1.3045762421064448
1.3045762421064448
1.3045762421064448
1.3045762421064448
1.3045764566831726
1.3045764566831726
1.3045764566831726
1.3045762421064448
1.3045764566831726
1.3045764566831726
1.3045764566831726
1.3045764566831726
1.3045764566831726
1.3045762421064448
1.3045762421064448
1.3045764566831726
1.3045764566831726
1.3045764566831726
1.3045764566831726
1.3045764566831726
1.3045764566831726
1.3045763851575967
1.3045763851575967
1.3045764566831726
1.3045762421064448
1.3045762421064448
1.3045764566831726
1.3045764566831726
1.3045764566831726
1.3045764566831726
1.3045764566831726
1.3045764566831726
1.3045764566831726
1.3045764566831726
1.3045764566831726
1.3045764566831726
1.3045764566831726
1.3045764566831726
1.3045764566831726
1.3045764566831726
1.3045764566831726
1.3045764566831726
1.3045764566831726
1.3045764566831726
1.3045764566831726
1.3045764566831726
1.3045764566831726
1.3045764566831726
1.3045764566831726
1.3045764566831726
1.3045764566831726
1.3045764566831726
1.3045764566831726
1.3045764566831726
1.3045764566831726
1.3045764566831726
1.3045764566831726
1.3045764566831726
1.3045764566831726
1.3045764566831726
1.3045764566831726
1.3045764566831726
1.3045764566831726
1.3045764566831726
1.3045764566831726
1.3045764566831726
1.3045764566831726
1.3045764566831726
1.3045764566831726
1.3045764566831726
1.3045764566831726
1.3045764566831726
1.3045764566831726
