1.3138538960770934
1.3138539228991843
1.3138525728539399
1.3125354114930454
1.3125355634848941
1.3138538960770934
1.3138525728539399
1.3125355366628033
1.3125355366628033
1.3125353578488637
1.3125353578488637
1.3125353578488637
1.3125355366628033
1.3125355366628033
1.3125355277221062
1.3125353578488637
1.3123890433427408
1.3123886052485885
1.3123890433427408
1.3123890254613466
1.3123890344020437
1.3123890433427408
1.3123890165206498
1.3123890165206498
1.3123890522834376
1.3123890522834376
1.3123890522834376
1.3123888734694980
1.3123888734694980
1.3123890522834376
1.3123890165206498
1.3123890165206498
1.3123890522834376
1.3123890522834376
1.3123888824101950
1.3123888824101950
1.3123888734694980
1.3123888734694980
1.3123888734694980
1.3123888824101950
1.3123888734694980
1.3123888734694980
1.3123888734694980
1.3123888734694980
1.3123888824101950
1.3123888824101950
1.3123888824101950
1.3123888824101950
1.3123888824101950
1.3123888824101950
1.3123888734694980
1.3123888734694980
1.3123888734694980
1.3123888734694980
1.3123888734694980
1.3123888734694980
1.3123888734694980
1.3123888734694980
1.3123888734694980
1.3123888734694980
1.3123888734694980
1.3123888734694980
1.3123888734694980
1.3123888734694980
1.3123888734694980
1.3123888734694980
1.3123888734694980
1.3123888734694980
1.3123888734694980
1.3123888734694980
1.3123888734694980
1.3123888734694980
1.3123888734694980
1.3123888734694980
1.3123888734694980
1.3123888734694980
1.3123888734694980
1.3123888734694980
1.3123888734694980
1.3123888734694980
1.3123888734694980
1.3123888734694980
1.3123888734694980
1.3123888734694980
1.3123888734694980
1.3123888734694980
1.3123888734694980
1.3123888734694980
1.3123888734694980
1.3123888734694980
1.3123888734694980
1.3123888734694980
1.3123888734694980
1.3123888734694980
1.3123888734694980
1.3123888734694980
1.3123888734694980
1.3123888734694980
1.3123888734694980
1.3123888734694980
