1.3012514293566773
1.3012515277043442
1.3012515277043442
1.3012514293566773
1.3012514830008592
1.3012514830008592
1.3012514830008592
1.3012514830008592
1.3012514830008592
1.3012514830008592
1.3012514830008592
1.3012514830008592
1.3012514830008592
1.3012514830008592
1.3012514830008592
1.3012514830008592
1.3012514830008592
1.3012514830008592
1.3012514830008592
1.3012514830008592
1.3012514830008592
1.3012514830008592
1.3012514830008592
1.3012514830008592
1.3012514830008592
1.3012514830008592
1.3012514830008592
1.3012514830008592
1.3012514830008592
1.3012514830008592
1.3012514830008592
1.3012514830008592
1.3012514830008592
1.3012514830008592
1.3012514830008592
1.3012514830008592
1.3012514830008592
1.3012514830008592
1.3012514830008592
1.3012514830008592
1.3012514830008592
1.3012514830008592
1.3012514830008592
1.3012514830008592
1.3012514830008592
1.3012514830008592
1.3012514830008592
1.3012514830008592
1.3012514830008592
1.3012514830008592
1.3012514830008592
1.3012514830008592
1.3012514830008592
1.3012514830008592
1.3012514830008592
1.3012514830008592
1.3012514830008592
1.3012514830008592
1.3012514830008592
1.3012514830008592
1.3012514830008592
1.3012514830008592
1.3012514830008592
1.3012514830008592
1.3012514830008592
1.3012514830008592
1.3012514830008592
1.3012514830008592
1.3012514830008592
1.3012514830008592
1.3012514830008592
1.3012514830008592
1.3012514830008592
1.3012514830008592
1.3012514830008592
1.3012514830008592
1.3012514830008592
1.3012514830008592
1.3012514830008592
1.3012514830008592
1.3012514830008592
1.3012514830008592
1.3012514830008592
1.3012514830008592
1.3012514830008592
1.3012514830008592
1.3012514830008592
1.3012514830008592
1.3012514830008592
1.3012514830008592
1.3012514830008592
1.3012514830008592
1.3012514830008592
1.3012514830008592
1.3012514830008592
1.3012514830008592
1.3012514830008592
1.3012514830008592
1.3012514830008592
1.3012514830008592
