1.3025289476671502
1.3323849568481732
1.3025001407414718
1.3212789482259437
1.3025225997722925
1.3025506646201213
1.3025289476671502
1.3025289476671502
1.3025383890431639
1.3048938156632726
1.3048938156632726
1.3048938156632726
1.3048938156632726
1.3048938156632726
1.3048938156632726
1.3048938156632726
1.3048938156632726
1.3048938693074545
1.3048938693074545
1.3048938156632726
1.3048938156632726
1.3048938693074545
1.3048938693074545
1.3048938693074545
1.3048938693074545
1.3048938693074545
1.3048938693074545
1.3048938693074545
1.3048938693074545
1.3048938693074545
1.3048938693074545
1.3048938693074545
1.3048938693074545
1.3048938693074545
1.3048938693074545
1.3048938693074545
1.3048938693074545
1.3048938693074545
1.3048938693074545
1.3048938693074545
1.3048938693074545
1.3048938693074545
1.3048938693074545
1.3048938693074545
1.3048938693074545
1.3048938693074545
1.3048938693074545
1.3048938693074545
1.3048938693074545
1.3048938693074545
1.3048938693074545
1.3048938693074545
1.3048938693074545
1.3048938693074545
1.3048938693074545
1.3048938693074545
1.3048938693074545
1.3048938693074545
1.3048938693074545
1.3048938693074545
1.3048938693074545
1.3048938693074545
1.3048938693074545
1.3048938693074545
1.3048938693074545
1.3048938693074545
1.3048938693074545
1.3048938693074545
1.3048938693074545
1.3048938693074545
1.3048938693074545
1.3048938693074545
1.3048938693074545
1.3048938693074545
1.3048938693074545
1.3048938693074545
1.3048938693074545
1.3048938693074545
1.3048938693074545
1.3048938693074545
1.3048938693074545
1.3048938693074545
1.3048938693074545
1.3048938693074545
1.3048938693074545
1.3048938693074545
1.3048938693074545
1.3048938693074545
1.3048938693074545
1.3048938693074545
1.3048938693074545
1.3048938693074545
1.3048938693074545
1.3048938693074545
1.3048938693074545
1.3048938693074545
1.3048938693074545
1.3048938693074545
1.3048938693074545
1.3048938693074545
