1.4439819951677917
1.4439819951677917
1.4439819815564745
1.4439819915587304
1.4439819947553276
1.4439819951677917
1.4439819815564745
1.4439819951677917
1.4439819951677917
1.4439549503056690
1.4439549503056690
1.4439549503056690
1.4439549507181331
1.4439549507181331
1.4439279190548635
1.4439279190548635
1.4439279190548635
1.4439279190548635
1.4439279190548635
1.4439279194673276
1.4439279194673276
1.4439279194673276
1.4439279190548635
1.4439279190548635
1.4439279190548635
1.4439279190548635
1.4439279194673276
1.4439279194673276
1.4439279194673276
1.4439279190548635
1.4439279194673276
1.4439279194673276
1.4439279194673276
1.4439279194673276
1.4439279194673276
1.4439279194673276
1.4439279190548635
1.4439279190548635
1.4439279194673276
1.4439279194673276
1.4439279194673276
1.4439279194673276
1.4439279190548635
1.4439279190548635
1.4439279190548635
1.4439279190548635
1.4439279190548635
1.4439279190548635
1.4439279190548635
1.4439279190548635
1.4439279190548635
1.4439279190548635
1.4439279190548635
1.4439279190548635
1.4439279190548635
1.4439279190548635
1.4439279190548635
1.4439279190548635
1.4439279190548635
1.4439279190548635
1.4439279190548635
1.4439279190548635
1.4439279190548635
1.4439279190548635
1.4439279190548635
1.4439279190548635
1.4439279190548635
1.4439279190548635
1.4439279190548635
1.4439279190548635
1.4439279190548635
1.4439279190548635
1.4439279190548635
1.4439279190548635
1.4439279190548635
1.4439279190548635
1.4439279190548635
1.4439279190548635
1.4439279190548635
1.4439279190548635
1.4439279190548635
1.4439279190548635
1.4439279190548635
1.4439279190548635
1.4439279190548635
1.4439279190548635
1.4439279190548635
1.4439279190548635
1.4439279190548635
1.4439279190548635
1.4439279190548635
1.4439279190548635
1.4439279190548635
1.4439279190548635
1.4439279190548635
1.4439279190548635
1.4439279190548635
1.4439279190548635
1.4439279190548635
1.4439279190548635
