1.4462333005175978
1.4462333005175978
1.4462353323160211
1.4462353323160211
1.4462333789889030
1.4462333789889030
1.4462333789889030
1.4462333789889030
1.4462333789889030
1.4462333789889030
1.4462333789889030
1.4462333789889030
1.4462333789889030
1.4462333789889030
1.4462333789889030
1.4462333789889030
1.4462333789889030
1.4462333789889030
1.4462333789889030
1.4462333789889030
1.4462333789889030
1.4462333789889030
1.4462333789889030
1.4462333789889030
1.4462333789889030
1.4462333789889030
1.4462333789889030
1.4462333789889030
1.4462333789889030
1.4462333789889030
1.4462333789889030
1.4462333789889030
1.4462333789889030
1.4462333789889030
1.4462333789889030
1.4462333789889030
1.4462333789889030
1.4462333789889030
1.4462333789889030
1.4462333789889030
1.4462333789889030
1.4462333789889030
1.4462333789889030
1.4462333789889030
1.4462333789889030
1.4462333789889030
1.4462333789889030
1.4462333789889030
1.4462333789889030
1.4462333789889030
1.4462333789889030
1.4462333789889030
1.4462333789889030
1.4462333789889030
1.4462333789889030
1.4462333789889030
1.4462333789889030
1.4462333789889030
1.4462333789889030
1.4462333789889030
1.4462333789889030
1.4462333789889030
1.4462333789889030
1.4462333789889030
1.4462333789889030
1.4462333789889030
1.4462333789889030
1.4462333789889030
1.4462333789889030
1.4462333789889030
1.4462333789889030
1.4462333789889030
1.4462333789889030
1.4462333789889030
1.4462333789889030
1.4462333789889030
1.4462333789889030
1.4462333789889030
1.4462333789889030
1.4462333789889030
1.4462333789889030
1.4462333789889030
1.4462333789889030
1.4462333789889030
1.4462333789889030
1.4462333789889030
1.4462333789889030
1.4462333789889030
1.4462333789889030
1.4462333789889030
1.4462333789889030
1.4462333789889030
1.4462333789889030
1.4462333789889030
1.4462333789889030
1.4462333789889030
1.4462333789889030
1.4462333789889030
1.4462333789889030
1.4462333789889030
