1.4455824204302554
1.4455824204302554
1.4456104838726069
1.4455827603007185
1.4456096044990303
1.4456096044990303
1.4456070016439855
1.4456094516810611
1.4456104838726069
1.4456010350406479
1.4456010350406479
1.4456104834601426
1.4456097948512374
1.4456094516810611
1.4456106362781118
1.4456096044990303
1.4456096044990303
1.4456096044990303
1.4456097915515240
1.4456096044990303
1.4456106362781118
1.4456106362781118
1.4456106362781118
1.4456106362781118
1.4456104834601426
1.4456104834601426
1.4456106362781118
1.4456105548164413
1.4456105548164413
1.4456106362781118
1.4456106362781118
1.4456104838726069
1.4456104838726069
1.4456106362781118
1.4456105548164413
1.4456104838726069
1.4456104838726069
1.4456106362781118
1.4456106362781118
1.4456106360718797
1.4456106362781118
1.4456106362781118
1.4456106362781118
1.4456106362781118
1.4456106364843440
1.4456106364843440
1.4456106364843440
1.4456106422588419
1.4456106604072647
1.4456106604072647
1.4456106604072647
1.4456106686565480
1.4456106686565480
1.4456106686565480
1.4456106686565480
1.4456106686565480
1.4456106686565480
1.4456106686565480
1.4456106686565480
1.4456106686565480
1.4456106686565480
1.4456106694814763
1.4456106694814763
1.4456106694814763
1.4456106694814763
1.4456106694814763
1.4456106694814763
1.4456106694814763
1.4456106694814763
1.4456106694814763
1.4456106694814763
1.4456106694814763
1.4456106694814763
1.4456106694814763
1.4456106694814763
1.4456106694814763
1.4456106694814763
1.4456106694814763
1.4456106694814763
1.4456106694814763
1.4456106694814763
1.4456106694814763
1.4456106694814763
1.4456106694814763
1.4456106694814763
1.4456106694814763
1.4456106694814763
1.4456106694814763
1.4456106694814763
1.4456106694814763
1.4456106694814763
1.4456106694814763
1.4456106694814763
1.4456106694814763
1.4456106694814763
1.4456106694814763
1.4456106694814763
1.4456106694814763
1.4456106694814763
1.4456106694814763
