1.4446728373602877
1.4454942092995109
1.4450620014143587
1.4451053373731773
1.4450620014143587
1.4450617414588256
1.4450619836784000
1.4450619836784000
1.4450619865656491
1.4450620051265359
1.4450620051265359
1.4450620051265359
1.4450620051265359
1.4450620051265359
1.4450620051265359
1.4450620051265359
1.4450620051265359
1.4450620014143587
1.4450620014143587
1.4450620014143587
1.4450620014143587
1.4450620014143587
1.4450620014143587
1.4450620014143587
1.4450620010018944
1.4450620010018944
1.4450620014143587
1.4450620014143587
1.4450620014143587
1.4450620014143587
1.4450620014143587
1.4450620014143587
1.4450620014143587
1.4450620014143587
1.4450620014143587
1.4450620014143587
1.4450620014143587
1.4450620014143587
1.4450620014143587
1.4450620014143587
1.4450620014143587
1.4450620014143587
1.4450620014143587
1.4450620014143587
1.4450620014143587
1.4450620014143587
1.4450620014143587
1.4450620014143587
1.4450620014143587
1.4450620014143587
1.4450620014143587
1.4450620014143587
1.4450620014143587
1.4450620014143587
1.4450620014143587
1.4450620014143587
1.4450620014143587
1.4450620014143587
1.4450620014143587
1.4450620014143587
1.4450620014143587
1.4450620014143587
1.4450620014143587
1.4450620014143587
1.4450620014143587
1.4450620014143587
1.4450620014143587
1.4450620014143587
1.4450620014143587
1.4450620014143587
1.4450620014143587
1.4450620014143587
1.4450620014143587
1.4450620014143587
1.4450620014143587
1.4450620014143587
1.4450620014143587
1.4450620014143587
1.4450620014143587
1.4450620014143587
1.4450620014143587
1.4450620014143587
1.4450620014143587
1.4450620014143587
1.4450620014143587
1.4450620014143587
1.4450620014143587
1.4450620014143587
1.4450620014143587
1.4450620014143587
1.4450620014143587
1.4450620014143587
1.4450620014143587
1.4450620014143587
1.4450620014143587
1.4450620014143587
1.4450620014143587
1.4450620014143587
1.4450620014143587
1.4450620014143587
