1.4665210389340233
1.4665210389340233
1.4665579880338309
1.4665113588151741
1.4665210328877281
1.4663598628389796
1.4663598630279262
1.4665210389340233
1.4665579878448840
1.4665579880338309
1.4665579880338309
1.4665579880338309
1.4665705700910261
1.4665705700910261
1.4665579880338309
1.4665579880338309
1.4665579880338309
1.4665579881283042
1.4665703708466997
1.4665705703744463
1.4665705703744463
1.4665705703744463
1.4665703708466997
1.4665703708466997
1.4665703709411733
1.4665703709411733
1.4665705700910261
1.4665705699965528
1.4665705703744463
1.4665703709411733
1.4665705703744463
1.4665705700910261
1.4665705704689196
1.4665705704689196
1.4665705700910261
1.4665705704689196
1.4665705699965528
1.4665705699965528
1.4665705699965528
1.4665705700910261
1.4665705699965528
1.4665705703744463
1.4665705699965528
1.4665705699965528
1.4665705699965528
1.4665705699965528
1.4665705699965528
1.4665705699965528
1.4665705699965528
1.4665705703744463
1.4665705703744463
1.4665705703744463
1.4665705703744463
1.4665705703744463
1.4665705703744463
1.4665705704689196
1.4665705704689196
1.4665705704689196
1.4665705704689196
1.4665705704689196
1.4665705704689196
1.4665705704689196
1.4665705704689196
1.4665705704689196
1.4665705704689196
1.4665705704689196
1.4665705704689196
1.4665705704689196
1.4665705704689196
1.4665705704689196
1.4665705704689196
1.4665705704689196
1.4665705704689196
1.4665705704689196
1.4665705704689196
1.4665705704689196
1.4665705704689196
1.4665705704689196
1.4665705704689196
1.4665705704689196
1.4665705704689196
1.4665705704689196
1.4665705704689196
1.4665705704689196
1.4665705704689196
1.4665705704689196
1.4665705704689196
1.4665705704689196
1.4665705704689196
1.4665705704689196
1.4665705704689196
1.4665705704689196
1.4665705704689196
1.4665705704689196
1.4665705704689196
1.4665705704689196
1.4665705704689196
1.4665705704689196
1.4665705704689196
1.4665705704689196
