1.4668788543468372
1.4668788896798757
1.4668788543468372
1.4668788543468372
1.4668788893019822
1.4668788893019822
1.4668788893019822
1.4668788893019822
1.4668788893019822
1.4668788893019822
1.4668788893019822
1.4668788893019822
1.4668788893019822
1.4668788893019822
1.4668788893019822
1.4668788893019822
1.4668788893019822
1.4668788893019822
1.4668788893019822
1.4668788893019822
1.4668788893019822
1.4668788893019822
1.4668788893019822
1.4668788893019822
1.4668788893019822
1.4668788893019822
1.4668788893019822
1.4668788893019822
1.4668788893019822
1.4668788893019822
1.4668788893019822
1.4668788893019822
1.4668788893019822
1.4668788893019822
1.4668788893019822
1.4668788893019822
1.4668788893019822
1.4668788893019822
1.4668788893019822
1.4668788893019822
1.4668788893019822
1.4668788893019822
1.4668788893019822
1.4668788893019822
1.4668788893019822
1.4668788893019822
1.4668788893019822
1.4668788893019822
1.4668788893019822
1.4668788893019822
1.4668788893019822
1.4668788893019822
1.4668788893019822
1.4668788893019822
1.4668788893019822
1.4668788893019822
1.4668788893019822
1.4668788893019822
1.4668788893019822
1.4668788893019822
1.4668788893019822
1.4668788893019822
1.4668788893019822
1.4668788893019822
1.4668788893019822
1.4668788893019822
1.4668788893019822
1.4668788893019822
1.4668788893019822
1.4668788893019822
1.4668788893019822
1.4668788893019822
1.4668788893019822
1.4668788893019822
1.4668788893019822
1.4668788893019822
1.4668788893019822
1.4668788893019822
1.4668788893019822
1.4668788893019822
1.4668788893019822
1.4668788893019822
1.4668788893019822
1.4668788893019822
1.4668788893019822
1.4668788893019822
1.4668788893019822
1.4668788893019822
1.4668788893019822
1.4668788893019822
1.4668788893019822
1.4668788893019822
1.4668788893019822
1.4668788893019822
1.4668788893019822
1.4668788893019822
1.4668788893019822
1.4668788893019822
1.4668788893019822
1.4668788893019822
