1.4672066480137900
1.4672066480137900
1.4672066480137900
1.4672186681434116
1.4672186707886656
1.4672186707886656
1.4672066239230819
1.4672066480137900
1.4672066480137900
1.4672066483916835
1.4672066242065021
1.4672066507535175
1.4672066480137900
1.4672186680489381
1.4672066481082633
1.4672062879757968
1.4672062879757968
1.4672062879757968
1.4672062879757968
1.4672066235451884
1.4672066481082633
1.4672066481082633
1.4672066481082633
1.4672066481082633
1.4672063094212504
1.4672063094212504
1.4672062879757968
1.4672065781979733
1.4672065781979733
1.4672066481082633
1.4672066481082633
1.4672063094212504
1.4672063094212504
1.4672062882592167
1.4672060947777656
1.4672063094212504
1.4672063094212504
1.4672063094212504
1.4672063094212504
1.4672062852360692
1.4672060917546181
1.4672060917546181
1.4672060917546181
1.4672060917546181
1.4672060917546181
1.4672060917546181
1.4672060917546181
1.4672060917546181
1.4672060917546181
1.4672060917546181
1.4672060917546181
1.4672060917546181
1.4672060917546181
1.4672060917546181
1.4672060917546181
1.4672060917546181
1.4672060917546181
1.4672060917546181
1.4672060917546181
1.4672060917546181
1.4672060917546181
1.4672060917546181
1.4672060917546181
1.4672060917546181
1.4672060917546181
1.4672060917546181
1.4672060917546181
1.4672060917546181
1.4672060917546181
1.4672060917546181
1.4672060917546181
1.4672060917546181
1.4672060917546181
1.4672060917546181
1.4672060917546181
1.4672060917546181
1.4672060917546181
1.4672060917546181
1.4672060917546181
1.4672060917546181
1.4672060917546181
1.4672060917546181
1.4672060917546181
1.4672060917546181
1.4672060917546181
1.4672060917546181
1.4672060917546181
1.4672060917546181
1.4672060917546181
1.4672060917546181
1.4672060917546181
1.4672060917546181
1.4672060917546181
1.4672060917546181
1.4672060917546181
1.4672060917546181
1.4672060917546181
1.4672060917546181
1.4672060917546181
1.4672060917546181
