1.4674379644414175
1.4658200223821409
1.4675075705271234
1.4658370928688971
1.4674050121317808
1.4674050120373074
1.4674220929161337
1.4674220929161337
1.4674201157775555
1.4674050121317808
1.4674050121317808
1.4674050121317808
1.4674050121317808
1.4674050121317808
1.4674050121317808
1.4674050121317808
1.4674050121317808
1.4674050665484388
1.4674050665484388
1.4674050665484388
1.4674050665484388
1.4674050665484388
1.4674050665484388
1.4674050665484388
1.4674050665484388
1.4674050665484388
1.4674050665484388
1.4674050665484388
1.4674050665484388
1.4674050665484388
1.4674050665484388
1.4674050665484388
1.4674050665484388
1.4674050665484388
1.4674050665484388
1.4674050665484388
1.4674050665484388
1.4674050665484388
1.4674050665484388
1.4674050665484388
1.4674050665484388
1.4674050665484388
1.4674050665484388
1.4674050665484388
1.4674050665484388
1.4674050665484388
1.4674050665484388
1.4674050665484388
1.4674050665484388
1.4674050665484388
1.4674050665484388
1.4674050665484388
1.4674050665484388
1.4674050665484388
1.4674050665484388
1.4674050665484388
1.4674050665484388
1.4674050665484388
1.4674050665484388
1.4674050665484388
1.4674050665484388
1.4674050665484388
1.4674050665484388
1.4674050665484388
1.4674050665484388
1.4674050665484388
1.4674050665484388
1.4674050665484388
1.4674050665484388
1.4674050665484388
1.4674050665484388
1.4674050665484388
1.4674050665484388
1.4674050665484388
1.4674050665484388
1.4674050665484388
1.4674050665484388
1.4674050665484388
1.4674050665484388
1.4674050665484388
1.4674050665484388
1.4674050665484388
1.4674050665484388
1.4674050665484388
1.4674050665484388
1.4674050665484388
1.4674050665484388
1.4674050665484388
1.4674050665484388
1.4674050665484388
1.4674050665484388
1.4674050665484388
1.4674050665484388
1.4674050665484388
1.4674050665484388
1.4674050665484388
1.4674050665484388
1.4674050665484388
1.4674050665484388
1.4674050665484388
