4.4232604587025568
5.3671821519982235
5.6844079946466506
6.4800222706463515
7.1163802486030061
11.7859375548025190
11.7984965278616300
12.8332640417258400
14.6521358316618570
15.2302784446313060
15.2311730376456180
15.2311730376456180
15.2311730376456180
15.2311730376456180
15.2311730376456180
15.2311730376456180
15.2311730376456180
15.2311730376456180
16.4701173102728550
16.7018194160136200


15.2311730376456180
15.2311730376456180
15.2311730376456180
15.2311730376456180
15.2311730376456180
15.2311730376456180
15.2311730376456180
15.2311730376456180
15.2311730376456180
15.2311730376456180
15.2311730376456180
15.2311730376456180
15.2311742239822580
15.2426176919393990
16.4701173102728550
16.4701317899917330
16.7018194160136200
16.7018194160136200
16.7018194160136200
16.7019080914891940


15.2311730376456180
15.2426176919393990
15.2427734479811880
15.2722962409212840
16.4701173102728550
16.4701317899917330
16.4701317899917330
16.4701317899917330
16.7018194160136200
16.7018194160136200
16.7018194160136200
16.7018194160136200
16.7018194160136200
16.7018194160136200
16.7018194160136200
16.7018194160136200
16.7019080914891940
16.7019080914891940
16.7026057496287700
18.0778891988174410


16.7018194160136200
16.7018194160136200
16.7018194160136200
16.7018194160136200
16.7018194160136200
16.7018194160136200
16.7018194160136200
16.7018194160136200
16.7019080914891940
16.7019080914891940
16.7019080914891940
16.7019080914891940
16.7026057496287700
16.7150363931832830
18.0764704089364370
18.0766951687870830
18.0778891988174410
18.0778891988174410
18.0778891988174410
18.0778997817067870


16.7095585567179510
18.0755969894323480
18.0764704089364370
18.0765870926564600
18.0766951687870830
18.0766951687870830
18.0767564025909660
18.0778891988174410
18.0778891988174410
18.0778891988174410
18.0778891988174410
18.0778891988174410
18.0778891988174410
18.0778891988174410
18.0778997817067870
18.0779943056300780
18.0779972804640040
18.0821464887790530
18.0821464887790530
18.0837176959253620


18.0778891988174410
18.0778891988174410
18.0778891988174410
18.0778891988174410
18.0778891988174410
18.0778891988174410
18.0778997817067870
18.0778997817067870
18.0779007437861270
18.0779222511444930
18.0779612531822700
18.0779943056300780
18.0779972804640040
18.0779972804640040
18.0821359028069960
18.0821464887790530
18.0821464887790530
18.0821464887790530
18.0821464887790530
18.0837176959253620


18.0778997817067870
18.0779222511444930
18.0779252259681160
18.0779718361191190
18.0779943056300780
18.0779943056300780
18.0779944658300200
18.0779972804640040
18.0779972804640040
18.0779972804640040
18.0821359028069960
18.0821464887790530
18.0821464887790530
18.0821464887790530
18.0821464887790530
18.0821464887790530
18.0821464887790530
18.0821464887790530
18.0821719381858160
18.0837176959253620


18.0779612531822700
18.0779972804640040
18.0780078634246450
18.0821464887790530
18.0821464887790530
18.0821464887790530
18.0821464887790530
18.0821464887790530
18.0821464887790530
18.0821464887790530
18.0821464887790530
18.0821464887790530
18.0821464887790530
18.0821464887790530
18.0821719381858160
18.0822411938611010
18.0834594587178010
18.0834604211312600
18.0835540084348910
18.0837176959253620


18.0821464887790530
18.0821464887790530
18.0821464887790530
18.0821464887790530
18.0821464887790530
18.0821464887790530
18.0821474511407200
18.0821691229188380
18.0821719381858160
18.0822185596476680
18.0822411938611010
18.0834594587178010
18.0834594587178010
18.0834594587178010
18.0834604211312600
18.0834604211312600
18.0834604211312600
18.0835209467210060
18.0835540084348910
18.0837176959253620


18.0822079736280550
18.0822185596476680
18.0822185596476680
18.0834594587178010
18.0834594587178010
18.0834594587178010
18.0834594587178010
18.0834594587178010
18.0834594587178010
18.0834604211312600
18.0834604211312600
18.0834604211312600
18.0834604211312600
18.0834604211312600
18.0834820940037030
18.0835209467210060
18.0835209467210060
18.0835209467210060
18.0835540084348910
18.0837176959253620


18.0834594587178010
18.0834594587178010
18.0834604211312600
18.0834604211312600
18.0834604211312600
18.0834604211312600
18.0834604211312600
18.0834604211312600
18.0834604211312600
18.0834820940037030
18.0835209467210060
18.0835209467210060
18.0835209467210060
18.0835209467210060
18.0835209467210060
18.0835209467210060
18.0835324957292410
18.0835324957292410
18.0835540084348910
18.0837176959253620


18.0834604211312600
18.0834820940037030
18.0834964583986700
18.0835209467210060
18.0835209467210060
18.0835209467210060
18.0835209467210060
18.0835209467210060
18.0835209467210060
18.0835209467210060
18.0835209467210060
18.0835209467210060
18.0835209467210060
18.0835324957292410
18.0835324957292410
18.0835324957292410
18.0835324957292410
18.0835324957292410
18.0835540084348910
18.0837176959253620


18.0835209467210060
18.0835209467210060
18.0835209467210060
18.0835209467210060
18.0835209467210060
18.0835209467210060
18.0835209467210060
18.0835209467210060
18.0835324957292410
18.0835324957292410
18.0835324957292410
18.0835324957292410
18.0835324957292410
18.0835324957292410
18.0835324957292410
18.0835324957292410
18.0835324957292410
18.0835324957292410
18.0835540084348910
18.0837176959253620


18.0835209467210060
18.0835324957292410
18.0835324957292410
18.0835324957292410
18.0835324957292410
18.0835324957292410
18.0835324957292410
18.0835324957292410
18.0835324957292410
18.0835324957292410
18.0835324957292410
18.0835324957292410
18.0835324957292410
18.0835324957292410
18.0835324957292410
18.0835324957292410
18.0835324957292410
18.0835324957292410
18.0835540084348910
18.0837176959253620


18.0835324957292410
18.0835324957292410
18.0835324957292410
18.0835324957292410
18.0835324957292410
18.0835324957292410
18.0835324957292410
18.0835324957292410
18.0835324957292410
18.0835324957292410
18.0835324957292410
18.0835324957292410
18.0835324957292410
18.0835324957292410
18.0835324957292410
18.0835324957292410
18.0835324957292410
18.0835324957292410
18.0835540084348910
18.0837176959253620


18.0835324957292410
18.0835324957292410
18.0835324957292410
18.0835324957292410
18.0835324957292410
18.0835324957292410
18.0835324957292410
18.0835324957292410
18.0835324957292410
18.0835324957292410
18.0835324957292410
18.0835324957292410
18.0835324957292410
18.0835324957292410
18.0835324957292410
18.0835324957292410
18.0835324957292410
18.0835324957292410
18.0835540084348910
18.0837176959253620


18.0835324957292410
18.0835324957292410
18.0835324957292410
18.0835324957292410
18.0835324957292410
18.0835324957292410
18.0835324957292410
18.0835324957292410
18.0835324957292410
18.0835324957292410
18.0835324957292410
18.0835324957292410
18.0835324957292410
18.0835324957292410
18.0835324957292410
18.0835324957292410
18.0835324957292410
18.0835324957292410
18.0835540084348910
18.0837176959253620


18.0835324957292410
18.0835324957292410
18.0835324957292410
18.0835324957292410
18.0835324957292410
18.0835324957292410
18.0835324957292410
18.0835324957292410
18.0835324957292410
18.0835324957292410
18.0835324957292410
18.0835324957292410
18.0835324957292410
18.0835324957292410
18.0835324957292410
18.0835324957292410
18.0835324957292410
18.0835324957292410
18.0835540084348910
18.0837176959253620


18.0835324957292410
18.0835324957292410
18.0835324957292410
18.0835324957292410
18.0835324957292410
18.0835324957292410
18.0835324957292410
18.0835324957292410
18.0835324957292410
18.0835324957292410
18.0835324957292410
18.0835324957292410
18.0835324957292410
18.0835324957292410
18.0835324957292410
18.0835324957292410
18.0835324957292410
18.0835324957292410
18.0835540084348910
18.0837176959253620


18.0835324957292410
18.0835324957292410
18.0835324957292410
18.0835324957292410
18.0835324957292410
18.0835324957292410
18.0835324957292410
18.0835324957292410
18.0835324957292410
18.0835324957292410
18.0835324957292410
18.0835324957292410
18.0835324957292410
18.0835324957292410
18.0835324957292410
18.0835324957292410
18.0835324957292410
18.0835324957292410
18.0835540084348910
18.0837176959253620


18.0835324957292410
18.0835324957292410
18.0835324957292410
18.0835324957292410
18.0835324957292410
18.0835324957292410
18.0835324957292410
18.0835324957292410
18.0835324957292410
18.0835324957292410
18.0835324957292410
18.0835324957292410
18.0835324957292410
18.0835324957292410
18.0835324957292410
18.0835324957292410
18.0835324957292410
18.0835324957292410
18.0835540084348910
18.0837176959253620


18.0835324957292410
18.0835324957292410
18.0835324957292410
18.0835324957292410
18.0835324957292410
18.0835324957292410
18.0835324957292410
18.0835324957292410
18.0835324957292410
18.0835324957292410
18.0835324957292410
18.0835324957292410
18.0835324957292410
18.0835324957292410
18.0835324957292410
18.0835324957292410
18.0835324957292410
18.0835324957292410
18.0835540084348910
18.0837176959253620


18.0835324957292410
18.0835324957292410
18.0835324957292410
18.0835324957292410
18.0835324957292410
18.0835324957292410
18.0835324957292410
18.0835324957292410
18.0835324957292410
18.0835324957292410
18.0835324957292410
18.0835324957292410
18.0835324957292410
18.0835324957292410
18.0835324957292410
18.0835324957292410
18.0835324957292410
18.0835324957292410
18.0835540084348910
18.0837176959253620


18.0835324957292410
18.0835324957292410
18.0835324957292410
18.0835324957292410
18.0835324957292410
18.0835324957292410
18.0835324957292410
18.0835324957292410
18.0835324957292410
18.0835324957292410
18.0835324957292410
18.0835324957292410
18.0835324957292410
18.0835324957292410
18.0835324957292410
18.0835324957292410
18.0835324957292410
18.0835324957292410
18.0835540084348910
18.0837176959253620


18.0835324957292410
18.0835324957292410
18.0835324957292410
18.0835324957292410
18.0835324957292410
18.0835324957292410
18.0835324957292410
18.0835324957292410
18.0835324957292410
18.0835324957292410
18.0835324957292410
18.0835324957292410
18.0835324957292410
18.0835324957292410
18.0835324957292410
18.0835324957292410
18.0835324957292410
18.0835324957292410
18.0835540084348910
18.0837176959253620


18.0835324957292410
18.0835324957292410
18.0835324957292410
18.0835324957292410
18.0835324957292410
18.0835324957292410
18.0835324957292410
18.0835324957292410
18.0835324957292410
18.0835324957292410
18.0835324957292410
18.0835324957292410
18.0835324957292410
18.0835324957292410
18.0835324957292410
18.0835324957292410
18.0835324957292410
18.0835324957292410
18.0835540084348910
18.0837176959253620


18.0835324957292410
18.0835324957292410
18.0835324957292410
18.0835324957292410
18.0835324957292410
18.0835324957292410
18.0835324957292410
18.0835324957292410
18.0835324957292410
18.0835324957292410
18.0835324957292410
18.0835324957292410
18.0835324957292410
18.0835324957292410
18.0835324957292410
18.0835324957292410
18.0835324957292410
18.0835324957292410
18.0835540084348910
18.0837176959253620


18.0835324957292410
18.0835324957292410
18.0835324957292410
18.0835324957292410
18.0835324957292410
18.0835324957292410
18.0835324957292410
18.0835324957292410
18.0835324957292410
18.0835324957292410
18.0835324957292410
18.0835324957292410
18.0835324957292410
18.0835324957292410
18.0835324957292410
18.0835324957292410
18.0835324957292410
18.0835324957292410
18.0835540084348910
18.0837176959253620


18.0835324957292410
18.0835324957292410
18.0835324957292410
18.0835324957292410
18.0835324957292410
18.0835324957292410
18.0835324957292410
18.0835324957292410
18.0835324957292410
18.0835324957292410
18.0835324957292410
18.0835324957292410
18.0835324957292410
18.0835324957292410
18.0835324957292410
18.0835324957292410
18.0835324957292410
18.0835324957292410
18.0835540084348910
18.0837176959253620


18.0835324957292410
18.0835324957292410
18.0835324957292410
18.0835324957292410
18.0835324957292410
18.0835324957292410
18.0835324957292410
18.0835324957292410
18.0835324957292410
18.0835324957292410
18.0835324957292410
18.0835324957292410
18.0835324957292410
18.0835324957292410
18.0835324957292410
18.0835324957292410
18.0835324957292410
18.0835324957292410
18.0835540084348910
18.0837176959253620


18.0835324957292410
18.0835324957292410
18.0835324957292410
18.0835324957292410
18.0835324957292410
18.0835324957292410
18.0835324957292410
18.0835324957292410
18.0835324957292410
18.0835324957292410
18.0835324957292410
18.0835324957292410
18.0835324957292410
18.0835324957292410
18.0835324957292410
18.0835324957292410
18.0835324957292410
18.0835324957292410
18.0835540084348910
18.0837176959253620


18.0835324957292410
18.0835324957292410
18.0835324957292410
18.0835324957292410
18.0835324957292410
18.0835324957292410
18.0835324957292410
18.0835324957292410
18.0835324957292410
18.0835324957292410
18.0835324957292410
18.0835324957292410
18.0835324957292410
18.0835324957292410
18.0835324957292410
18.0835324957292410
18.0835324957292410
18.0835324957292410
18.0835540084348910
18.0837176959253620


18.0835324957292410
18.0835324957292410
18.0835324957292410
18.0835324957292410
18.0835324957292410
18.0835324957292410
18.0835324957292410
18.0835324957292410
18.0835324957292410
18.0835324957292410
18.0835324957292410
18.0835324957292410
18.0835324957292410
18.0835324957292410
18.0835324957292410
18.0835324957292410
18.0835324957292410
18.0835324957292410
18.0835540084348910
18.0837176959253620


18.0835324957292410
18.0835324957292410
18.0835324957292410
18.0835324957292410
18.0835324957292410
18.0835324957292410
18.0835324957292410
18.0835324957292410
18.0835324957292410
18.0835324957292410
18.0835324957292410
18.0835324957292410
18.0835324957292410
18.0835324957292410
18.0835324957292410
18.0835324957292410
18.0835324957292410
18.0835324957292410
18.0835540084348910
18.0837176959253620


18.0835324957292410
18.0835324957292410
18.0835324957292410
18.0835324957292410
18.0835324957292410
18.0835324957292410
18.0835324957292410
18.0835324957292410
18.0835324957292410
18.0835324957292410
18.0835324957292410
18.0835324957292410
18.0835324957292410
18.0835324957292410
18.0835324957292410
18.0835324957292410
18.0835324957292410
18.0835324957292410
18.0835540084348910
18.0837176959253620


18.0835324957292410
18.0835324957292410
18.0835324957292410
18.0835324957292410
18.0835324957292410
18.0835324957292410
18.0835324957292410
18.0835324957292410
18.0835324957292410
18.0835324957292410
18.0835324957292410
18.0835324957292410
18.0835324957292410
18.0835324957292410
18.0835324957292410
18.0835324957292410
18.0835324957292410
18.0835324957292410
18.0835540084348910
18.0837176959253620


18.0835324957292410
18.0835324957292410
18.0835324957292410
18.0835324957292410
18.0835324957292410
18.0835324957292410
18.0835324957292410
18.0835324957292410
18.0835324957292410
18.0835324957292410
18.0835324957292410
18.0835324957292410
18.0835324957292410
18.0835324957292410
18.0835324957292410
18.0835324957292410
18.0835324957292410
18.0835324957292410
18.0835540084348910
18.0837176959253620


18.0835324957292410
18.0835324957292410
18.0835324957292410
18.0835324957292410
18.0835324957292410
18.0835324957292410
18.0835324957292410
18.0835324957292410
18.0835324957292410
18.0835324957292410
18.0835324957292410
18.0835324957292410
18.0835324957292410
18.0835324957292410
18.0835324957292410
18.0835324957292410
18.0835324957292410
18.0835324957292410
18.0835540084348910
18.0837176959253620


18.0835324957292410
18.0835324957292410
18.0835324957292410
18.0835324957292410
18.0835324957292410
18.0835324957292410
18.0835324957292410
18.0835324957292410
18.0835324957292410
18.0835324957292410
18.0835324957292410
18.0835324957292410
18.0835324957292410
18.0835324957292410
18.0835324957292410
18.0835324957292410
18.0835324957292410
18.0835324957292410
18.0835540084348910
18.0837176959253620


18.0835324957292410
18.0835324957292410
18.0835324957292410
18.0835324957292410
18.0835324957292410
18.0835324957292410
18.0835324957292410
18.0835324957292410
18.0835324957292410
18.0835324957292410
18.0835324957292410
18.0835324957292410
18.0835324957292410
18.0835324957292410
18.0835324957292410
18.0835324957292410
18.0835324957292410
18.0835324957292410
18.0835540084348910
18.0837176959253620


18.0835324957292410
18.0835324957292410
18.0835324957292410
18.0835324957292410
18.0835324957292410
18.0835324957292410
18.0835324957292410
18.0835324957292410
18.0835324957292410
18.0835324957292410
18.0835324957292410
18.0835324957292410
18.0835324957292410
18.0835324957292410
18.0835324957292410
18.0835324957292410
18.0835324957292410
18.0835324957292410
18.0835540084348910
18.0837176959253620


18.0835324957292410
18.0835324957292410
18.0835324957292410
18.0835324957292410
18.0835324957292410
18.0835324957292410
18.0835324957292410
18.0835324957292410
18.0835324957292410
18.0835324957292410
18.0835324957292410
18.0835324957292410
18.0835324957292410
18.0835324957292410
18.0835324957292410
18.0835324957292410
18.0835324957292410
18.0835324957292410
18.0835540084348910
18.0837176959253620


18.0835324957292410
18.0835324957292410
18.0835324957292410
18.0835324957292410
18.0835324957292410
18.0835324957292410
18.0835324957292410
18.0835324957292410
18.0835324957292410
18.0835324957292410
18.0835324957292410
18.0835324957292410
18.0835324957292410
18.0835324957292410
18.0835324957292410
18.0835324957292410
18.0835324957292410
18.0835324957292410
18.0835540084348910
18.0837176959253620


18.0835324957292410
18.0835324957292410
18.0835324957292410
18.0835324957292410
18.0835324957292410
18.0835324957292410
18.0835324957292410
18.0835324957292410
18.0835324957292410
18.0835324957292410
18.0835324957292410
18.0835324957292410
18.0835324957292410
18.0835324957292410
18.0835324957292410
18.0835324957292410
18.0835324957292410
18.0835324957292410
18.0835540084348910
18.0837176959253620


18.0835324957292410
18.0835324957292410
18.0835324957292410
18.0835324957292410
18.0835324957292410
18.0835324957292410
18.0835324957292410
18.0835324957292410
18.0835324957292410
18.0835324957292410
18.0835324957292410
18.0835324957292410
18.0835324957292410
18.0835324957292410
18.0835324957292410
18.0835324957292410
18.0835324957292410
18.0835324957292410
18.0835540084348910
18.0837176959253620


18.0835324957292410
18.0835324957292410
18.0835324957292410
18.0835324957292410
18.0835324957292410
18.0835324957292410
18.0835324957292410
18.0835324957292410
18.0835324957292410
18.0835324957292410
18.0835324957292410
18.0835324957292410
18.0835324957292410
18.0835324957292410
18.0835324957292410
18.0835324957292410
18.0835324957292410
18.0835324957292410
18.0835540084348910
18.0837176959253620


18.0835324957292410
18.0835324957292410
18.0835324957292410
18.0835324957292410
18.0835324957292410
18.0835324957292410
18.0835324957292410
18.0835324957292410
18.0835324957292410
18.0835324957292410
18.0835324957292410
18.0835324957292410
18.0835324957292410
18.0835324957292410
18.0835324957292410
18.0835324957292410
18.0835324957292410
18.0835324957292410
18.0835540084348910
18.0837176959253620


18.0835324957292410
18.0835324957292410
18.0835324957292410
18.0835324957292410
18.0835324957292410
18.0835324957292410
18.0835324957292410
18.0835324957292410
18.0835324957292410
18.0835324957292410
18.0835324957292410
18.0835324957292410
18.0835324957292410
18.0835324957292410
18.0835324957292410
18.0835324957292410
18.0835324957292410
18.0835324957292410
18.0835540084348910
18.0837176959253620


18.0835324957292410
18.0835324957292410
18.0835324957292410
18.0835324957292410
18.0835324957292410
18.0835324957292410
18.0835324957292410
18.0835324957292410
18.0835324957292410
18.0835324957292410
18.0835324957292410
18.0835324957292410
18.0835324957292410
18.0835324957292410
18.0835324957292410
18.0835324957292410
18.0835324957292410
18.0835324957292410
18.0835540084348910
18.0837176959253620


18.0835324957292410
18.0835324957292410
18.0835324957292410
18.0835324957292410
18.0835324957292410
18.0835324957292410
18.0835324957292410
18.0835324957292410
18.0835324957292410
18.0835324957292410
18.0835324957292410
18.0835324957292410
18.0835324957292410
18.0835324957292410
18.0835324957292410
18.0835324957292410
18.0835324957292410
18.0835324957292410
18.0835540084348910
18.0837176959253620


18.0835324957292410
18.0835324957292410
18.0835324957292410
18.0835324957292410
18.0835324957292410
18.0835324957292410
18.0835324957292410
18.0835324957292410
18.0835324957292410
18.0835324957292410
18.0835324957292410
18.0835324957292410
18.0835324957292410
18.0835324957292410
18.0835324957292410
18.0835324957292410
18.0835324957292410
18.0835324957292410
18.0835540084348910
18.0837176959253620


18.0835324957292410
18.0835324957292410
18.0835324957292410
18.0835324957292410
18.0835324957292410
18.0835324957292410
18.0835324957292410
18.0835324957292410
18.0835324957292410
18.0835324957292410
18.0835324957292410
18.0835324957292410
18.0835324957292410
18.0835324957292410
18.0835324957292410
18.0835324957292410
18.0835324957292410
18.0835324957292410
18.0835540084348910
18.0837176959253620


18.0835324957292410
18.0835324957292410
18.0835324957292410
18.0835324957292410
18.0835324957292410
18.0835324957292410
18.0835324957292410
18.0835324957292410
18.0835324957292410
18.0835324957292410
18.0835324957292410
18.0835324957292410
18.0835324957292410
18.0835324957292410
18.0835324957292410
18.0835324957292410
18.0835324957292410
18.0835324957292410
18.0835540084348910
18.0837176959253620


18.0835324957292410
18.0835324957292410
18.0835324957292410
18.0835324957292410
18.0835324957292410
18.0835324957292410
18.0835324957292410
18.0835324957292410
18.0835324957292410
18.0835324957292410
18.0835324957292410
18.0835324957292410
18.0835324957292410
18.0835324957292410
18.0835324957292410
18.0835324957292410
18.0835324957292410
18.0835324957292410
18.0835540084348910
18.0837176959253620


18.0835324957292410
18.0835324957292410
18.0835324957292410
18.0835324957292410
18.0835324957292410
18.0835324957292410
18.0835324957292410
18.0835324957292410
18.0835324957292410
18.0835324957292410
18.0835324957292410
18.0835324957292410
18.0835324957292410
18.0835324957292410
18.0835324957292410
18.0835324957292410
18.0835324957292410
18.0835324957292410
18.0835540084348910
18.0837176959253620


18.0835324957292410
18.0835324957292410
18.0835324957292410
18.0835324957292410
18.0835324957292410
18.0835324957292410
18.0835324957292410
18.0835324957292410
18.0835324957292410
18.0835324957292410
18.0835324957292410
18.0835324957292410
18.0835324957292410
18.0835324957292410
18.0835324957292410
18.0835324957292410
18.0835324957292410
18.0835324957292410
18.0835540084348910
18.0837176959253620


18.0835324957292410
18.0835324957292410
18.0835324957292410
18.0835324957292410
18.0835324957292410
18.0835324957292410
18.0835324957292410
18.0835324957292410
18.0835324957292410
18.0835324957292410
18.0835324957292410
18.0835324957292410
18.0835324957292410
18.0835324957292410
18.0835324957292410
18.0835324957292410
18.0835324957292410
18.0835324957292410
18.0835540084348910
18.0837176959253620


18.0835324957292410
18.0835324957292410
18.0835324957292410
18.0835324957292410
18.0835324957292410
18.0835324957292410
18.0835324957292410
18.0835324957292410
18.0835324957292410
18.0835324957292410
18.0835324957292410
18.0835324957292410
18.0835324957292410
18.0835324957292410
18.0835324957292410
18.0835324957292410
18.0835324957292410
18.0835324957292410
18.0835540084348910
18.0837176959253620


18.0835324957292410
18.0835324957292410
18.0835324957292410
18.0835324957292410
18.0835324957292410
18.0835324957292410
18.0835324957292410
18.0835324957292410
18.0835324957292410
18.0835324957292410
18.0835324957292410
18.0835324957292410
18.0835324957292410
18.0835324957292410
18.0835324957292410
18.0835324957292410
18.0835324957292410
18.0835324957292410
18.0835540084348910
18.0837176959253620


18.0835324957292410
18.0835324957292410
18.0835324957292410
18.0835324957292410
18.0835324957292410
18.0835324957292410
18.0835324957292410
18.0835324957292410
18.0835324957292410
18.0835324957292410
18.0835324957292410
18.0835324957292410
18.0835324957292410
18.0835324957292410
18.0835324957292410
18.0835324957292410
18.0835324957292410
18.0835324957292410
18.0835540084348910
18.0837176959253620


18.0835324957292410
18.0835324957292410
18.0835324957292410
18.0835324957292410
18.0835324957292410
18.0835324957292410
18.0835324957292410
18.0835324957292410
18.0835324957292410
18.0835324957292410
18.0835324957292410
18.0835324957292410
18.0835324957292410
18.0835324957292410
18.0835324957292410
18.0835324957292410
18.0835324957292410
18.0835324957292410
18.0835540084348910
18.0837176959253620


18.0835324957292410
18.0835324957292410
18.0835324957292410
18.0835324957292410
18.0835324957292410
18.0835324957292410
18.0835324957292410
18.0835324957292410
18.0835324957292410
18.0835324957292410
18.0835324957292410
18.0835324957292410
18.0835324957292410
18.0835324957292410
18.0835324957292410
18.0835324957292410
18.0835324957292410
18.0835324957292410
18.0835540084348910
18.0837176959253620


18.0835324957292410
18.0835324957292410
18.0835324957292410
18.0835324957292410
18.0835324957292410
18.0835324957292410
18.0835324957292410
18.0835324957292410
18.0835324957292410
18.0835324957292410
18.0835324957292410
18.0835324957292410
18.0835324957292410
18.0835324957292410
18.0835324957292410
18.0835324957292410
18.0835324957292410
18.0835324957292410
18.0835540084348910
18.0837176959253620


18.0835324957292410
18.0835324957292410
18.0835324957292410
18.0835324957292410
18.0835324957292410
18.0835324957292410
18.0835324957292410
18.0835324957292410
18.0835324957292410
18.0835324957292410
18.0835324957292410
18.0835324957292410
18.0835324957292410
18.0835324957292410
18.0835324957292410
18.0835324957292410
18.0835324957292410
18.0835324957292410
18.0835540084348910
18.0837176959253620


18.0835324957292410
18.0835324957292410
18.0835324957292410
18.0835324957292410
18.0835324957292410
18.0835324957292410
18.0835324957292410
18.0835324957292410
18.0835324957292410
18.0835324957292410
18.0835324957292410
18.0835324957292410
18.0835324957292410
18.0835324957292410
18.0835324957292410
18.0835324957292410
18.0835324957292410
18.0835324957292410
18.0835540084348910
18.0837176959253620


18.0835324957292410
18.0835324957292410
18.0835324957292410
18.0835324957292410
18.0835324957292410
18.0835324957292410
18.0835324957292410
18.0835324957292410
18.0835324957292410
18.0835324957292410
18.0835324957292410
18.0835324957292410
18.0835324957292410
18.0835324957292410
18.0835324957292410
18.0835324957292410
18.0835324957292410
18.0835324957292410
18.0835540084348910
18.0837176959253620


18.0835324957292410
18.0835324957292410
18.0835324957292410
18.0835324957292410
18.0835324957292410
18.0835324957292410
18.0835324957292410
18.0835324957292410
18.0835324957292410
18.0835324957292410
18.0835324957292410
18.0835324957292410
18.0835324957292410
18.0835324957292410
18.0835324957292410
18.0835324957292410
18.0835324957292410
18.0835324957292410
18.0835540084348910
18.0837176959253620


18.0835324957292410
18.0835324957292410
18.0835324957292410
18.0835324957292410
18.0835324957292410
18.0835324957292410
18.0835324957292410
18.0835324957292410
18.0835324957292410
18.0835324957292410
18.0835324957292410
18.0835324957292410
18.0835324957292410
18.0835324957292410
18.0835324957292410
18.0835324957292410
18.0835324957292410
18.0835324957292410
18.0835540084348910
18.0837176959253620


18.0835324957292410
18.0835324957292410
18.0835324957292410
18.0835324957292410
18.0835324957292410
18.0835324957292410
18.0835324957292410
18.0835324957292410
18.0835324957292410
18.0835324957292410
18.0835324957292410
18.0835324957292410
18.0835324957292410
18.0835324957292410
18.0835324957292410
18.0835324957292410
18.0835324957292410
18.0835324957292410
18.0835540084348910
18.0837176959253620


18.0835324957292410
18.0835324957292410
18.0835324957292410
18.0835324957292410
18.0835324957292410
18.0835324957292410
18.0835324957292410
18.0835324957292410
18.0835324957292410
18.0835324957292410
18.0835324957292410
18.0835324957292410
18.0835324957292410
18.0835324957292410
18.0835324957292410
18.0835324957292410
18.0835324957292410
18.0835324957292410
18.0835540084348910
18.0837176959253620


18.0835324957292410
18.0835324957292410
18.0835324957292410
18.0835324957292410
18.0835324957292410
18.0835324957292410
18.0835324957292410
18.0835324957292410
18.0835324957292410
18.0835324957292410
18.0835324957292410
18.0835324957292410
18.0835324957292410
18.0835324957292410
18.0835324957292410
18.0835324957292410
18.0835324957292410
18.0835324957292410
18.0835540084348910
18.0837176959253620


18.0835324957292410
18.0835324957292410
18.0835324957292410
18.0835324957292410
18.0835324957292410
18.0835324957292410
18.0835324957292410
18.0835324957292410
18.0835324957292410
18.0835324957292410
18.0835324957292410
18.0835324957292410
18.0835324957292410
18.0835324957292410
18.0835324957292410
18.0835324957292410
18.0835324957292410
18.0835324957292410
18.0835540084348910
18.0837176959253620


18.0835324957292410
18.0835324957292410
18.0835324957292410
18.0835324957292410
18.0835324957292410
18.0835324957292410
18.0835324957292410
18.0835324957292410
18.0835324957292410
18.0835324957292410
18.0835324957292410
18.0835324957292410
18.0835324957292410
18.0835324957292410
18.0835324957292410
18.0835324957292410
18.0835324957292410
18.0835324957292410
18.0835540084348910
18.0837176959253620


18.0835324957292410
18.0835324957292410
18.0835324957292410
18.0835324957292410
18.0835324957292410
18.0835324957292410
18.0835324957292410
18.0835324957292410
18.0835324957292410
18.0835324957292410
18.0835324957292410
18.0835324957292410
18.0835324957292410
18.0835324957292410
18.0835324957292410
18.0835324957292410
18.0835324957292410
18.0835324957292410
18.0835540084348910
18.0837176959253620


18.0835324957292410
18.0835324957292410
18.0835324957292410
18.0835324957292410
18.0835324957292410
18.0835324957292410
18.0835324957292410
18.0835324957292410
18.0835324957292410
18.0835324957292410
18.0835324957292410
18.0835324957292410
18.0835324957292410
18.0835324957292410
18.0835324957292410
18.0835324957292410
18.0835324957292410
18.0835324957292410
18.0835540084348910
18.0837176959253620


18.0835324957292410
18.0835324957292410
18.0835324957292410
18.0835324957292410
18.0835324957292410
18.0835324957292410
18.0835324957292410
18.0835324957292410
18.0835324957292410
18.0835324957292410
18.0835324957292410
18.0835324957292410
18.0835324957292410
18.0835324957292410
18.0835324957292410
18.0835324957292410
18.0835324957292410
18.0835324957292410
18.0835540084348910
18.0837176959253620


18.0835324957292410
18.0835324957292410
18.0835324957292410
18.0835324957292410
18.0835324957292410
18.0835324957292410
18.0835324957292410
18.0835324957292410
18.0835324957292410
18.0835324957292410
18.0835324957292410
18.0835324957292410
18.0835324957292410
18.0835324957292410
18.0835324957292410
18.0835324957292410
18.0835324957292410
18.0835324957292410
18.0835540084348910
18.0837176959253620


18.0835324957292410
18.0835324957292410
18.0835324957292410
18.0835324957292410
18.0835324957292410
18.0835324957292410
18.0835324957292410
18.0835324957292410
18.0835324957292410
18.0835324957292410
18.0835324957292410
18.0835324957292410
18.0835324957292410
18.0835324957292410
18.0835324957292410
18.0835324957292410
18.0835324957292410
18.0835324957292410
18.0835540084348910
18.0837176959253620


18.0835324957292410
18.0835324957292410
18.0835324957292410
18.0835324957292410
18.0835324957292410
18.0835324957292410
18.0835324957292410
18.0835324957292410
18.0835324957292410
18.0835324957292410
18.0835324957292410
18.0835324957292410
18.0835324957292410
18.0835324957292410
18.0835324957292410
18.0835324957292410
18.0835324957292410
18.0835324957292410
18.0835540084348910
18.0837176959253620


18.0835324957292410
18.0835324957292410
18.0835324957292410
18.0835324957292410
18.0835324957292410
18.0835324957292410
18.0835324957292410
18.0835324957292410
18.0835324957292410
18.0835324957292410
18.0835324957292410
18.0835324957292410
18.0835324957292410
18.0835324957292410
18.0835324957292410
18.0835324957292410
18.0835324957292410
18.0835324957292410
18.0835540084348910
18.0837176959253620


18.0835324957292410
18.0835324957292410
18.0835324957292410
18.0835324957292410
18.0835324957292410
18.0835324957292410
18.0835324957292410
18.0835324957292410
18.0835324957292410
18.0835324957292410
18.0835324957292410
18.0835324957292410
18.0835324957292410
18.0835324957292410
18.0835324957292410
18.0835324957292410
18.0835324957292410
18.0835324957292410
18.0835540084348910
18.0837176959253620


18.0835324957292410
18.0835324957292410
18.0835324957292410
18.0835324957292410
18.0835324957292410
18.0835324957292410
18.0835324957292410
18.0835324957292410
18.0835324957292410
18.0835324957292410
18.0835324957292410
18.0835324957292410
18.0835324957292410
18.0835324957292410
18.0835324957292410
18.0835324957292410
18.0835324957292410
18.0835324957292410
18.0835540084348910
18.0837176959253620


18.0835324957292410
18.0835324957292410
18.0835324957292410
18.0835324957292410
18.0835324957292410
18.0835324957292410
18.0835324957292410
18.0835324957292410
18.0835324957292410
18.0835324957292410
18.0835324957292410
18.0835324957292410
18.0835324957292410
18.0835324957292410
18.0835324957292410
18.0835324957292410
18.0835324957292410
18.0835324957292410
18.0835540084348910
18.0837176959253620


18.0835324957292410
18.0835324957292410
18.0835324957292410
18.0835324957292410
18.0835324957292410
18.0835324957292410
18.0835324957292410
18.0835324957292410
18.0835324957292410
18.0835324957292410
18.0835324957292410
18.0835324957292410
18.0835324957292410
18.0835324957292410
18.0835324957292410
18.0835324957292410
18.0835324957292410
18.0835324957292410
18.0835540084348910
18.0837176959253620


18.0835324957292410
18.0835324957292410
18.0835324957292410
18.0835324957292410
18.0835324957292410
18.0835324957292410
18.0835324957292410
18.0835324957292410
18.0835324957292410
18.0835324957292410
18.0835324957292410
18.0835324957292410
18.0835324957292410
18.0835324957292410
18.0835324957292410
18.0835324957292410
18.0835324957292410
18.0835324957292410
18.0835540084348910
18.0837176959253620


18.0835324957292410
18.0835324957292410
18.0835324957292410
18.0835324957292410
18.0835324957292410
18.0835324957292410
18.0835324957292410
18.0835324957292410
18.0835324957292410
18.0835324957292410
18.0835324957292410
18.0835324957292410
18.0835324957292410
18.0835324957292410
18.0835324957292410
18.0835324957292410
18.0835324957292410
18.0835324957292410
18.0835540084348910
18.0837176959253620


18.0835324957292410
18.0835324957292410
18.0835324957292410
18.0835324957292410
18.0835324957292410
18.0835324957292410
18.0835324957292410
18.0835324957292410
18.0835324957292410
18.0835324957292410
18.0835324957292410
18.0835324957292410
18.0835324957292410
18.0835324957292410
18.0835324957292410
18.0835324957292410
18.0835324957292410
18.0835324957292410
18.0835540084348910
18.0837176959253620


18.0835324957292410
18.0835324957292410
18.0835324957292410
18.0835324957292410
18.0835324957292410
18.0835324957292410
18.0835324957292410
18.0835324957292410
18.0835324957292410
18.0835324957292410
18.0835324957292410
18.0835324957292410
18.0835324957292410
18.0835324957292410
18.0835324957292410
18.0835324957292410
18.0835324957292410
18.0835324957292410
18.0835540084348910
18.0837176959253620


18.0835324957292410
18.0835324957292410
18.0835324957292410
18.0835324957292410
18.0835324957292410
18.0835324957292410
18.0835324957292410
18.0835324957292410
18.0835324957292410
18.0835324957292410
18.0835324957292410
18.0835324957292410
18.0835324957292410
18.0835324957292410
18.0835324957292410
18.0835324957292410
18.0835324957292410
18.0835324957292410
18.0835540084348910
18.0837176959253620


18.0835324957292410
18.0835324957292410
18.0835324957292410
18.0835324957292410
18.0835324957292410
18.0835324957292410
18.0835324957292410
18.0835324957292410
18.0835324957292410
18.0835324957292410
18.0835324957292410
18.0835324957292410
18.0835324957292410
18.0835324957292410
18.0835324957292410
18.0835324957292410
18.0835324957292410
18.0835324957292410
18.0835540084348910
18.0837176959253620


18.0835324957292410
18.0835324957292410
18.0835324957292410
18.0835324957292410
18.0835324957292410
18.0835324957292410
18.0835324957292410
18.0835324957292410
18.0835324957292410
18.0835324957292410
18.0835324957292410
18.0835324957292410
18.0835324957292410
18.0835324957292410
18.0835324957292410
18.0835324957292410
18.0835324957292410
18.0835324957292410
18.0835540084348910
18.0837176959253620


18.0835324957292410
18.0835324957292410
18.0835324957292410
18.0835324957292410
18.0835324957292410
18.0835324957292410
18.0835324957292410
18.0835324957292410
18.0835324957292410
18.0835324957292410
18.0835324957292410
18.0835324957292410
18.0835324957292410
18.0835324957292410
18.0835324957292410
18.0835324957292410
18.0835324957292410
18.0835324957292410
18.0835540084348910
18.0837176959253620


18.0835324957292410
18.0835324957292410
18.0835324957292410
18.0835324957292410
18.0835324957292410
18.0835324957292410
18.0835324957292410
18.0835324957292410
18.0835324957292410
18.0835324957292410
18.0835324957292410
18.0835324957292410
18.0835324957292410
18.0835324957292410
18.0835324957292410
18.0835324957292410
18.0835324957292410
18.0835324957292410
18.0835540084348910
18.0837176959253620


18.0835324957292410
18.0835324957292410
18.0835324957292410
18.0835324957292410
18.0835324957292410
18.0835324957292410
18.0835324957292410
18.0835324957292410
18.0835324957292410
18.0835324957292410
18.0835324957292410
18.0835324957292410
18.0835324957292410
18.0835324957292410
18.0835324957292410
18.0835324957292410
18.0835324957292410
18.0835324957292410
18.0835540084348910
18.0837176959253620


18.0835324957292410
18.0835324957292410
18.0835324957292410
18.0835324957292410
18.0835324957292410
18.0835324957292410
18.0835324957292410
18.0835324957292410
18.0835324957292410
18.0835324957292410
18.0835324957292410
18.0835324957292410
18.0835324957292410
18.0835324957292410
18.0835324957292410
18.0835324957292410
18.0835324957292410
18.0835324957292410
18.0835540084348910
18.0837176959253620


18.0835324957292410
18.0835324957292410
18.0835324957292410
18.0835324957292410
18.0835324957292410
18.0835324957292410
18.0835324957292410
18.0835324957292410
18.0835324957292410
18.0835324957292410
18.0835324957292410
18.0835324957292410
18.0835324957292410
18.0835324957292410
18.0835324957292410
18.0835324957292410
18.0835324957292410
18.0835324957292410
18.0835540084348910
18.0837176959253620


18.0835324957292410
18.0835324957292410
18.0835324957292410
18.0835324957292410
18.0835324957292410
18.0835324957292410
18.0835324957292410
18.0835324957292410
18.0835324957292410
18.0835324957292410
18.0835324957292410
18.0835324957292410
18.0835324957292410
18.0835324957292410
18.0835324957292410
18.0835324957292410
18.0835324957292410
18.0835324957292410
18.0835540084348910
18.0837176959253620


18.0835324957292410
18.0835324957292410
18.0835324957292410
18.0835324957292410
18.0835324957292410
18.0835324957292410
18.0835324957292410
18.0835324957292410
18.0835324957292410
18.0835324957292410
18.0835324957292410
18.0835324957292410
18.0835324957292410
18.0835324957292410
18.0835324957292410
18.0835324957292410
18.0835324957292410
18.0835324957292410
18.0835540084348910
18.0837176959253620


18.0835324957292410
18.0835324957292410
18.0835324957292410
18.0835324957292410
18.0835324957292410
18.0835324957292410
18.0835324957292410
18.0835324957292410
18.0835324957292410
18.0835324957292410
18.0835324957292410
18.0835324957292410
18.0835324957292410
18.0835324957292410
18.0835324957292410
18.0835324957292410
18.0835324957292410
18.0835324957292410
18.0835540084348910
18.0837176959253620


18.0835324957292410
18.0835324957292410
18.0835324957292410
18.0835324957292410
18.0835324957292410
18.0835324957292410
18.0835324957292410
18.0835324957292410
18.0835324957292410
18.0835324957292410
18.0835324957292410
18.0835324957292410
18.0835324957292410
18.0835324957292410
18.0835324957292410
18.0835324957292410
18.0835324957292410
18.0835324957292410
18.0835540084348910
18.0837176959253620


