1.7293989279687085
1.7294004031837107
1.7294435420466525
1.7296370634328444
1.7294004031837107
1.7293989279687085
1.7294435420466525
1.7293989279687085
1.7293989279687085
1.7286591448980315
1.7296357074271353
1.7296357074271353
1.7286670872171845
1.7286670872171845
1.7294440188838249
1.7296419063103767
1.7294440188838249
1.7294463285638788
1.7286653437812729
1.7296881595161009
1.7296888449695362
1.7296881595161009
1.7304205814129288
1.7304205814129288
1.7304218480116680
1.7304218480116680
1.7304218480116680
1.7304215350872736
1.7304215350872736
1.7304218480116680
1.7304205814129288
1.7304218480116680
1.7304218480116680
1.7304218480116680
1.7304218629128296
1.7304218629128296
1.7304215350872736
1.7304215350872736
1.7304218927151529
1.7304218629128296
1.7304218629128296
1.7304218629128296
1.7304218629128296
1.7304218629128296
1.7304220119244460
1.7304220119244460
1.7304220119244460
1.7304220119244460
1.7304220119244460
1.7304220119244460
1.7304220119244460
1.7304220119244460
1.7304220119244460
1.7304220119244460
1.7304220119244460
1.7304220119244460
1.7304220119244460
1.7304220119244460
1.7304220119244460
1.7304220119244460
1.7304220119244460
1.7304220119244460
1.7304220119244460
1.7304220119244460
1.7304220119244460
1.7304220119244460
1.7304220119244460
1.7304220119244460
1.7304220119244460
1.7304220119244460
1.7304220119244460
1.7304220119244460
1.7304220119244460
1.7304220119244460
1.7304220119244460
1.7304220119244460
1.7304220119244460
1.7304220119244460
1.7304220119244460
1.7304220119244460
1.7304220119244460
1.7304220119244460
1.7304220119244460
1.7304220119244460
1.7304220119244460
1.7304220119244460
1.7304220119244460
1.7304220119244460
1.7304220119244460
1.7304220119244460
1.7304220119244460
1.7304220119244460
1.7304220119244460
1.7304220119244460
1.7304220119244460
1.7304220119244460
1.7304220119244460
1.7304220119244460
1.7304220119244460
1.7304220119244460
