1.7661956479011669
1.7661956330000053
1.8737395964187264
1.8737395964187264
1.8737395964187264
1.8737395964187264
1.8737395964187264
1.8737395964187264
1.8737395964187264
1.8737395964187264
1.8737395964187264
1.8737395964187264
1.8737395964187264
1.8737395964187264
1.8737395964187264
1.8737395964187264
1.8737395964187264
1.8737395964187264
1.8737395964187264
1.8737395964187264
1.8737395964187264
1.8737395964187264
1.8737395964187264
1.8737395964187264
1.8737395964187264
1.8737395964187264
1.8737395964187264
1.8737395964187264
1.8737395964187264
1.8737395964187264
1.8737395964187264
1.8737395964187264
1.8737395964187264
1.8737395964187264
1.8737395964187264
1.8737395964187264
1.8737395964187264
1.8737395964187264
1.8737395964187264
1.8737395964187264
1.8737395964187264
1.8737395964187264
1.8737395964187264
1.8737395964187264
1.8737395964187264
1.8737395964187264
1.8737395964187264
1.8737395964187264
1.8737395964187264
1.8737395964187264
1.8737395964187264
1.8737395964187264
1.8737395964187264
1.8737395964187264
1.8737395964187264
1.8737395964187264
1.8737395964187264
1.8737395964187264
1.8737395964187264
1.8737395964187264
1.8737395964187264
1.8737395964187264
1.8737395964187264
1.8737395964187264
1.8737395964187264
1.8737395964187264
1.8737395964187264
1.8737395964187264
1.8737395964187264
1.8737395964187264
1.8737395964187264
1.8737395964187264
1.8737395964187264
1.8737395964187264
1.8737395964187264
1.8737395964187264
1.8737395964187264
1.8737395964187264
1.8737395964187264
1.8737395964187264
1.8737395964187264
1.8737395964187264
1.8737395964187264
1.8737395964187264
1.8737395964187264
1.8737395964187264
1.8737395964187264
1.8737395964187264
1.8737395964187264
1.8737395964187264
1.8737395964187264
1.8737395964187264
1.8737395964187264
1.8737395964187264
1.8737395964187264
1.8737395964187264
1.8737395964187264
1.8737395964187264
1.8737395964187264
1.8737395964187264
