1.9073199006116361
1.9073199006116361
1.9076008769154811
1.8994718015036525
1.9000821232820191
1.9000821232820191
1.9001177519594954
1.9001177519594954
1.9001177519594954
1.9001177519594954
1.9001177519594954
1.8999958008526505
1.8994463652207365
1.9001177519594954
1.9000821530843424
1.9001177519594954
1.9001177519594954
1.9001177519594954
1.9000821530843424
1.8995074003788055
1.8994463503195749
1.8994463503195749
1.8994463503195749
1.8994463503195749
1.8995074003788055
1.8995074003788055
1.8994463503195749
1.8995074003788055
1.8995074003788055
1.8995073854776439
1.8994463503195749
1.8995074003788055
1.8995074003788055
1.8994463503195749
1.8995074003788055
1.8994463503195749
1.8994463503195749
1.8994463503195749
1.8994463503195749
1.8994463652207365
1.8994463503195749
1.8994463503195749
1.8994463503195749
1.8994463503195749
1.8994463503195749
1.8994463503195749
1.8994463503195749
1.8994463503195749
1.8994463503195749
1.8994463503195749
1.8994463503195749
1.8994463503195749
1.8994463503195749
1.8994463503195749
1.8994463503195749
1.8994463503195749
1.8994463503195749
1.8994463503195749
1.8994463503195749
1.8994463503195749
1.8994463503195749
1.8994463503195749
1.8994463503195749
1.8994463503195749
1.8994463503195749
1.8994463503195749
1.8994463503195749
1.8994463503195749
1.8994463503195749
1.8994463503195749
1.8994463503195749
1.8994463503195749
1.8994463503195749
1.8994463503195749
1.8994463503195749
1.8994463503195749
1.8994463503195749
1.8994463503195749
1.8994463503195749
1.8994463503195749
1.8994463503195749
1.8994463503195749
1.8994463503195749
1.8994463503195749
1.8994463503195749
1.8994463503195749
1.8994463503195749
1.8994463503195749
1.8994463503195749
1.8994463503195749
1.8994463503195749
1.8994463503195749
1.8994463503195749
1.8994463503195749
1.8994463503195749
1.8994463503195749
1.8994463503195749
1.8994463503195749
1.8994463503195749
1.8994463503195749
