1.5500079259278752
1.9109580043243768
1.5500016376376640
1.9103432867033270
1.5500016376376640
1.5499917283651747
1.5500079259278752
1.5500079259278752
1.5500079259278752
1.5500019952655433
1.5500019952655433
1.5500019952655433
1.5500019952655433
1.5500019952655433
1.5500019952655433
1.5500019952655433
1.5500019952655433
1.5499917134640131
1.5499917134640131
1.5499917283651747
1.5499917283651747
1.5499917134640131
1.5499921903011855
1.5499921903011855
1.5499919816849226
1.5499919816849226
1.5499919816849226
1.5499919816849226
1.5499919816849226
1.5499919816849226
1.5499919816849226
1.5499919816849226
1.5499919816849226
1.5499919816849226
1.5499919816849226
1.5499919816849226
1.5499919816849226
1.5499919816849226
1.5499919816849226
1.5499919816849226
1.5499919816849226
1.5499919816849226
1.5499919816849226
1.5499919816849226
1.5499919816849226
1.5499919816849226
1.5499919816849226
1.5499919816849226
1.5499919816849226
1.5499919816849226
1.5499919816849226
1.5499919816849226
1.5499919816849226
1.5499919816849226
1.5499919816849226
1.5499919816849226
1.5499919816849226
1.5499919816849226
1.5499919816849226
1.5499919816849226
1.5499919816849226
1.5499919816849226
1.5499919816849226
1.5499919816849226
1.5499919816849226
1.5499919816849226
1.5499919816849226
1.5499919816849226
1.5499919816849226
1.5499919816849226
1.5499919816849226
1.5499919816849226
1.5499919816849226
1.5499919816849226
1.5499919816849226
1.5499919816849226
1.5499919816849226
1.5499919816849226
1.5499919816849226
1.5499919816849226
1.5499919816849226
1.5499919816849226
1.5499919816849226
1.5499919816849226
1.5499919816849226
1.5499919816849226
1.5499919816849226
1.5499919816849226
1.5499919816849226
1.5499919816849226
1.5499919816849226
1.5499919816849226
1.5499919816849226
1.5499919816849226
1.5499919816849226
1.5499919816849226
1.5499919816849226
1.5499919816849226
1.5499919816849226
1.5499919816849226
