4.8638164049628232
4.8638164049628232
4.7959794383413188
4.7959794383413188
4.7959794383413188
4.7959794383413188
4.7959794383413188
4.7959794383413188
4.7959794383413188
4.7959794383413188
4.7959794383413188
4.7959794383413188
4.7959794383413188
4.7959794383413188
4.7959794383413188
4.7959794383413188
4.7959794383413188
4.7959794383413188
4.7959794383413188
4.7959794383413188
4.7959794383413188
4.7959794383413188
4.7959794383413188
4.7959794383413188
4.7965368576559104
4.7965368576559104
4.7965881919433757
4.7965881919433757
4.7965881919433757
4.7971378454129248
4.7980238287134593
4.7990736223344346
4.8000998905366217
4.8000196396669113
4.7999961498991848
4.7999961498991848
4.7999961498991848
4.7999961498991848
4.8000006405003628
4.8000006405003628
4.8000006405003628
4.8000006405003628
4.8000006405003628
4.8000006405003628
4.8000006405003628
4.8000006405003628
4.8000006405003628
4.8000006405003628
4.8000006405003628
4.8000006033562723
4.8000006033562723
4.8000006033562723
4.8000006033562723
4.8000006033562723
4.8000006033562723
4.8000006033562723
4.8000006033562723
4.8000006033562723
4.8000006033562723
4.8000006033562723
4.8000006033562723
4.8000006033562723
4.8000006033562723
4.8000006033562723
4.8000006033562723
4.8000006033562723
4.8000006033562723
4.8000006033562723
4.8000006033562723
4.8000006033562723
4.8000006033562723
4.8000006033562723
4.8000006033562723
4.8000006033562723
4.8000006033562723
4.8000006033562723
4.8000006033562723
4.8000006033562723
4.8000006033562723
4.8000006033562723
4.8000006033562723
4.8000006033562723
4.8000006033562723
4.8000006033562723
4.8000006033562723
4.8000006033562723
4.8000006033562723
4.8000006033562723
4.8000006033562723
4.8000006033562723
4.8000006033562723
4.8000006033562723
4.8000006033562723
4.8000006033562723
4.8000006033562723
4.8000006033562723
4.8000006033562723
4.8000006033562723
4.8000006033562723
4.8000006033562723
