8.1017258048571872
8.1017258048571872
8.1017258048571872
8.1017258048571872
8.1017258048571872
8.1017258048571872
8.1017258048571872
8.1017258048571872
8.1017258048571872
8.1017258048571872
8.1017258048571872
8.1017258048571872
8.1017258048571872
8.1017258048571872
8.1017258048571872
8.1017258048571872
8.1017258048571872
8.1017258048571872
8.1017258048571872
8.1017258048571872
8.1017258048571872
7.8605081874283602
7.8605081874283602
7.8605081874283602
7.8605081874283602
7.8605081874283602
7.8605081874283602
7.8605081874283602
7.8605081874283602
7.8605081874283602
7.8605081874283602
7.8605081874283602
7.8605081874283602
7.8605081874283602
7.8605081874283602
7.8605081874283602
9.1544039891482587
9.1544039891482587
9.1544039891482587
9.1544039891482587
9.1544039891482587
9.1544039891482587
9.1544039891482587
9.1544039891482587
9.1544039891482587
9.1544039891482587
7.8531225726939002
7.8531225726939002
7.8531225726939002
7.8531225726939002
9.1544047103644814
9.1544047103644814
9.1544047103644814
9.1544047103644814
9.1544047103644814
9.1544047103644814
9.1544047103644814
9.1544047103644814
9.1544047103644814
9.1544047103644814
9.1544047103644814
9.1544018254995887
9.1544018254995887
9.1544018254995887
9.1544018254995887
9.1544018254995887
9.1544018254995887
9.1544018254995887
9.1544018254995887
9.1544018254995887
9.1544018254995887
9.1544018254995887
9.1544018254995887
9.1544018254995887
9.1544018254995887
9.1544047103644814
9.1544047103644814
9.1544047103644814
9.1544047103644814
9.1544047103644814
9.1544047103644814
9.1544047103644814
9.1544047103644814
9.1544047103644814
9.1544043497563692
9.1544018254995887
9.1544014648914764
9.1544014648914764
9.1544014648914764
9.1544014648914764
9.1544018254995887
9.1544018254995887
9.1544018254995887
9.1544018254995887
9.1544018254995887
9.1544018254995887
9.1544018254995887
9.1544018254995887
9.1544018254995887
9.1544018254995887
