7.8466866194214404
7.8466866194214404
7.7940470306291285
7.7940470306291285
7.7940470306291285
7.7940470306291285
7.7940470306291285
7.7940470306291285
7.7940470306291285
7.7940470306291285
7.7940470306291285
7.7940470306291285
7.7940470306291285
7.7940470306291285
7.7940470306291285
7.7940470306291285
7.7940470306291285
7.7940470306291285
7.7940470306291285
7.7940470306291285
7.7940470306291285
7.7940470306291285
7.7940470306291285
7.7940470306291285
7.8414329198429851
7.8414329198429851
7.8414329198429851
7.8414329198429851
7.8414329198429851
7.8414329198429851
7.8411476788266796
7.8414329198429851
7.8414332804510973
7.8414329198429851
7.8414329198429851
7.8414329198429851
7.8414329198429851
7.8414329198429851
7.8414329198429851
7.8414329198429851
7.8414329198429851
7.8414329198429851
7.8414329198429851
7.8414329198429851
7.8414329198429851
7.8414329198429851
7.8414329198429851
7.8414329198429851
7.8414329198429851
7.8414329198429851
7.8414329198429851
7.8414329198429851
7.8414329198429851
7.8414329198429851
7.8414329198429851
7.8414329198429851
7.8414329198429851
7.8414329198429851
7.8414329198429851
7.8414329198429851
7.8414329198429851
7.8414329198429851
7.8414329198429851
7.8414329198429851
7.8414329198429851
7.8414329198429851
7.8414329198429851
7.8414329198429851
7.8414329198429851
7.8414329198429851
7.8414329198429851
7.8414329198429851
7.8414329198429851
7.8414329198429851
7.8414329198429851
7.8414329198429851
7.8414329198429851
7.8414329198429851
7.8414329198429851
7.8414329198429851
7.8414329198429851
7.8414329198429851
7.8414329198429851
7.8414329198429851
7.8414329198429851
7.8414329198429851
7.8414329198429851
7.8414329198429851
7.8414329198429851
7.8414329198429851
7.8414329198429851
7.8414329198429851
7.8414329198429851
7.8414329198429851
7.8414329198429851
7.8414329198429851
7.8414329198429851
7.8414329198429851
7.8414329198429851
7.8414329198429851
