4.7774094891887717
4.7774094891887717
4.7774094891887717
4.7774094891887717
4.7774094891887717
4.7774094891887717
4.7774094891887717
4.7774094891887717
4.7774094891887717
4.7774094891887717
4.7774094891887717
4.7774094891887717
4.7774094891887717
4.7774094891887717
4.7774094891887717
4.7774094891887717
4.7774094891887717
4.7774094891887717
4.7774094891887717
4.7774094891887717
4.7774094891887717
4.7984978024831726
4.7984978024831726
4.7984978024831726
4.7984978024831726
4.7984978024831726
4.7984978024831726
4.7984978024831726
4.7984978024831726
4.7984978024831726
4.7984978024831726
4.7984978024831726
4.7984978024831726
4.7984978024831726
4.7984978024831726
4.7984978024831726
4.8001693770829457
4.8001693770829457
4.8001693770829457
4.8001693770829457
4.8001693770829457
4.8001693770829457
4.8001693770829457
4.8001693770829457
4.8001693770829457
4.8001693770829457
4.8001087145180596
4.8001087145180596
4.8001087145180596
4.8001087145180596
4.8000738031940919
4.8000738031940919
4.8000738031940919
4.8000738031940919
4.8000738031940919
4.8000738031940919
4.8000738031940919
4.8000738031940919
4.8000738031940919
4.8000738031940919
4.8000738031940919
4.8000308948871053
4.8000308948871053
4.8000308948871053
4.8000308948871053
4.8000308948871053
4.8000308948871053
4.8000308948871053
4.8000308948871053
4.8000308948871053
4.8000308948871053
4.8000308948871053
4.8000308948871053
4.8000308948871053
4.8000308948871053
4.7999852091895443
4.7999852091895443
4.7999852091895443
4.7999852091895443
4.7999852091895443
4.7999852091895443
4.7999852091895443
4.7999852091895443
4.7999852091895443
4.8000106008497125
4.8000087463668120
4.8000073571608706
4.8000073571608706
4.8000073571608706
4.8000073571608706
4.8000028912793091
4.8000028912793091
4.8000006151325127
4.8000006151325127
4.8000006151325127
4.8000006151325127
4.8000006151325127
4.8000006151325127
4.8000006151325127
4.8000006151325127
