8.2209834149772938
8.2209834149772938
8.2209834149772938
8.2209834149772938
8.2183181604241771
8.2210055923761605
7.9019626141179380
7.9019626141179380
7.9019626141179380
7.9019626141179380
7.9019626141179380
8.2183183407282332
8.2183183407282332
8.2209462723417950
8.2209462723417950
8.2209462723417950
8.2209462723417950
8.2210055923761605
8.2210055923761605
8.2210064938964393
8.2210064938964393
8.2209462723417950
8.2209462723417950
8.2209462723417950
8.2209462723417950
8.2209462723417950
8.2209462723417950
8.2209462723417950
8.2209462723417950
8.2209462723417950
8.2209462723417950
8.2209462723417950
8.2209462723417950
8.2209462723417950
8.2209462723417950
8.2209462723417950
8.2209462723417950
8.2209462723417950
8.2209462723417950
8.2209462723417950
8.2209462723417950
8.2209462723417950
8.2209462723417950
8.2209462723417950
8.2209462723417950
8.2209462723417950
8.2209462723417950
8.2209462723417950
8.2209462723417950
8.2209462723417950
8.2209462723417950
8.2209462723417950
8.2209462723417950
8.2209462723417950
8.2209462723417950
8.2209462723417950
8.2209462723417950
8.2209462723417950
8.2209462723417950
8.2209462723417950
8.2209462723417950
8.2209462723417950
8.2209462723417950
8.2209462723417950
8.2209462723417950
8.2209462723417950
8.2209462723417950
8.2209462723417950
8.2209462723417950
8.2209462723417950
8.2209462723417950
8.2209462723417950
8.2209462723417950
8.2209462723417950
8.2209462723417950
8.2209462723417950
8.2209462723417950
8.2209462723417950
8.2209462723417950
8.2209462723417950
8.2209462723417950
8.2209462723417950
8.2209462723417950
8.2209462723417950
8.2209462723417950
8.2209462723417950
8.2209462723417950
8.2209462723417950
8.2209462723417950
8.2209462723417950
8.2209462723417950
8.2209462723417950
8.2209462723417950
8.2209462723417950
8.2209462723417950
8.2209462723417950
8.2209462723417950
8.2209462723417950
8.2209462723417950
8.2209462723417950
