4.7704455552494904
4.7747064863897419
4.7865286476466391
4.7985383183344759
4.7985383183344759
4.7985383183344759
4.7985383183344759
4.7985383183344759
4.7985383183344759
4.7985383183344759
4.7985383183344759
4.7985383183344759
4.7985383183344759
4.7985383183344759
4.7985383183344759
4.7985383183344759
4.7985383183344759
4.7985383183344759
4.7985383183344759
4.7985383183344759
4.7985383183344759
4.7985383183344759
4.7985383183344759
4.7985383183344759
4.7986047954242537
4.7986047954242537
4.7986144202917451
4.7986144202917451
4.7986411786447629
4.7986541771321427
4.7986541771321427
4.7986541771321427
4.7986541771321427
4.7986546795393119
4.7986550193094848
4.7986550193094848
4.7986578094239052
4.7986582710281880
4.7986606494204640
4.7986606494204640
4.7986608673569835
4.7986609891908136
4.7986609891908136
4.7986609891908136
4.7986609891908136
4.7986609891908136
4.7986609891908136
4.7986609891908136
4.7986609891908136
4.7986609891908136
4.7986609891908136
4.7986609891908136
4.7986609891908136
4.7986609891908136
4.7986609891908136
4.7986609891908136
4.7986609891908136
4.7986609891908136
4.7986609891908136
4.7986609891908136
4.7986609891908136
4.7986609891908136
4.7986609891908136
4.7986609891908136
4.7986609891908136
4.7986609891908136
4.7986609891908136
4.7986609891908136
4.7986609891908136
4.7986609891908136
4.7986609891908136
4.7986609891908136
4.7986609891908136
4.7986609891908136
4.7986609891908136
4.7986609891908136
4.7986609891908136
4.7986609891908136
4.7986609891908136
4.7986609891908136
4.7986609891908136
4.7986609891908136
4.7986609891908136
4.7986609891908136
4.7986609891908136
4.7986609891908136
4.7986609891908136
4.7986609891908136
4.7986609891908136
4.7986609891908136
4.7986609891908136
4.7986609891908136
4.7986609891908136
4.7986609891908136
4.7986609891908136
4.7986609891908136
4.7986609891908136
4.7986609891908136
4.7986609891908136
4.7986609891908136
