4.8059848792428186
4.8059848792428186
4.8059848792428186
4.8059848792428186
4.7982723805744083
4.8008914224624082
4.7999057623953716
4.7999057623953716
4.7999057623953716
4.7999057623953716
4.7999057623953716
4.8000748445791910
4.8000748445791910
4.7999705024458281
4.7999705024458281
4.7999705024458281
4.7999705024458281
4.7999902383538160
4.7999902383538160
4.7999946878712016
4.7999946878712016
4.7999998059149975
4.7999998059149975
4.7999998059149975
4.8000005624150068
4.8000005624150068
4.8000005624150068
4.8000005624150068
4.8000005624150068
4.7999998623923856
4.7999998623923856
4.7999998623923856
4.7999999950400261
4.7999999950400261
4.7999999950400261
4.7999999950400261
4.7999999950400261
4.7999999950400261
4.8000000515173564
4.8000000515173564
4.8000000515173564
4.8000000515173564
4.8000000515173564
4.8000000515173564
4.8000000515173564
4.8000000515173564
4.8000000515173564
4.8000000515173564
4.8000000515173564
4.8000000515173564
4.8000000515173564
4.8000000515173564
4.8000000515173564
4.8000000515173564
4.8000000515173564
4.8000000515173564
4.8000000515173564
4.8000000515173564
4.8000000515173564
4.8000000515173564
4.8000000515173564
4.8000000515173564
4.8000000515173564
4.8000000515173564
4.8000000515173564
4.8000000515173564
4.8000000515173564
4.8000000515173564
4.8000000515173564
4.8000000515173564
4.8000000515173564
4.8000000515173564
4.8000000515173564
4.8000000515173564
4.8000000515173564
4.8000000515173564
4.8000000515173564
4.8000000515173564
4.8000000515173564
4.8000000515173564
4.8000000515173564
4.8000000515173564
4.8000000515173564
4.8000000515173564
4.8000000515173564
4.8000000515173564
4.8000000515173564
4.8000000515173564
4.8000000515173564
4.8000000515173564
4.8000000515173564
4.8000000515173564
4.8000000515173564
4.8000000515173564
4.8000000515173564
4.8000000515173564
4.8000000515173564
4.8000000515173564
4.8000000515173564
4.8000000515173564
