7.5145580743121521
8.0464164539103642
7.5156997595935984
7.5156997595935984
7.5156997595935984
7.5156997595935984
7.5156997595935984
7.5156997595935984
7.5156997595935984
7.5156997595935984
7.5156997595935984
7.5156997595935984
7.5156997595935984
7.5156997595935984
7.5156997595935984
7.5156997595935984
7.5156997595935984
7.5156997595935984
7.5156997595935984
7.5156997595935984
7.5156997595935984
7.5156997595935984
7.5156997595935984
7.5156997595935984
7.5156997595935984
7.5156997595935984
7.5156997595935984
7.5156997595935984
7.5156997595935984
7.5156997595935984
7.5156997595935984
7.5156997595935984
7.5156997595935984
7.5156997595935984
7.5156997595935984
7.5156997595935984
7.5156997595935984
7.5156997595935984
7.5156997595935984
7.5156997595935984
7.5156997595935984
7.5156997595935984
7.5156997595935984
7.5156997595935984
7.5156997595935984
7.5156997595935984
7.5156997595935984
7.5156997595935984
7.5156997595935984
7.5156997595935984
7.5156997595935984
7.5156997595935984
7.5156997595935984
7.5156997595935984
7.5156997595935984
7.5156997595935984
7.5156997595935984
7.5156997595935984
7.5156997595935984
7.5156997595935984
7.5156997595935984
7.5156997595935984
7.5156997595935984
7.5156997595935984
7.5156997595935984
7.5156997595935984
7.5156997595935984
7.5156997595935984
7.5156997595935984
7.5156997595935984
7.5156997595935984
7.5156997595935984
7.5156997595935984
7.5156997595935984
7.5156997595935984
7.5156997595935984
7.5156997595935984
7.5156997595935984
7.5156997595935984
7.5156997595935984
7.5156997595935984
7.5156997595935984
7.5156997595935984
7.5156997595935984
7.5156997595935984
7.5156997595935984
7.5156997595935984
7.5156997595935984
7.5156997595935984
7.5156997595935984
7.5156997595935984
7.5156997595935984
7.5156997595935984
7.5156997595935984
7.5156997595935984
7.5156997595935984
7.5156997595935984
7.5156997595935984
7.5156997595935984
7.5156997595935984
