4.5283619778985384
4.5707153103170226
4.8380802052792706
4.8380802052792706
4.8380802052792706
4.8380802052792706
4.8380802052792706
4.8243750518445081
4.8243750518445081
4.8243750518445081
4.8243750518445081
4.8243750518445081
4.8243750518445081
4.8243750518445081
4.8243750518445081
4.8243750518445081
4.8243750518445081
4.8243750518445081
4.8243750518445081
4.8243750518445081
4.8243750518445081
4.8243750518445081
4.8243750518445081
4.8243750518445081
4.8243750518445081
4.8243750518445081
4.8243750518445081
4.8243750518445081
4.8243750518445081
4.8243750518445081
4.8243750518445081
4.8243750518445081
4.8243750518445081
4.8243750518445081
4.8243750518445081
4.8243750518445081
4.8243750518445081
4.8243750518445081
4.8243750518445081
4.8243750518445081
4.8243750518445081
4.8243750518445081
4.8243750518445081
4.8243750518445081
4.8243750518445081
4.8243750518445081
4.8243750518445081
4.8243750518445081
4.8243750518445081
4.8243750518445081
4.8243750518445081
4.8243750518445081
4.8243750518445081
4.8243750518445081
4.8243750518445081
4.8243750518445081
4.8243750518445081
4.8243750518445081
4.8243750518445081
4.8243750518445081
4.8243750518445081
4.8243750518445081
4.8243750518445081
4.8243750518445081
4.8243750518445081
4.8243750518445081
4.8243750518445081
4.8243750518445081
4.8243750518445081
4.8243750518445081
4.8243750518445081
4.8243750518445081
4.8243750518445081
4.8243750518445081
4.8243750518445081
4.8243750518445081
4.8243750518445081
4.8243750518445081
4.8243750518445081
4.8243750518445081
4.8243750518445081
4.8243750518445081
4.8243750518445081
4.8243750518445081
4.8243750518445081
4.8243750518445081
4.8243750518445081
4.8243750518445081
4.8243750518445081
4.8243750518445081
4.8243750518445081
4.8243750518445081
4.8243750518445081
4.8243750518445081
4.8243750518445081
4.8243750518445081
4.8243750518445081
4.8243750518445081
4.8243750518445081
4.8243750518445081
