9.1310421729398410
9.1428407294404721
9.1327321628550333
9.1427760002844334
9.1427760002844334
9.1427760002844334
9.1427760002844334
9.1427760002844334
9.1427760002844334
9.1427760002844334
9.1427760002844334
9.1427760002844334
9.1427760002844334
9.1427760002844334
9.1427760002844334
9.1427760002844334
9.1427760002844334
9.1427760002844334
9.1427760002844334
9.1427760002844334
9.1427760002844334
9.1427760002844334
9.1427760002844334
9.1427760002844334
9.1327321628550333
9.1327321628550333
9.1327321628550333
9.1327321628550333
9.1327321628550333
9.1327321628550333
9.1327321628550333
9.1327321628550333
9.1327321628550333
9.1327321628550333
9.1327321628550333
9.1327321628550333
9.1327321628550333
9.1327321628550333
9.1327321628550333
9.1327321628550333
9.1327321628550333
9.1327321628550333
9.1327321628550333
9.1327321628550333
9.1327321628550333
9.1327321628550333
9.1327321628550333
9.1327321628550333
9.1327321628550333
9.1327321628550333
9.1327321628550333
9.1327321628550333
9.1327321628550333
9.1327321628550333
9.1327321628550333
9.1327321628550333
9.1327321628550333
9.1327321628550333
9.1327321628550333
9.1327321628550333
9.1327321628550333
9.1327321628550333
9.1327321628550333
9.1327321628550333
9.1327321628550333
9.1327321628550333
9.1327321628550333
9.1327321628550333
9.1327321628550333
9.1327321628550333
9.1327321628550333
9.1327321628550333
9.1327321628550333
9.1327321628550333
9.1327321628550333
9.1327321628550333
9.1327321628550333
9.1327321628550333
9.1327321628550333
9.1327321628550333
9.1327321628550333
9.1327321628550333
9.1327321628550333
9.1327321628550333
9.1327321628550333
9.1327321628550333
9.1327321628550333
9.1327321628550333
9.1327321628550333
9.1327321628550333
9.1327321628550333
9.1327321628550333
9.1327321628550333
9.1327321628550333
9.1327321628550333
9.1327321628550333
9.1327321628550333
9.1327321628550333
9.1327321628550333
9.1327321628550333
