1.4484312965998440
1.4484312965998440
1.4484312965998440
1.4484312965998440
1.4484450473918036
1.4486764415704143
1.4024351567755686
1.4024351567755686
1.4024351567755686
1.4024351567755686
1.4024351567755686
1.4482704624018212
1.4482704624018212
1.4487231209493614
1.4487231209493614
1.4487231209493614
1.4487231209493614
1.4487245067573937
1.4487245067573937
1.4487242653585752
1.4487242653585752
1.4487242653585752
1.4487242653585752
1.4487242653585752
1.4487242295957872
1.4487242295957872
1.4487242295957872
1.4487242295957872
1.4487242295957872
1.4487242653585752
1.4487242653585752
1.4487242653585752
1.4487242564178782
1.4487242564178782
1.4487242564178782
1.4487242564178782
1.4487242564178782
1.4487242564178782
1.4487242564178782
1.4487242564178782
1.4487242564178782
1.4487242564178782
1.4487242564178782
1.4487242564178782
1.4487242564178782
1.4487242564178782
1.4487242564178782
1.4487242564178782
1.4487242564178782
1.4487242564178782
1.4487242564178782
1.4487242564178782
1.4487242564178782
1.4487242564178782
1.4487242564178782
1.4487242564178782
1.4487242564178782
1.4487242564178782
1.4487242564178782
1.4487242564178782
1.4487242564178782
1.4487242564178782
1.4487242564178782
1.4487242564178782
1.4487242564178782
1.4487242564178782
1.4487242564178782
1.4487242564178782
1.4487242564178782
1.4487242564178782
1.4487242564178782
1.4487242564178782
1.4487242564178782
1.4487242564178782
1.4487242564178782
1.4487242564178782
1.4487242564178782
1.4487242564178782
1.4487242564178782
1.4487242564178782
1.4487242564178782
1.4487242564178782
1.4487242564178782
1.4487242564178782
1.4487242564178782
1.4487242564178782
1.4487242564178782
1.4487242564178782
1.4487242564178782
1.4487242564178782
1.4487242564178782
1.4487242564178782
1.4487242564178782
1.4487242564178782
1.4487242564178782
1.4487242564178782
1.4487242564178782
1.4487242564178782
1.4487242564178782
1.4487242564178782
