1.5873212065494422
1.5873211797273512
1.5862547780947323
1.5873212065494422
1.5873212065494422
1.5873212065494422
1.5873212065494422
1.5873212065494422
1.5873212065494422
1.5873212065494422
1.5873212065494422
1.5873212065494422
1.5873212065494422
1.5873212065494422
1.5873212065494422
1.5873212065494422
1.5873212065494422
1.5873212065494422
1.5873212065494422
1.5873212065494422
1.5873212065494422
1.5873212065494422
1.5873212065494422
1.5873212065494422
1.5862502004578771
1.5862502004578771
1.5862502004578771
1.5862502004578771
1.5862500574067253
1.5862502004578771
1.5862502004578771
1.5862502004578771
1.5862502004578771
1.5862500574067253
1.5862500395253314
1.5862500395253314
1.5862502004578771
1.5862501825764830
1.5862500574067253
1.5862500574067253
1.5862500395253314
1.5862500395253314
1.5862500395253314
1.5862500395253314
1.5862500395253314
1.5862500395253314
1.5862500395253314
1.5862500395253314
1.5862500395253314
1.5862500395253314
1.5862500395253314
1.5862500395253314
1.5862500395253314
1.5862500395253314
1.5862500395253314
1.5862500395253314
1.5862500395253314
1.5862500395253314
1.5862500395253314
1.5862500395253314
1.5862500395253314
1.5862500395253314
1.5862500395253314
1.5862500395253314
1.5862500395253314
1.5862500395253314
1.5862500395253314
1.5862500395253314
1.5862500395253314
1.5862500395253314
1.5862500395253314
1.5862500395253314
1.5862500395253314
1.5862500395253314
1.5862500395253314
1.5862500395253314
1.5862500395253314
1.5862500395253314
1.5862500395253314
1.5862500395253314
1.5862500395253314
1.5862500395253314
1.5862500395253314
1.5862500395253314
1.5862500395253314
1.5862500395253314
1.5862500395253314
1.5862500395253314
1.5862500395253314
1.5862500395253314
1.5862500395253314
1.5862500395253314
1.5862500395253314
1.5862500395253314
1.5862500395253314
1.5862500395253314
1.5862500395253314
1.5862500395253314
1.5862500395253314
1.5862500395253314
