1.4078372063588265
1.4078372063588265
1.4005645662714412
1.4005645662714412
1.4005645662714412
1.4005645662714412
1.4005645662714412
1.4005645662714412
1.4005645662714412
1.4005645662714412
1.4005645662714412
1.4005645662714412
1.4005645662714412
1.4005645662714412
1.4005645662714412
1.4005645662714412
1.4005645662714412
1.4005645662714412
1.4005645662714412
1.4005645662714412
1.4005645662714412
1.4005645662714412
1.4005645662714412
1.4005645662714412
1.4101805719787053
1.4101805719787053
1.4101805719787053
1.4101805719787053
1.4101805719787053
1.4101805719787053
1.4101809564286756
1.4101805719787053
1.4101805719787053
1.4101805719787053
1.4101805809194023
1.4101805809194023
1.4101805809194023
1.4101805809194023
1.4101805719787053
1.4101805719787053
1.4101805719787053
1.4101805719787053
1.4101805719787053
1.4101805719787053
1.4101805719787053
1.4101805719787053
1.4101805719787053
1.4101805719787053
1.4101805719787053
1.4101805719787053
1.4101805719787053
1.4101805719787053
1.4101805719787053
1.4101805719787053
1.4101805719787053
1.4101805719787053
1.4101805719787053
1.4101805719787053
1.4101805719787053
1.4101805719787053
1.4101805719787053
1.4101805719787053
1.4101805719787053
1.4101805719787053
1.4101805719787053
1.4101805719787053
1.4101805719787053
1.4101805719787053
1.4101805719787053
1.4101805719787053
1.4101805719787053
1.4101805719787053
1.4101805719787053
1.4101805719787053
1.4101805719787053
1.4101805719787053
1.4101805719787053
1.4101805719787053
1.4101805719787053
1.4101805719787053
1.4101805719787053
1.4101805719787053
1.4101805719787053
1.4101805719787053
1.4101805719787053
1.4101805719787053
1.4101805719787053
1.4101805719787053
1.4101805719787053
1.4101805719787053
1.4101805719787053
1.4101805719787053
1.4101805719787053
1.4101805719787053
1.4101805719787053
1.4101805719787053
1.4101805719787053
1.4101805719787053
1.4101805719787053
1.4101805719787053
