1.3905856755550408
1.3905856755550408
1.3905856755550408
1.3905856755550408
1.3905856755550408
1.3905856755550408
1.3905856755550408
1.3905856755550408
1.3905856755550408
1.3905856755550408
1.3905856755550408
1.3905856755550408
1.3905856755550408
1.3905856755550408
1.3905856755550408
1.3905856755550408
1.3905856755550408
1.3905856755550408
1.3905856755550408
1.3905856755550408
1.3905856755550408
1.3989295184293247
1.3989295184293247
1.3989295184293247
1.3989295184293247
1.3989295184293247
1.3989295184293247
1.3989295184293247
1.3989295184293247
1.3989295184293247
1.3989295184293247
1.3989295184293247
1.3989295184293247
1.3989295184293247
1.3989295184293247
1.3989295184293247
1.5593436467451944
1.5593436467451944
1.5593436467451944
1.5593436467451944
1.5593436467451944
1.5593436467451944
1.5593436467451944
1.5593436467451944
1.5593436467451944
1.5593436467451944
1.4093356761138343
1.4093356761138343
1.4093356761138343
1.4093356761138343
1.5593436467451944
1.5593436467451944
1.5593436467451944
1.5593436467451944
1.5593436467451944
1.5593436467451944
1.5593436467451944
1.5593436467451944
1.5593436467451944
1.5593436467451944
1.5593436467451944
1.5593436467451944
1.5593436467451944
1.5593436467451944
1.5593436467451944
1.5593436467451944
1.5593436467451944
1.5593436467451944
1.5593436467451944
1.5593436467451944
1.5593436467451944
1.5593436467451944
1.5593436467451944
1.5593436467451944
1.5593436467451944
1.5593482243820496
1.5593482243820496
1.5593482243820496
1.5593482243820496
1.5593482243820496
1.5593482243820496
1.5593482243820496
1.5593482243820496
1.5593482243820496
1.5593448358578932
1.5593447911544083
1.5593447822137112
1.5593447822137112
1.5593447822137112
1.5593447822137112
1.5593447911544083
1.5593447911544083
1.5593447822137112
1.5593447822137112
1.5593447822137112
1.5593447822137112
1.5593447822137112
1.5593447822137112
1.5593447822137112
1.5593447822137112
