1.3655260552622692
1.3909156051550986
1.3655253131844196
1.3655253131844196
1.3655253131844196
1.3655253131844196
1.3655253131844196
1.3655253131844196
1.3655253131844196
1.3655253131844196
1.3655253131844196
1.3655253131844196
1.3655253131844196
1.3655253131844196
1.3655253131844196
1.3655253131844196
1.3655253131844196
1.3655253131844196
1.3655253131844196
1.3655253131844196
1.3655253131844196
1.3655253131844196
1.3655253131844196
1.3655253131844196
1.3655253131844196
1.3655253131844196
1.3655253131844196
1.3655253131844196
1.3655253131844196
1.3655253131844196
1.3655253131844196
1.3655253131844196
1.3655253131844196
1.3655253131844196
1.3655253131844196
1.3655253131844196
1.3655253131844196
1.3655253131844196
1.3655253131844196
1.3655253131844196
1.3655253131844196
1.3655253131844196
1.3655253131844196
1.3655253131844196
1.3655253131844196
1.3655253131844196
1.3655253131844196
1.3655253131844196
1.3655253131844196
1.3655253131844196
1.3655253131844196
1.3655253131844196
1.3655253131844196
1.3655253131844196
1.3655253131844196
1.3655253131844196
1.3655253131844196
1.3655253131844196
1.3655253131844196
1.3655253131844196
1.3655253131844196
1.3655253131844196
1.3655253131844196
1.3655253131844196
1.3655253131844196
1.3655253131844196
1.3655253131844196
1.3655253131844196
1.3655253131844196
1.3655253131844196
1.3655253131844196
1.3655253131844196
1.3655253131844196
1.3655253131844196
1.3655253131844196
1.3655253131844196
1.3655253131844196
1.3655253131844196
1.3655253131844196
1.3655253131844196
1.3655253131844196
1.3655253131844196
1.3655253131844196
1.3655253131844196
1.3655253131844196
1.3655253131844196
1.3655253131844196
1.3655253131844196
1.3655253131844196
1.3655253131844196
1.3655253131844196
1.3655253131844196
1.3655253131844196
1.3655253131844196
1.3655253131844196
1.3655253131844196
1.3655253131844196
1.3655253131844196
1.3655253131844196
1.3655253131844196
