1.4466184435617460
1.4466688049193861
1.4466371242695191
1.4466294955387562
1.4466294955387562
1.4466294955387562
1.4466294955387562
1.4466294955387562
1.4466294955387562
1.4466294955387562
1.4466294955387562
1.4466294955387562
1.4466294955387562
1.4466294955387562
1.4466294955387562
1.4466294955387562
1.4466294955387562
1.4466294955387562
1.4466294955387562
1.4466294955387562
1.4466294955387562
1.4466294955387562
1.4466294955387562
1.4466294955387562
1.4466184435617460
1.4466184435617460
1.4466184435617460
1.4466184435617460
1.4466184435617460
1.4466184435617460
1.4466184435617460
1.4466184435617460
1.4466184435617460
1.4466184435617460
1.4466184435617460
1.4466184435617460
1.4466184435617460
1.4466184435617460
1.4466184435617460
1.4466184435617460
1.4466184435617460
1.4466184435617460
1.4466184435617460
1.4466184435617460
1.4466184435617460
1.4466184435617460
1.4466184435617460
1.4466184435617460
1.4466184435617460
1.4466184435617460
1.4466184435617460
1.4466184435617460
1.4466184435617460
1.4466184435617460
1.4466184435617460
1.4466184435617460
1.4466184435617460
1.4466184435617460
1.4466184435617460
1.4466184435617460
1.4466184435617460
1.4466184435617460
1.4466184435617460
1.4466184435617460
1.4466184435617460
1.4466184435617460
1.4466184435617460
1.4466184435617460
1.4466184435617460
1.4466184435617460
1.4466184435617460
1.4466184435617460
1.4466184435617460
1.4466184435617460
1.4466184435617460
1.4466184435617460
1.4466184435617460
1.4466184435617460
1.4466184435617460
1.4466184435617460
1.4466184435617460
1.4466184435617460
1.4466184435617460
1.4466184435617460
1.4466184435617460
1.4466184435617460
1.4466184435617460
1.4466184435617460
1.4466184435617460
1.4466184435617460
1.4466184435617460
1.4466184435617460
1.4466184435617460
1.4466184435617460
1.4466184435617460
1.4466184435617460
1.4466184435617460
1.4466184435617460
1.4466184435617460
1.4466184435617460
