1.4451484907134917
1.4461348198543436
1.4445153622584153
1.4445153622584153
1.4445153622584153
1.4445153622584153
1.4445153622584153
1.4445153622584153
1.4445153622584153
1.4445153622584153
1.4445153622584153
1.4445153622584153
1.4445153622584153
1.4445153622584153
1.4445153622584153
1.4445153622584153
1.4445153622584153
1.4445153622584153
1.4445153622584153
1.4445153622584153
1.4445153622584153
1.4445153622584153
1.4445153622584153
1.4445153622584153
1.4445153622584153
1.4445153622584153
1.4445153622584153
1.4445153622584153
1.4445153622584153
1.4445153622584153
1.4445153622584153
1.4445153622584153
1.4445153622584153
1.4445153622584153
1.4445153622584153
1.4445153622584153
1.4445153622584153
1.4445153622584153
1.4445153622584153
1.4445153622584153
1.4445153622584153
1.4445153622584153
1.4445153622584153
1.4445153622584153
1.4445153622584153
1.4445153622584153
1.4445153622584153
1.4445153622584153
1.4445153622584153
1.4445153622584153
1.4445153622584153
1.4445153622584153
1.4445153622584153
1.4445153622584153
1.4445153622584153
1.4445153622584153
1.4445153622584153
1.4445153622584153
1.4445153622584153
1.4445153622584153
1.4445153622584153
1.4445153622584153
1.4445153622584153
1.4445153622584153
1.4445153622584153
1.4445153622584153
1.4445153622584153
1.4445153622584153
1.4445153622584153
1.4445153622584153
1.4445153622584153
1.4445153622584153
1.4445153622584153
1.4445153622584153
1.4445153622584153
1.4445153622584153
1.4445153622584153
1.4445153622584153
1.4445153622584153
1.4445153622584153
1.4445153622584153
1.4445153622584153
1.4445153622584153
1.4445153622584153
1.4445153622584153
1.4445153622584153
1.4445153622584153
1.4445153622584153
1.4445153622584153
1.4445153622584153
1.4445153622584153
1.4445153622584153
1.4445153622584153
1.4445153622584153
1.4445153622584153
1.4445153622584153
1.4445153622584153
1.4445153622584153
1.4445153622584153
1.4445153622584153
