1.4453137406615537
1.4453137406615537
1.4453137406615537
1.4453137406615537
1.4453137406615537
1.4453137406615537
1.4453137406615537
1.4453137406615537
1.4453137406615537
1.4453137406615537
1.4453137406615537
1.4453137406615537
1.4453137406615537
1.4453137406615537
1.4453137406615537
1.4453137406615537
1.4453137406615537
1.4453137406615537
1.4453137406615537
1.4453137406615537
1.4453137406615537
1.4451133272163070
1.4451133272163070
1.4451133272163070
1.4451133272163070
1.4451133272163070
1.4451133272163070
1.4451133272163070
1.4451133272163070
1.4451133272163070
1.4451133272163070
1.4451133272163070
1.4451133272163070
1.4451133272163070
1.4451133272163070
1.4451133272163070
1.4465468067874552
1.4465468067874552
1.4465468067874552
1.4465468067874552
1.4465468067874552
1.4465468067874552
1.4465468067874552
1.4465468067874552
1.4465468067874552
1.4465468067874552
1.4448025804347568
1.4448025804347568
1.4448025804347568
1.4448025804347568
1.4465470460166647
1.4465470460166647
1.4465470460166647
1.4465470460166647
1.4465470460166647
1.4465470460166647
1.4465470460166647
1.4465470460166647
1.4465470460166647
1.4465470460166647
1.4465470460166647
1.4465470460166647
1.4465470460166647
1.4465470460166647
1.4465470460166647
1.4465470460166647
1.4465470460166647
1.4465470460166647
1.4465470460166647
1.4465470460166647
1.4465470460166647
1.4465470460166647
1.4465470460166647
1.4465470460166647
1.4465470460166647
1.4465470460166647
1.4465470460166647
1.4465470460166647
1.4465470460166647
1.4465470460166647
1.4465470460166647
1.4465470460166647
1.4465470460166647
1.4465470460166647
1.4465470464291288
1.4465470460166647
1.4465470459135485
1.4465470459135485
1.4465470459135485
1.4465470459135485
1.4465470460166647
1.4465470460166647
1.4465470459135485
1.4465470459135485
1.4465470459135485
1.4465470459135485
1.4465470459135485
1.4465470459135485
1.4465470459135485
1.4465470459135485
