1.4460657342739622
1.4460657342739622
1.4460587528025732
1.4460587528025732
1.4460587528025732
1.4460587528025732
1.4460587528025732
1.4460587528025732
1.4460587528025732
1.4460587528025732
1.4460587528025732
1.4460587528025732
1.4460587528025732
1.4460587528025732
1.4460587528025732
1.4460587528025732
1.4460587528025732
1.4460587528025732
1.4460587528025732
1.4460587528025732
1.4460587528025732
1.4460587528025732
1.4460587528025732
1.4460587528025732
1.4460640421397699
1.4460640421397699
1.4460640421397699
1.4460640421397699
1.4460640421397699
1.4460640421397699
1.4460587190836287
1.4460587625985968
1.4460572843270685
1.4460587180524682
1.4460587625985968
1.4460587625985968
1.4460587625985968
1.4460587625985968
1.4460587180524682
1.4460587180524682
1.4460587180524682
1.4460587180524682
1.4460587180524682
1.4460587180524682
1.4460587180524682
1.4460587180524682
1.4460587180524682
1.4460587180524682
1.4460587180524682
1.4460587180524682
1.4460587180524682
1.4460587180524682
1.4460587180524682
1.4460587180524682
1.4460587180524682
1.4460587180524682
1.4460587180524682
1.4460587180524682
1.4460587180524682
1.4460587180524682
1.4460587180524682
1.4460587180524682
1.4460587180524682
1.4460587180524682
1.4460587180524682
1.4460587180524682
1.4460587180524682
1.4460587180524682
1.4460587180524682
1.4460587180524682
1.4460587180524682
1.4460587180524682
1.4460587180524682
1.4460587180524682
1.4460587180524682
1.4460587180524682
1.4460587180524682
1.4460587180524682
1.4460587180524682
1.4460587180524682
1.4460587180524682
1.4460587180524682
1.4460587180524682
1.4460587180524682
1.4460587180524682
1.4460587180524682
1.4460587180524682
1.4460587180524682
1.4460587180524682
1.4460587180524682
1.4460587180524682
1.4460587180524682
1.4460587180524682
1.4460587180524682
1.4460587180524682
1.4460587180524682
1.4460587180524682
1.4460587180524682
1.4460587180524682
1.4460587180524682
