1.4440466233511753
1.4440466233511753
1.4440466233511753
1.4440466233511753
1.4440465913852034
1.4440466206701583
1.4456796883457805
1.4456796883457805
1.4456796883457805
1.4456796883457805
1.4456796883457805
1.4440466206701583
1.4440466206701583
1.4440466233511753
1.4440466233511753
1.4440466233511753
1.4440466233511753
1.4440466206701583
1.4440466206701583
1.4440466233511753
1.4440466233511753
1.4440466233511753
1.4440466233511753
1.4440466233511753
1.4440466233511753
1.4440466233511753
1.4440466233511753
1.4440466233511753
1.4440466233511753
1.4440466233511753
1.4440466233511753
1.4440466233511753
1.4440466233511753
1.4440466233511753
1.4440466233511753
1.4440466233511753
1.4440466233511753
1.4440466233511753
1.4440466233511753
1.4440466233511753
1.4440466233511753
1.4440466233511753
1.4440466233511753
1.4440466233511753
1.4440466233511753
1.4440466233511753
1.4440466233511753
1.4440466233511753
1.4440466233511753
1.4440466233511753
1.4440466233511753
1.4440466233511753
1.4440466233511753
1.4440466233511753
1.4440466233511753
1.4440466233511753
1.4440466233511753
1.4440466233511753
1.4440466233511753
1.4440466233511753
1.4440466233511753
1.4440466233511753
1.4440466233511753
1.4440466233511753
1.4440466233511753
1.4440466233511753
1.4440466233511753
1.4440466233511753
1.4440466233511753
1.4440466233511753
1.4440466233511753
1.4440466233511753
1.4440466233511753
1.4440466233511753
1.4440466233511753
1.4440466233511753
1.4440466233511753
1.4440466233511753
1.4440466233511753
1.4440466233511753
1.4440466233511753
1.4440466233511753
1.4440466233511753
1.4440466233511753
1.4440466233511753
1.4440466233511753
1.4440466233511753
1.4440466233511753
1.4440466233511753
1.4440466233511753
1.4440466233511753
1.4440466233511753
1.4440466233511753
1.4440466233511753
1.4440466233511753
1.4440466233511753
1.4440466233511753
1.4440466233511753
1.4440466233511753
1.4440466233511753
