1.4670912834704304
1.4670912882885720
1.4670910350999544
1.4670912852654243
1.4670912852654243
1.4670912852654243
1.4670912852654243
1.4670912852654243
1.4670912852654243
1.4670912852654243
1.4670912852654243
1.4670912852654243
1.4670912852654243
1.4670912852654243
1.4670912852654243
1.4670912852654243
1.4670912852654243
1.4670912852654243
1.4670912852654243
1.4670912852654243
1.4670912852654243
1.4670912852654243
1.4670912852654243
1.4670912852654243
1.4670918090257588
1.4670918090257588
1.4670918090257588
1.4670918090257588
1.4670918634424168
1.4670918634424168
1.4670918634424168
1.4670918634424168
1.4670918634424168
1.4670918694887123
1.4670918694887123
1.4670918694887123
1.4670918694887123
1.4670918694887123
1.4670918694887123
1.4670918694887123
1.4670918694887123
1.4670918694887123
1.4670918694887123
1.4670918694887123
1.4670918694887123
1.4670918694887123
1.4670918694887123
1.4670918694887123
1.4670918694887123
1.4670918694887123
1.4670918694887123
1.4670918694887123
1.4670918694887123
1.4670918694887123
1.4670918694887123
1.4670918694887123
1.4670918694887123
1.4670918694887123
1.4670918694887123
1.4670918694887123
1.4670918694887123
1.4670918694887123
1.4670918694887123
1.4670918694887123
1.4670918694887123
1.4670918694887123
1.4670918694887123
1.4670918694887123
1.4670918694887123
1.4670918694887123
1.4670918694887123
1.4670918694887123
1.4670918694887123
1.4670918694887123
1.4670918694887123
1.4670918694887123
1.4670918694887123
1.4670918694887123
1.4670918694887123
1.4670918694887123
1.4670918694887123
1.4670918694887123
1.4670918694887123
1.4670918694887123
1.4670918694887123
1.4670918694887123
1.4670918694887123
1.4670918694887123
1.4670918694887123
1.4670918694887123
1.4670918694887123
1.4670918694887123
1.4670918694887123
1.4670918694887123
1.4670918694887123
1.4670918694887123
1.4670918694887123
1.4670918694887123
1.4670918694887123
1.4670918694887123
