1.4674441760651522
1.4668149987603725
1.4674441760651522
1.4674441760651522
1.4674441760651522
1.4674441760651522
1.4674441760651522
1.4674015132162426
1.4674015132162426
1.4674015132162426
1.4674015132162426
1.4674015132162426
1.4674015132162426
1.4674015132162426
1.4674015132162426
1.4674015132162426
1.4674015132162426
1.4674015132162426
1.4674015132162426
1.4674015132162426
1.4674015132162426
1.4674015132162426
1.4674015132162426
1.4674015132162426
1.4674015132162426
1.4674015132162426
1.4674015132162426
1.4674015132162426
1.4674015132162426
1.4674015132162426
1.4674015132162426
1.4674015132162426
1.4674015132162426
1.4674015132162426
1.4674015132162426
1.4674015132162426
1.4674015132162426
1.4674015132162426
1.4674015132162426
1.4674015132162426
1.4674015132162426
1.4674015132162426
1.4674015132162426
1.4674015132162426
1.4674015132162426
1.4674015132162426
1.4674015132162426
1.4674015132162426
1.4674015132162426
1.4674015132162426
1.4674015132162426
1.4674015132162426
1.4674015132162426
1.4674015132162426
1.4674015132162426
1.4674015132162426
1.4674015132162426
1.4674015132162426
1.4674015132162426
1.4674015132162426
1.4674015132162426
1.4674015132162426
1.4674015132162426
1.4674015132162426
1.4674015132162426
1.4674015132162426
1.4674015132162426
1.4674015132162426
1.4674015132162426
1.4674015132162426
1.4674015132162426
1.4674015132162426
1.4674015132162426
1.4674015132162426
1.4674015132162426
1.4674015132162426
1.4674015132162426
1.4674015132162426
1.4674015132162426
1.4674015132162426
1.4674015132162426
1.4674015132162426
1.4674015132162426
1.4674015132162426
1.4674015132162426
1.4674015132162426
1.4674015132162426
1.4674015132162426
1.4674015132162426
1.4674015132162426
1.4674015132162426
1.4674015132162426
1.4674015132162426
1.4674015132162426
1.4674015132162426
1.4674015132162426
1.4674015132162426
1.4674015132162426
1.4674015132162426
1.4674015132162426
