1.4665797600820589
1.4665797600820589
1.4665797600820589
1.4665797600820589
1.4665797600820589
1.4665797600820589
1.4665797600820589
1.4665797600820589
1.4665797600820589
1.4665797600820589
1.4665797600820589
1.4665797600820589
1.4665797600820589
1.4665797600820589
1.4665797600820589
1.4665797600820589
1.4665797600820589
1.4665797600820589
1.4665797600820589
1.4665797600820589
1.4665797600820589
1.4673722688917001
1.4673722688917001
1.4673722688917001
1.4673722688917001
1.4673722688917001
1.4673722688917001
1.4673722688917001
1.4673722688917001
1.4673722688917001
1.4673722688917001
1.4673722688917001
1.4673722688917001
1.4673722688917001
1.4673722688917001
1.4673722688917001
1.4661833495600030
1.4661833495600030
1.4661833495600030
1.4661833495600030
1.4661833495600030
1.4661833495600030
1.4661833495600030
1.4661833495600030
1.4661833495600030
1.4661833495600030
1.4673721149945889
1.4673721149945889
1.4673721149945889
1.4673721149945889
1.4661833495600030
1.4661833495600030
1.4661833495600030
1.4661833495600030
1.4661833495600030
1.4661833495600030
1.4661833495600030
1.4661833495600030
1.4661833495600030
1.4661833495600030
1.4661833495600030
1.4661833495600030
1.4661833495600030
1.4661833495600030
1.4661833495600030
1.4661833495600030
1.4661833495600030
1.4661833495600030
1.4661833495600030
1.4661833495600030
1.4661833495600030
1.4661833495600030
1.4661833495600030
1.4661833495600030
1.4661833495600030
1.4661833495600030
1.4661833495600030
1.4661833495600030
1.4661833495600030
1.4661833495600030
1.4661833495600030
1.4661833495600030
1.4661833495600030
1.4661833495600030
1.4661833407739802
1.4661833495600030
1.4661833466313288
1.4661833466313288
1.4661833466313288
1.4661833466313288
1.4661833404905600
1.4661833404905600
1.4661833345387381
1.4661833345387381
1.4661833345387381
1.4661833345387381
1.4661833345387381
1.4661833345387381
1.4661833345387381
1.4661833345387381
