1.4679346950013845
1.4679346950013845
1.4679346853651012
1.4679346853651012
1.4679346853651012
1.4679346853651012
1.4679346853651012
1.4679346853651012
1.4679346853651012
1.4679346853651012
1.4679346853651012
1.4679346853651012
1.4679346853651012
1.4679346853651012
1.4679346853651012
1.4679346853651012
1.4679346853651012
1.4679346853651012
1.4679346853651012
1.4679346853651012
1.4679346853651012
1.4679346853651012
1.4679346853651012
1.4679346853651012
1.4679350806416596
1.4679350806416596
1.4679350335939239
1.4679350335939239
1.4679350335939239
1.4679362415303661
1.4679346936787574
1.4679346936787574
1.4679350201787060
1.4679362415303661
1.4679362415303661
1.4679362415303661
1.4679362415303661
1.4679362415303661
1.4679362415303661
1.4679362415303661
1.4679362415303661
1.4679362415303661
1.4679362415303661
1.4679362415303661
1.4679362415303661
1.4679362415303661
1.4679362415303661
1.4679362415303661
1.4679362415303661
1.4679362415303661
1.4679362415303661
1.4679362415303661
1.4679362415303661
1.4679362415303661
1.4679362415303661
1.4679362415303661
1.4679362415303661
1.4679362415303661
1.4679362415303661
1.4679362415303661
1.4679362415303661
1.4679362415303661
1.4679362415303661
1.4679362415303661
1.4679362415303661
1.4679362415303661
1.4679362415303661
1.4679362415303661
1.4679362415303661
1.4679362415303661
1.4679362415303661
1.4679362415303661
1.4679362415303661
1.4679362415303661
1.4679362415303661
1.4679362415303661
1.4679362415303661
1.4679362415303661
1.4679362415303661
1.4679362415303661
1.4679362415303661
1.4679362415303661
1.4679362415303661
1.4679362415303661
1.4679362415303661
1.4679362415303661
1.4679362415303661
1.4679362415303661
1.4679362415303661
1.4679362415303661
1.4679362415303661
1.4679362415303661
1.4679362415303661
1.4679362415303661
1.4679362415303661
1.4679362415303661
1.4679362415303661
1.4679362415303661
1.4679362415303661
1.4679362415303661
