1.4658219480327352
1.4658219480327352
1.4658219480327352
1.4658219480327352
1.4658219405693396
1.4658219479382619
1.4669611667222133
1.4669611667222133
1.4669611667222133
1.4669611667222133
1.4669611667222133
1.4658219479382619
1.4658219479382619
1.4658225042919071
1.4658225042919071
1.4658225042919071
1.4658225042919071
1.4658221414197130
1.4658221414197130
1.4658221415141863
1.4658221415141863
1.4658225041974338
1.4658225041974338
1.4658225041974338
1.4658225041974338
1.4658225041974338
1.4658225041974338
1.4658225041974338
1.4658225041974338
1.4658225042919071
1.4658225042919071
1.4658225042919071
1.4658225041974338
1.4658225041974338
1.4658225041974338
1.4658225041974338
1.4658225041974338
1.4658225041974338
1.4658225042919071
1.4658225042919071
1.4658225042919071
1.4658225042919071
1.4658225042919071
1.4658225042919071
1.4658225042919071
1.4658225042919071
1.4658225042919071
1.4658225042919071
1.4658225042919071
1.4658225042919071
1.4658225042919071
1.4658225042919071
1.4658225042919071
1.4658225042919071
1.4658225042919071
1.4658225042919071
1.4658225042919071
1.4658225042919071
1.4658225042919071
1.4658225042919071
1.4658225042919071
1.4658225042919071
1.4658225042919071
1.4658225042919071
1.4658225042919071
1.4658225042919071
1.4658225042919071
1.4658225042919071
1.4658225042919071
1.4658225042919071
1.4658225042919071
1.4658225042919071
1.4658225042919071
1.4658225042919071
1.4658225042919071
1.4658225042919071
1.4658225042919071
1.4658225042919071
1.4658225042919071
1.4658225042919071
1.4658225042919071
1.4658225042919071
1.4658225042919071
1.4658225042919071
1.4658225042919071
1.4658225042919071
1.4658225042919071
1.4658225042919071
1.4658225042919071
1.4658225042919071
1.4658225042919071
1.4658225042919071
1.4658225042919071
1.4658225042919071
1.4658225042919071
1.4658225042919071
1.4658225042919071
1.4658225042919071
1.4658225042919071
1.4658225042919071
