6.9983179358572496
2.6352944601175681
2.8046177582271365
3.0346947615986708
3.0346989884095277
3.3968777868514572
3.4031906239016179
3.4175772981229469
3.4175772981229469
3.4655937928779688
3.5924882171255303
3.6431818296863314
5.9321480566419771
5.9321480566419771
3.6862531412878221
3.6862531412878221
5.9025942001903964
5.9025942001903964
3.7795494563969365
3.7894666735042462
3.7894666735042462
3.7895087493087871
3.8142372190031528
3.8142372190031528
5.5838520511895364
5.5838520511895364
5.5831307838063102
5.5776202601319866
5.5776202601319866
5.5776202601319866
5.5764694460398792
5.4719038527083814
4.4727075470479489
5.1088410094456691
5.1088410094456691
5.1088384152802995
4.5505577936682720
4.5520022347696774
4.9571454270671840
4.7774094891887717


3.6389382341548475
5.9315036610420879
3.6862531412878221
3.6862531412878221
3.6866228164542520
3.7202170738616269
5.8498727958732610
3.7504252480595217
3.7864294262669880
3.7894666735042462
3.7895087493087871
5.7871308221678639
3.9103591141479792
3.9723990817357935
5.5838520511895364
5.5838520511895364
5.5803651236911742
5.5776202601319866
5.5776202601319866
5.5776202601319866
5.5764694460398792
5.5764694460398792
5.4719038527083814
5.4680450518666524
4.1776335517110805
4.4727075470479489
4.4752488247339262
4.4753715214866290
4.4812342240037148
5.1118422636404173
5.1088410094456691
5.1088410094456691
5.1088410094456691
5.1088384152802995
5.1062923899453345
4.5505577936682720
4.5520022347696774
4.9571454270671840
4.7619863080342304
4.7774094891887717


3.9092151840965181
3.9723990817357935
3.9723990817357935
3.9737375035310158
4.0170020883273683
5.5776202601319866
5.5776202601319866
4.0518628569905522
4.1059475341807534
4.1104196276243767
5.4719038527083814
5.4680450518666524
4.1638600060107294
5.4327661559552496
5.4150834846770177
5.1945585633996672
5.1923579742042270
4.4727075470479489
5.1258582502705323
4.4812342240037148
4.4812342240037148
5.1118422636404173
5.1117267715275281
5.1089864701387109
5.1089564428768428
5.1088410094456691
5.1088410094456691
5.1088410094456691
5.1088384152802995
5.1088384152802995
5.1082171943891748
5.1062923899453345
5.1061470151621524
4.5505577936682720
4.5520022347696774
4.5576225031924862
4.9571454270671840
4.7619863080342304
4.8335559810301101
4.7774094891887717


4.0874834341688695
5.4970313837934350
5.4858009680542903
4.1265330713400674
5.4718947282123054
5.4680541774101403
4.1638600060107294
4.1638600060107294
4.2523327175255901
4.4727075470479489
4.4727075470479489
4.4812254940526097
4.4812342240037148
5.1118422636404173
5.1117267715275281
5.1112234182649434
5.1089714086700697
5.1088410094456691
5.1088384152802995
5.1088384152802995
5.1088358918186563
5.1087080230999149
5.1082171943891748
5.1068159904526320
5.1062923899453345
5.1062923899453345
5.1062923899453345
5.1061470151621524
5.0758458663961559
4.5505577936682720
4.5520022347696774
4.5535103832082982
4.5576225031924862
4.5797568812591489
4.9571454270671840
4.8644717150854042
4.7619863080342304
4.8335559810301101
4.8303968988533139
4.7774094891887717


4.1638600060107294
4.1638600060107294
4.1638600060107294
4.2517401044557550
4.4044504069287944
5.1746210599266087
4.4352744771873933
4.4427785033406861
5.1456136797465399
5.1366833385357946
4.4727075470479489
4.4727075470479489
4.4812254940526097
4.4812254940526097
5.1159529724311161
5.1112234182649434
5.1089714086700697
5.1088384152802995
5.1088358918186563
5.1087080230999149
5.1062923899453345
5.1041996526655318
5.0862817506616862
5.0777878344123053
5.0758458663961559
5.0752087149399259
4.5440574551866577
4.5505577936682720
4.5520022347696774
4.5535103832082982
4.5535103832082982
4.5576225031924862
4.5797568812591489
4.5803165021957923
4.9571454270671840
4.8644717150854042
4.7619863080342304
4.8335559810301101
4.8303968988533139
4.7774094891887717


5.1932038532156044
4.4275240420782866
4.4301443498993018
4.4352744771873933
4.4352744771873933
4.4497152400885049
4.4504731172846315
5.1366833385357946
5.1366833385357946
5.1328628960122096
4.4727075470479489
4.4727075470479489
5.1147535280149823
5.1112234182649434
5.1112234182649434
5.1096675632280313
5.1088358918186563
5.1087080230999149
5.1041996526655318
5.0752087149399259
4.5435558135721630
4.5457435158943369
4.5510601674972309
4.5520022347696774
4.5532632453133584
4.5535103832082982
4.5535103832082982
5.0455589676334132
4.5545757185922717
4.5576225031924862
4.5576225031924862
4.5791200892667643
4.5797568812591489
4.5803165021957923
4.9571454270671840
4.8644717150854042
4.7619863080342304
4.8335559810301101
4.8303968988533139
4.7774094891887717


4.4335094934438910
4.4338484182602613
4.4352744771873933
4.4494724150570191
5.1367326547708325
4.4667611553892312
5.1328628960122096
5.1328628960122096
5.1328136059299210
4.4703104140462466
4.4727075470479489
5.1112234182649434
5.1099187506106327
5.1096675632280313
5.1041996526655318
5.0752087149399259
5.0673114489982307
4.5457435158943369
5.0530701321278197
4.5535103832082982
4.5543829391718527
5.0455683335172417
4.5545757185922717
4.5549955417257459
4.5576225031924862
4.5576225031924862
4.5645584454101158
4.5660138441051910
5.0320467939074955
4.5791200892667643
4.5791200892667643
4.5797568812591489
4.5802133384277814
4.5803165021957923
4.9571454270671840
4.8644717150854042
4.7619863080342304
4.8335559810301101
4.8303968988533139
4.7774094891887717


4.4335094934438910
4.4352744771873933
5.1521065315306256
4.4483156414225018
4.4484198726844317
4.4494724150570191
4.4613162039892549
5.1385673147270685
5.1373737992309918
5.1340408916447036
4.4681195614161773
4.4703104140462466
4.4727075470479489
5.1126317177407028
5.1041996526655318
5.0752087149399259
5.0530701321278197
4.5495239780492343
4.5535103832082982
5.0455683335172417
4.5576225031924862
4.5653029342913873
4.5656596876605509
4.5671300583101795
5.0328557924669930
5.0320467939074955
4.5791200892667643
4.5791200892667643
4.5791200892667643
4.5796300345315597
4.5797568812591489
4.5802133384277814
4.5803165021957923
4.5828708675352239
4.9571454270671840
4.8644717150854042
4.7619863080342304
4.8335559810301101
4.8303968988533139
4.7774094891887717


4.4457518702270775
5.1521065315306256
4.4482039949174439
4.4483156414225018
4.4494761090067634
4.4494868425627221
4.4613017200173264
5.1385221209354466
4.4650543959006992
5.1340408916447036
5.1328932239374945
4.4681195614161773
5.1138473209227797
5.1136452211661778
5.1041996526655318
5.0752087149399259
5.0487710228198779
4.5535103832082982
5.0455683335172417
4.5653029342913873
5.0328557924669930
4.5768436733965121
4.5791066899483965
4.5791200892667643
4.5791200892667643
4.5791200892667643
4.5791792550354700
4.5796300345315597
4.5797568812591489
4.5797568812591489
4.5802133384277814
4.5803165021957923
4.5828116795594669
4.5828708675352239
4.9571454270671840
4.8644717150854042
4.7619863080342304
4.8335559810301101
4.8303968988533139
4.7774094891887717


4.4494697296888770
4.4494724150570191
4.4496157996902310
4.4613162039892549
5.1370973869133918
5.1360178972594515
4.4650398998594802
4.4650399634821376
5.1340564534972346
5.1340408916447036
5.1328932239374945
5.1041996526655318
5.0752087149399259
5.0456830729638034
5.0455683335172417
5.0446169076802807
4.5564037565179403
4.5653029342913873
4.5768436733965121
4.5785388221248429
4.5790155760699829
4.5791200892667643
4.5791792550354700
4.5797568812591489
4.5797568812591489
4.5802133384277814
4.5802133384277814
4.5802705930059862
4.5803165021957923
4.5828116795594669
4.5828708675352239
4.5834492360948698
4.5885770664064633
4.9571454270671840
4.6560193240580379
4.8644717150854042
4.7619863080342304
4.8335559810301101
4.8303968988533139
4.7774094891887717


4.4494697296888770
4.4496157996902310
4.4613162039892549
4.4624478339398514
5.1367477545846105
4.4643365595872755
5.1340564534972346
5.1340408916447036
5.1340408916447036
5.1328932239374945
5.1235043329791266
5.0974860245597240
5.0455683335172417
5.0446169076802807
4.5577544315021745
4.5768436733965121
4.5782646846486195
4.5785388221248429
4.5789745110558453
4.5791200892667643
4.5797476838290514
4.5797568812591489
4.5801283843559109
4.5803165021957923
4.5803555491701138
4.5805906441405480
4.5828116795594669
4.5828708675352239
4.5828708675352239
4.5834492360948698
4.5885770664064633
4.5972900012042022
4.9587276826353257
4.9571454270671840
4.6560193240580379
4.8644717150854042
4.7619863080342304
4.8335559810301101
4.8303968988533139
4.7774094891887717


4.4461224719343075
5.1531342684251689
4.4494697296888770
5.1430402825163490
4.4612869693496471
4.4613044175277281
4.4613162039892549
4.4624478339398514
5.1372104184950862
5.1340408916447036
5.1328932239374945
5.1328932239374945
5.1235043329791266
4.5577544315021745
4.5596798189727519
4.5768436733965121
4.5789745110558453
4.5791200892667643
4.5791200892667643
4.5797568812591489
4.5803555491701138
4.5826658676803760
4.5827286163962500
4.5828708675352239
4.5828708675352239
4.5829539327120887
4.5834492360948698
4.5839629072874253
4.5885770664064633
4.5885770664064633
4.5972900012042022
4.9587276826353257
4.9572441076964369
4.9571454270671840
4.6560193240580379
4.8644717150854042
4.7619863080342304
4.8335559810301101
4.8303968988533139
4.7774094891887717


4.4472498392108797
4.4494697296888770
5.1453199917539125
5.1430402825163490
4.4601561252042048
4.4613017200173264
4.4613017200173264
4.4613189015079389
4.4613189015079389
5.1371963677375287
5.1340549339257100
5.1340408916447036
5.1328932239374945
4.5122828605553655
4.5596798189727519
4.5768436733965121
4.5791200892667643
4.5797568812591489
4.5797568812591489
4.5821101326123994
4.5826658676803760
4.5828708675352239
4.5835903094229566
4.5838218195472429
4.5878635403210914
4.5885770664064633
4.5885770664064633
4.5885770664064633
4.5972900012042022
4.5972900012042022
4.9587276826353257
4.9579203648695671
4.9572441076964369
4.9571454270671840
4.6560193240580379
4.8644717150854042
4.7619863080342304
4.8335559810301101
4.8303968988533139
4.7774094891887717


5.1453199917539125
5.1448381983957781
5.1430402825163490
4.4612869693496471
4.4613017200173264
4.4613017200173264
4.4613017200173264
4.4613017200173264
4.4613044812011253
5.1372119386814008
5.1371963677375287
5.1340549339257100
4.5178090536856050
4.5596798189727519
4.5768436733965121
4.5778588848319215
4.5797568812591489
4.5821101326123994
4.5828708675352239
4.5871420854559881
4.5878635403210914
4.5885770664064633
4.5885770664064633
4.5972900012042022
4.5972900012042022
4.5980143970226912
4.6016350524050793
4.6068867812673790
4.9587276826353257
4.9587276826353257
4.9579203648695671
4.9572441076964369
4.9571454270671840
4.9562774408567964
4.6560193240580379
4.8644717150854042
4.7619863080342304
4.8335559810301101
4.8303968988533139
4.7774094891887717


5.1453199917539125
5.1430402825163490
4.4611513262240283
4.4612869693496471
4.4613017200173264
4.4613017200173264
4.4613017200173264
4.4613017200173264
4.4613189015079389
5.1372119386814008
5.1371963677375287
5.1371963677375287
4.5177972528979646
4.5768436733965121
4.5778588848319215
4.5828708675352239
4.5858516363496840
4.5871420854559881
4.5885770664064633
4.5972900012042022
4.6039663721820343
4.6047366649758512
4.6064776355676864
4.6104644484456525
4.9598082845208280
4.9587276826353257
4.9587276826353257
4.9587276826353257
4.9579203648695671
4.9579203648695671
4.9572441076964369
4.9571454270671840
4.9562774408567964
4.9562774408567964
4.6560193240580379
4.8644717150854042
4.7619863080342304
4.8335559810301101
4.8303968988533139
4.7774094891887717


5.1453199917539125
4.4581429078391501
4.4611513262240283
4.4612869693496471
4.4613017200173264
4.4613017200173264
4.4613017200173264
4.4613017200173264
4.4613189015079389
5.1372119386814008
5.1372119386814008
5.1371963677375287
4.5253835117601957
4.5778588848319215
4.5828708675352239
4.5885770664064633
4.5972900012042022
4.6033542639170832
4.6047366649758512
4.6144706765181418
4.9614024639091818
4.9598082845208280
4.9587276826353257
4.9587276826353257
4.9579203648695671
4.9579203648695671
4.9579203648695671
4.9572441076964369
4.9572441076964369
4.9571454270671840
4.9562774408567964
4.9562774408567964
4.9562774408567964
4.9512394622726017
4.6560193240580379
4.8644717150854042
4.7619863080342304
4.8335559810301101
4.8303968988533139
4.7774094891887717


4.4612869693496471
4.4613017200173264
4.4613017200173264
4.4613017200173264
4.4613017200173264
4.4613189015079389
5.1372119386814008
5.1372119386814008
5.1372119386814008
5.1360178972594515
4.5828708675352239
4.5885770664064633
4.5986629487311061
4.6047366649758512
4.6123582783538293
4.6144706765181418
4.9598082845208280
4.9595707190473384
4.9589184360157903
4.9586228199651554
4.9584120604669311
4.9579203648695671
4.9577699713256420
4.9572441076964369
4.9571454270671840
4.9567525170466986
4.9562774408567964
4.9562774408567964
4.9562774408567964
4.9562774408567964
4.9512394622726017
4.9507146678843768
4.6560193240580379
4.8644717150854042
4.8578982019022501
4.7619863080342304
4.7620881961538535
4.8335559810301101
4.8303968988533139
4.7774094891887717


5.1372119386814008
5.1360178972594515
5.1360178972594515
4.4643537526962671
5.1340564534972346
5.1193060509515389
4.4861840245316102
4.4965298999464069
5.0888968339732807
5.0748353849383356
4.5828708675352239
4.6123582783538293
4.6144706765181418
4.9640271327372529
4.9605710431895362
4.9592497970830731
4.9590912822777691
4.9589184360157903
4.9586228199651554
4.9580319736627363
4.9579203648695671
4.9571454270671840
4.9562774408567964
4.9562774408567964
4.9562774408567964
4.9562774408567964
4.9558091688697701
4.9512394622726017
4.9512394622726017
4.9507146678843768
4.6560193240580379
4.8644717150854042
4.8578982019022501
4.8569295985758911
4.7618334604058514
4.7619863080342304
4.7620881961538535
4.8335559810301101
4.8303968988533139
4.7774094891887717


4.4865724870324124
4.4940582683953725
5.0888968339732807
5.0877098308513435
5.0769625245067562
5.0748353849383356
5.0748353849383356
5.0639705141721407
4.5805934963133534
4.5828708675352239
5.0115445965887400
4.9862329491425692
4.9605710431895362
4.9592497970830731
4.9588232259260581
4.9586228199651554
4.9580319736627363
4.9579203648695671
4.9577699713256420
4.9569062308671477
4.9562774408567964
4.9515011953467800
4.9512680687087007
4.9512394622726017
4.9507146678843768
4.9503202815475920
4.9482306956939972
4.6560193240580379
4.6560193240580379
4.8644717150854042
4.8588036809557682
4.8578982019022501
4.8569295985758911
4.7614767438550416
4.7618334604058514
4.7619863080342304
4.7620881961538535
4.8335559810301101
4.8303968988533139
4.7774094891887717


5.0748353849383356
5.0733553810440437
5.0612785503192494
4.5817693059972786
4.5818641829775588
4.5828708675352239
5.0115445965887400
4.9588232259260581
4.9586228199651554
4.9577699713256420
4.9569062308671477
4.9562774408567964
4.9533993386013311
4.9507146678843768
4.9505628659810936
4.9502814574181064
4.6537794307311016
4.9443031748074553
4.6560193240580379
4.6572338188800462
4.6606392911079242
4.6629838341332386
4.9300134917129173
4.9245336755846072
4.9085446348416264
4.8644717150854042
4.8589960542861101
4.8588036809557682
4.8588036809557682
4.8578982019022501
4.8574480322416269
4.8569295985758911
4.7614767438550416
4.7618334604058514
4.7619863080342304
4.7620881961538535
4.7629843411683295
4.8335559810301101
4.8303968988533139
4.7774094891887717


5.0172064110238201
4.5830168900860491
5.0122323112400222
4.9584673421160250
4.9579253481973282
4.9577699713256420
4.9577699713256420
4.9569110323965546
4.9537435833926216
4.9505628659810936
4.9502814574181064
4.9502767559001821
4.9491733547943255
4.6560193240580379
4.6572338188800462
4.6606392911079242
4.9366543913754137
4.6641486558704024
4.9085446348416264
4.8669902022619054
4.8588036809557682
4.8578982019022501
4.8576365702222928
4.8574480322416269
4.8574480322416269
4.8572037953104790
4.8569295985758911
4.7470986716409760
4.8525349990556252
4.8509412150873779
4.7614767438550416
4.7618334604058514
4.7619863080342304
4.7620881961538535
4.7626821863026310
4.7629843411683295
4.8335559810301101
4.8303968988533139
4.8233388054613355
4.7774094891887717


4.9577699713256420
4.9577699713256420
4.9577699713256420
4.9538900416996636
4.9505628659810936
4.9505628659810936
4.9504165564698592
4.9494304223152872
4.9462324726837874
4.6572338188800462
4.6572338188800462
4.9376722792947518
4.6641486558704024
4.6660198557234853
4.9204845550404528
4.9085446348416264
4.8658609317846953
4.8588036809557682
4.8574480322416269
4.8573992104886816
4.8536450411339729
4.7465787505055586
4.7466291411793664
4.8525349990556252
4.7479193065383178
4.8509412150873779
4.7612584825584854
4.7614767438550416
4.7614767438550416
4.7618334604058514
4.7619863080342304
4.7620881961538535
4.8373804763853538
4.7626821863026310
4.7629843411683295
4.8335559810301101
4.8303968988533139
4.8233388054613355
4.7774094891887717
4.7984978024831726


4.9505300234754799
4.9504493985868141
4.9504268074950888
4.9503001936465392
4.9478405054867105
4.6548877310706978
4.6572338188800462
4.6572338188800462
4.6623349963286556
4.9215411775113234
4.9204845550404528
4.9204845550404528
4.9049984661738115
4.8588036809557682
4.8574480322416269
4.8558473284162194
4.8536450411339729
4.7479193065383178
4.7612110020085643
4.7614767438550416
4.7615242279017513
4.7618334604058514
4.7619863080342304
4.7619863080342304
4.7620881961538535
4.8373804763853538
4.7626821863026310
4.7629843411683295
4.7630114651760849
4.7633523697103470
4.7646524663288190
4.8341560047908896
4.8335559810301101
4.8308806757806533
4.8303968988533139
4.8238267248954187
4.8233388054613355
4.7774094891887717
4.7907161005782619
4.7984978024831726


4.6548825564656617
4.6572389961843772
4.6572535340162089
4.6597046027432354
4.6626956460598228
4.9233287205623020
4.9215411775113234
4.9215411775113234
4.7400314883686372
4.8574480322416269
4.8574480322416269
4.7479193065383178
4.7484276293506387
4.7612110020085643
4.7614767438550416
4.7615242279017513
4.7618334604058514
4.7620881961538535
4.7624755413602831
4.7625146825142037
4.7630114651760849
4.7630114651760849
4.7631518671282818
4.7633523697103470
4.7638271107762939
4.7646524663288190
4.7646524663288190
4.8342304246595091
4.8341560047908896
4.8337330442751361
4.8335559810301101
4.8308806757806533
4.8303968988533139
4.8242639483352443
4.8238267248954187
4.8233388054613355
4.8233388054613355
4.7774094891887717
4.7907161005782619
4.7984978024831726


4.6628396961843359
4.9233643056115799
4.9233502765576747
4.9215196277007953
4.9215055800098630
4.7376512239332307
4.8608133071187298
4.7400314883686372
4.7400314883686372
4.7420379911410606
4.8574480322416269
4.8574480322416269
4.7614767438550416
4.7614767438550416
4.7614767438550416
4.7620881961538535
4.8377043726234579
4.7624755413602831
4.7630114651760849
4.7638271107762939
4.8343603702060882
4.8341560047908896
4.8337330442751361
4.8335559810301101
4.8335559810301101
4.7689791600479294
4.8308806757806533
4.8303968988533139
4.7722626829652439
4.8277299455987714
4.8274735839122735
4.8266873460623172
4.8251907860315164
4.8242639483352443
4.8238267248954187
4.8233388054613355
4.8233388054613355
4.7774094891887717
4.7907161005782619
4.7984978024831726


4.7376512239332307
4.7383295127442251
4.8608133071187298
4.7400314883686372
4.7400314883686372
4.7420379911410606
4.7420379911410606
4.7499533068743656
4.8492653150519240
4.7515082546246710
4.8477199481699076
4.8458261307226511
4.8442584185144693
4.8402841257248514
4.7614767438550416
4.7614767438550416
4.7624755413602831
4.7630114651760849
4.8343603702060882
4.7656878790422850
4.8335559810301101
4.8297390583630397
4.7703979794726523
4.8278436454896241
4.7722626829652439
4.8277299455987714
4.8276635424888514
4.8274735839122735
4.8274735839122735
4.8266873460623172
4.8251907860315164
4.8242639483352443
4.8238267248954187
4.8233388054613355
4.8233388054613355
4.8228237488599666
4.7774094891887717
4.8133459953543696
4.7907161005782619
4.7984978024831726


4.7376512239332307
4.8608133071187298
4.7400314883686372
4.7420379911410606
4.7420379911410606
4.7420379911410606
4.7420379911410606
4.7427370015527881
4.7450444564811916
4.8492653150519240
4.8492653150519240
4.7515082546246710
4.7515082546246710
4.8453783288236272
4.7614767438550416
4.7614767438550416
4.7630114651760849
4.7635146263422286
4.8343603702060882
4.8335559810301101
4.7695414899229549
4.8289258227465668
4.8289203720987892
4.7722626829652439
4.8274735839122735
4.8266873460623172
4.8251907860315164
4.8251907860315164
4.8242639483352443
4.8238267248954187
4.8233388054613355
4.8233388054613355
4.8229339983626556
4.8228237488599666
4.7774094891887717
4.8223501416661456
4.8133459953543696
4.8101351190017070
4.7907161005782619
4.7984978024831726


4.7420379911410606
4.7420379911410606
4.7420379911410606
4.7420379911410606
4.7420379911410606
4.7450444564811916
4.7450444564811916
4.7455165715544387
4.8492653150519240
4.8492653150519240
4.8399073094773746
4.7614767438550416
4.7614767438550416
4.7635146263422286
4.8343603702060882
4.8329388406969889
4.7695414899229549
4.7722743274541450
4.8274735839122735
4.8262680222587893
4.8259871967556141
4.8251907860315164
4.8251907860315164
4.8247232190195444
4.8242639483352443
4.8238267248954187
4.8233603892866102
4.8233388054613355
4.8233388054613355
4.8233388054613355
4.8229339983626556
4.8228237488599666
4.7774094891887717
4.8223501416661456
4.8221334363573476
4.8188969356422611
4.8133459953543696
4.8101351190017070
4.7907161005782619
4.7984978024831726


4.7420379911410606
4.7420379911410606
4.7420379911410606
4.7450444564811916
4.7450444564811916
4.7450444564811916
4.7450444564811916
4.8492653150519240
4.8492653150519240
4.8492653150519240
4.8492653150519240
4.8477664520078809
4.8399901055049614
4.8343603702060882
4.8343603702060882
4.7710464280496048
4.7722743274541450
4.8274735839122735
4.8259871967556141
4.8251877630644691
4.8244185487791524
4.8244131350611692
4.8242639483352443
4.8233822175695842
4.8233388054613355
4.8233388054613355
4.8229339983626556
4.8229339983626556
4.8228237488599666
4.7774094891887717
4.7774647143601960
4.8223501416661456
4.8221334363573476
4.8188969356422611
4.8186691806312441
4.8133459953543696
4.8101351190017070
4.7907161005782619
4.8070555511331117
4.7984978024831726


4.7450444564811916
4.7450444564811916
4.7450444564811916
4.7450444564811916
4.7450444564811916
4.7459282027395364
4.8492653150519240
4.8492653150519240
4.8492653150519240
4.8492653150519240
4.8492653150519240
4.8488896305537503
4.8343603702060882
4.8343603702060882
4.7722743274541450
4.8274735839122735
4.8274735839122735
4.7726982880909565
4.8259871967556141
4.8244185487791524
4.8240044810332900
4.8239895058680107
4.8233388054613355
4.8229339983626556
4.8229339983626556
4.8229339983626556
4.8228237488599666
4.7774094891887717
4.7774647143601960
4.7774647143601960
4.8223501416661456
4.8221334363573476
4.8221334363573476
4.8188969356422611
4.8186691806312441
4.8133459953543696
4.8101351190017070
4.7907161005782619
4.8070555511331117
4.7984978024831726


4.7450444564811916
4.7450444564811916
4.7451864680031806
4.7459145078282567
4.7459282027395364
4.7459282027395364
4.8492792406293379
4.8492653150519240
4.8492653150519240
4.8492653150519240
4.8492653150519240
4.8319043041078720
4.8303930153026293
4.7703481283864146
4.7722743274541450
4.7722743274541450
4.7726982880909565
4.8259871967556141
4.8240977127718327
4.8240044810332900
4.7762248961534661
4.8229339983626556
4.7772365001126165
4.7774647143601960
4.7774647143601960
4.8223501416661456
4.8223501416661456
4.8222940775432193
4.8221334363573476
4.8221334363573476
4.8188969356422611
4.8186691806312441
4.8133459953543696
4.7892764284451532
4.8101351190017070
4.8099686494223581
4.7907161005782619
4.8070555511331117
4.8055178619755159
4.7984978024831726


4.7459282027395364
4.7459282027395364
4.7459282027395364
4.7497132962693858
4.8492792406293379
4.8492653150519240
4.8492653150519240
4.8492653150519240
4.8492653150519240
4.8492653150519240
4.8492653150519240
4.7520225544333456
4.8341955127915650
4.7722743274541450
4.7722743274541450
4.7726982880909565
4.7726982880909565
4.8259871967556141
4.8240977127718327
4.7762248961534661
4.8232020599314156
4.8229356151289657
4.7774647143601960
4.8224512618830717
4.8221334363573476
4.8221334363573476
4.8189211922695394
4.8188969356422611
4.8188969356422611
4.8186691806312441
4.8133459953543696
4.8131897661270697
4.7892764284451532
4.8101351190017070
4.8099686494223581
4.8099107674475565
4.7907161005782619
4.8070555511331117
4.8055178619755159
4.7984978024831726


4.8492653150519240
4.8492653150519240
4.8492653150519240
4.8492653150519240
4.8492653150519240
4.8492653150519240
4.8492653150519240
4.8492653150519240
4.8492653150519240
4.8492653150519240
4.7526827677392838
4.8454149446617212
4.7680846516944833
4.7722743274541450
4.7722743274541450
4.7726982880909565
4.7726982880909565
4.8270897664654191
4.8259871967556141
4.8240977127718327
4.8232020599314156
4.8221334363573476
4.8214451553037794
4.8188969356422611
4.8186691806312441
4.8163750380743968
4.8162733601239642
4.8160065595494652
4.8133459953543696
4.8133459953543696
4.8131897661270697
4.7892764284451532
4.8101351190017070
4.8099686494223581
4.8099107674475565
4.7907161005782619
4.7926396349890741
4.8070555511331117
4.8055178619755159
4.7984978024831726


4.8492653150519240
4.8492653150519240
4.8492653150519240
4.8492653150519240
4.8492653150519240
4.8492653150519240
4.8492653150519240
4.8492653150519240
4.8492653150519240
4.7520580801696441
4.7722743274541450
4.7722743274541450
4.7726982880909565
4.7726982880909565
4.8270897664654191
4.7733278307355587
4.8259871967556141
4.8232020599314156
4.8217955658993059
4.8208308119329368
4.8191778047305780
4.8186691806312441
4.8174876428512006
4.8169915683470759
4.8133459953543696
4.8133459953543696
4.8131922081898955
4.8131897661270697
4.8131897661270697
4.8131046098171684
4.7892764284451532
4.8101351190017070
4.8099686494223581
4.8099107674475565
4.7907161005782619
4.7926396349890741
4.8070555511331117
4.8055178619755159
4.8043646488616867
4.7984978024831726


4.8492653150519240
4.8492653150519240
4.8492653150519240
4.8492653150519240
4.8492653150519240
4.8492653150519240
4.8492653150519240
4.8492653150519240
4.8492653150519240
4.8492653150519240
4.7520580801696441
4.7520580801696441
4.7722743274541450
4.8270897664654191
4.8270897664654191
4.7733278307355587
4.8232020599314156
4.8217955658993059
4.8192238476032632
4.8191778047305780
4.8165984531371695
4.8147932342015691
4.8135768270768136
4.8133459953543696
4.8132940938943767
4.8131897661270697
4.8131046098171684
4.8128051673464114
4.7892764284451532
4.7892764284451532
4.8101351190017070
4.8099686494223581
4.8099107674475565
4.7907161005782619
4.7926396349890741
4.8070555511331117
4.8065660293928927
4.8055178619755159
4.8043646488616867
4.7984978024831726


4.8492653150519240
4.8492653150519240
4.8492653150519240
4.8492653150519240
4.8492653150519240
4.8492653150519240
4.8492653150519240
4.8489897701292106
4.7526827677392838
4.8304584901096588
4.8278879544463820
4.7726982880909565
4.8270897664654191
4.8270897664654191
4.8217955658993059
4.7806186385776765
4.8192238476032632
4.8165984531371695
4.8133303382517569
4.8132940938943767
4.8131922081898955
4.8131046098171684
4.8129334319627848
4.8128051673464114
4.7892764284451532
4.7892764284451532
4.8101351190017070
4.8101351190017070
4.8099686494223581
4.8099107674475565
4.8093860766182530
4.7907161005782619
4.8084224334846439
4.7926396349890741
4.8070555511331117
4.8065660293928927
4.8058425081200795
4.8055178619755159
4.8043646488616867
4.7984978024831726


4.8492653150519240
4.8492653150519240
4.8492653150519240
4.8492198428893882
4.7526827677392838
4.7526827677392838
4.8469063750108141
4.8304584901096588
4.8304584901096588
4.7704738902917825
4.8253766933226565
4.8242919398780248
4.8217955658993059
4.8217955658993059
4.8212011103665748
4.8165984531371695
4.8133303382517569
4.8131922081898955
4.8117878253448039
4.8114737976604891
4.7892764284451532
4.8102536677565686
4.8101351190017070
4.8101351190017070
4.8099686494223581
4.8099107674475565
4.8094604882552723
4.8093860766182530
4.8093860766182530
4.7907161005782619
4.8090968921909152
4.8084224334846439
4.7926396349890741
4.8070555511331117
4.8065660293928927
4.8058425081200795
4.8055178619755159
4.8043646488616867
4.7984978024831726
4.8001693770829457


4.7526827677392838
4.7526827677392838
4.8456878786282127
4.8450819466263138
4.7599397573555553
4.8304584901096588
4.8304584901096588
4.7704738902917825
4.7704738902917825
4.8244327814823489
4.8239967442879541
4.8212011103665748
4.8212011103665748
4.8131997932229282
4.8131922081898955
4.8131834209981079
4.8126615925703584
4.7881722148333310
4.8117878253448039
4.8114832456724566
4.7892764284451532
4.7896344697363986
4.8099686494223581
4.8093860766182530
4.8093766367537931
4.7907161005782619
4.8090968921909152
4.8090968921909152
4.8084224334846439
4.7926396349890741
4.8070555511331117
4.8065660293928927
4.8061878904048845
4.8058425081200795
4.8055178619755159
4.7946488249963251
4.8043646488616867
4.7964171986616320
4.7984978024831726
4.8001693770829457


4.8304584901096588
4.8304584901096588
4.8304584901096588
4.7704738902917825
4.7704738902917825
4.8255105159206266
4.8244327814823489
4.8244327814823489
4.7771709540067011
4.8206975666172882
4.7831996360035465
4.8160018487549880
4.8131922081898955
4.8131922081898955
4.7881722148333310
4.8117878253448039
4.8116743344452653
4.8113236426392660
4.8108356631790414
4.7892764284451532
4.8093766367537931
4.8090968921909152
4.8090968921909152
4.8085819173272899
4.8084224334846439
4.8084224334846439
4.8077992222392076
4.7926396349890741
4.8070555511331117
4.8070555511331117
4.8068619207526035
4.8065660293928927
4.8061878904048845
4.8058425081200795
4.8055178619755159
4.7946488249963251
4.8043646488616867
4.7964171986616320
4.7984978024831726
4.8001693770829457


4.8255105159206266
4.8243763781277389
4.8237777204423207
4.7770036568291294
4.7771709540067011
4.7771709540067011
4.8206975666172882
4.8206975666172882
4.7810361585462378
4.7815770810575691
4.8161045722971725
4.8152771171465165
4.8134243894814306
4.7881722148333310
4.7881722148333310
4.8113236426392660
4.8108356631790414
4.8093766367537931
4.8090968921909152
4.8084363156081515
4.8084224334846439
4.8082534967212416
4.7921903669039549
4.8070555511331117
4.8070555511331117
4.8068619207526035
4.8068619207526035
4.8065713937973662
4.8065660293928927
4.8061878904048845
4.8058425081200795
4.8055178619755159
4.7946488249963251
4.8043646488616867
4.8043646488616867
4.7964171986616320
4.7984978024831726
4.7993409186225735
4.7996325765898176
4.8001693770829457


4.8237777204423207
4.8232404235504163
4.7770036568291294
4.7771709540067011
4.7771709540067011
4.7779530906583245
4.7810361585462378
4.7810361585462378
4.7815770810575691
4.7815770810575691
4.8177128961321030
4.7881722148333310
4.7881722148333310
4.7900308437138248
4.8097635431638261
4.8097181071839774
4.8096725119930381
4.8094890805458341
4.8093766367537931
4.8090968921909152
4.8086796081087426
4.7915610859117495
4.8084224334846439
4.8070555511331117
4.8065660293928927
4.8061878904048845
4.8058425081200795
4.8058425081200795
4.8055178619755159
4.8055142323156126
4.7946488249963251
4.8043646488616867
4.8043646488616867
4.8036723448523189
4.7964171986616320
4.8023348468972387
4.7984978024831726
4.7993409186225735
4.7996325765898176
4.8001693770829457


4.7771709540067011
4.7779530906583245
4.7779530906583245
4.7815770810575691
4.7815770810575691
4.7815770810575691
4.7815770810575691
4.8161045722971725
4.8145890526111330
4.7859203531055430
4.7860092464685628
4.8134879955143983
4.8113236426392660
4.8111277828533741
4.8105193097719319
4.8097635431638261
4.8097635431638261
4.8094890805458341
4.8093766367537931
4.8086796081087426
4.8065660293928927
4.8058425081200795
4.8058425081200795
4.8055178619755159
4.8055142323156126
4.7946488249963251
4.7946488249963251
4.8053009591291422
4.8052115541996629
4.8043646488616867
4.8043646488616867
4.8036723448523189
4.7964171986616320
4.8023348468972387
4.7984978024831726
4.7987178787891329
4.8012312293280575
4.7993409186225735
4.7996325765898176
4.8001693770829457


4.8145890526111330
4.8145890526111330
4.8144730718212063
4.7859203531055430
4.7859203531055430
4.7860887084524686
4.7867366388878620
4.8105193097719319
4.8105193097719319
4.8098794731665091
4.8096823038573566
4.8094890805458341
4.8093766367537931
4.8089422046774102
4.8085179521536556
4.8065660293928927
4.7939762284172192
4.8059758619207154
4.8057067565257752
4.8055604671059795
4.8055142323156126
4.8055007473721432
4.8053730886532655
4.8052115541996629
4.8052114045990129
4.8043646488616867
4.8043646488616867
4.8043646488616867
4.7962179794540818
4.8036723448523189
4.7964171986616320
4.8023348468972387
4.8018306722773971
4.8015131719586339
4.7984978024831726
4.7987178787891329
4.8012312293280575
4.7993409186225735
4.7996325765898176
4.8001693770829457


4.7866029077882439
4.7867135216404897
4.7884480852481985
4.8108435126843005
4.8105193097719319
4.8105193097719319
4.8098794731665091
4.8098794731665091
4.8096714444982771
4.8095729087454018
4.8085179521536556
4.8085179521536556
4.8072433316655117
4.8059758619207154
4.8059723251089013
4.8057067565257752
4.8055142323156126
4.7944906198540913
4.8054056942633219
4.8052114045990129
4.7948204477164307
4.8051027900029748
4.8043646488616867
4.8043646488616867
4.7962179794540818
4.8036723448523189
4.7964171986616320
4.7964171986616320
4.7967384578833103
4.8031820413248880
4.8030124362396682
4.8023348468972387
4.8018306722773971
4.8015131719586339
4.7984978024831726
4.7987178787891329
4.8012312293280575
4.7993409186225735
4.7996325765898176
4.8001693770829457


4.8099837219632127
4.8099588806308908
4.8098681807757595
4.8096714444982771
4.8096714444982771
4.8096010087128684
4.8095729087454018
4.8095729087454018
4.8094490971906065
4.7932647131023245
4.8059723251089013
4.8059723251089013
4.8055609145472662
4.7944906198540913
4.8054860832052002
4.8054761743534176
4.8054056942633219
4.8052271400772746
4.7948204477164307
4.8049946481087478
4.8042421068983314
4.7960304036691257
4.7962179794540818
4.7964171986616320
4.7964171986616320
4.7967384578833103
4.8031820413248880
4.8030124362396682
4.8030124362396682
4.8023348468972387
4.8018306722773971
4.8015719991592203
4.8015131719586339
4.7984978024831726
4.7987178787891329
4.8012312293280575
4.8007734310477650
4.7993409186225735
4.7996325765898176
4.8001693770829457


4.8096010087128684
4.8096010087128684
4.8094696987249499
4.8094490971906065
4.8094490971906065
4.7908131283907531
4.8088442404356009
4.8080082914580125
4.7932647131023245
4.7932647131023245
4.8067066852900178
4.8066646967396576
4.8059740863604414
4.8054860832052002
4.8054860832052002
4.7946550550337745
4.8053297426588548
4.8052271400772746
4.7948204477164307
4.8043006611114283
4.8042421068983314
4.7964171986616320
4.8030124362396682
4.8026070295135597
4.8023348468972387
4.8018306722773971
4.8018306722773971
4.7981907271113391
4.8015719991592203
4.8015131719586339
4.7984978024831726
4.8013446014599657
4.7987178787891329
4.8012312293280575
4.8007734310477650
4.8007486920369775
4.7993409186225735
4.7996325765898176
4.7997112165950604
4.8001693770829457


4.7905790466650231
4.8094206372280954
4.7908131283907531
4.7908131283907531
4.8090789688446520
4.7920860766156457
4.8072680590684831
4.7932647131023245
4.7932647131023245
4.7932647131023245
4.7932647131023245
4.7935884032745806
4.8054860832052002
4.8054860832052002
4.8054826156212203
4.8052271400772746
4.7948204477164307
4.8045130612207201
4.7955229128364971
4.8042421068983314
4.8031943090143763
4.7968289448616916
4.8023348468972387
4.7981784763708459
4.7982074736911189
4.8015719991592203
4.8015131719586339
4.7984978024831726
4.7984978024831726
4.8013446014599657
4.7987178787891329
4.7987288917960234
4.8012312293280575
4.8007734310477650
4.8007486920369775
4.7993409186225735
4.7996325765898176
4.7997112165950604
4.8001693770829457
4.8001087145180596


4.8090818993224866
4.7909536523910123
4.7911284908581528
4.7915950030842360
4.7917185604960624
4.7920860766156457
4.7920860766156457
4.7923540172397967
4.7930271562511582
4.7932647131023245
4.7932647131023245
4.7932647131023245
4.7932647131023245
4.8063229329667037
4.8054826156212203
4.8054826156212203
4.8045130612207201
4.7955229128364971
4.7957317887012385
4.7959928837931241
4.7963674416233966
4.7966533925307218
4.8031943090143763
4.8030984019020444
4.8024906037469934
4.7982074736911189
4.7983439266793866
4.7984978024831726
4.8013446014599657
4.7987178787891329
4.7987178787891329
4.7987288917960234
4.8012312293280575
4.8007734310477650
4.8007486920369775
4.7993409186225735
4.7996325765898176
4.7997112165950604
4.8001693770829457
4.8001087145180596


4.8090818993224866
4.7911284908581528
4.7915950030842360
4.7915955059689619
4.7920860766156457
4.7920860766156457
4.7920860766156457
4.7920860766156457
4.7926087658240153
4.7930271562511582
4.7930271562511582
4.7932647131023245
4.7932647131023245
4.8054826156212203
4.8054826156212203
4.7955229128364971
4.7957317887012385
4.7962479576945585
4.7963674416233966
4.7966533925307218
4.8030984019020444
4.8024906037469934
4.8024906037469934
4.7982927510848263
4.7984972975704823
4.7985489701663218
4.8013446014599657
4.7987178787891329
4.7987178787891329
4.7987178787891329
4.7987288917960234
4.8012312293280575
4.8007734310477650
4.8007486920369775
4.7993409186225735
4.7996325765898176
4.7997112165950604
4.8002250777357958
4.8001693770829457
4.8001087145180596


4.7914385613103789
4.7915950030842360
4.7915955059689619
4.7915968809070932
4.7919755767746794
4.7920860766156457
4.7920860766156457
4.7920860766156457
4.7920860766156457
4.7920943856300484
4.8074122051044696
4.7926087658240153
4.7926087658240153
4.7930271562511582
4.7930271562511582
4.8054826156212203
4.8054826156212203
4.8044723308560533
4.7962479576945585
4.7963674416233966
4.7967838921360411
4.8030984019020444
4.7977695413018502
4.7984959221100478
4.7984972975704823
4.7987178787891329
4.7987178787891329
4.7987288917960234
4.7987288917960234
4.8012312293280575
4.7988618265257790
4.8007734310477650
4.8007486920369775
4.7993409186225735
4.8004045789443763
4.7996325765898176
4.7997112165950604
4.8002250777357958
4.8001693770829457
4.8001087145180596


4.7915968809070932
4.7920860766156457
4.7920860766156457
4.7920860766156457
4.7920860766156457
4.7920860766156457
4.7920860766156457
4.7920943856300484
4.7920943856300484
4.7924163491800797
4.8071485998854184
4.7930271562511582
4.7930271562511582
4.8059032650254361
4.8054057628827982
4.7946256744285147
4.8044723308560533
4.7962479576945585
4.7964943394093593
4.7967838921360411
4.7982795314897491
4.7984972975704823
4.7984972975704823
4.7987178787891329
4.7987288917960234
4.7987288917960234
4.8012312293280575
4.7988618265257790
4.7988618265257790
4.7988681094688008
4.8007734310477650
4.8007486920369775
4.7993409186225735
4.8004045789443763
4.7996325765898176
4.7997112165950604
4.8002250777357958
4.8001693770829457
4.8001087145180596
4.8000738031940919


4.7920860766156457
4.7920860766156457
4.7920860766156457
4.7920860766156457
4.7920860766156457
4.7920943856300484
4.7920943856300484
4.7924163491800797
4.7924163491800797
4.8074372224082742
4.7926369228434798
4.8055769772645416
4.8054057628827982
4.8054057628827982
4.8038548836812627
4.7962479576945585
4.7964943394093593
4.7975189325417267
4.7976850469518926
4.7979092842635387
4.8017962321420358
4.7982596610063446
4.7982795314897491
4.7982969465880112
4.7982971641100161
4.8015905389178100
4.7987288917960234
4.7988618265257790
4.7988681094688008
4.8007734310477650
4.8007734310477650
4.8007486920369775
4.7993409186225735
4.8004045789443763
4.7996325765898176
4.7997112165950604
4.8002250777357958
4.8001693770829457
4.8001087145180596
4.8000738031940919


4.7920943856300484
4.7920943856300484
4.7924163491800797
4.7924163491800797
4.8074372224082742
4.8074372224082742
4.7926369228434798
4.7935431050877337
4.8055769772645416
4.7946134499510471
4.7947968547181121
4.8050027901026278
4.7952654340011822
4.8043278552890651
4.8038548836812627
4.8038548836812627
4.7963240757699808
4.7975189325417267
4.7976850469518926
4.7979073338412936
4.8017962321420358
4.7982971641100161
4.8015905389178100
4.7986740943363371
4.7988681094688008
4.7988698309287479
4.7989166158784586
4.8007734310477650
4.8007734310477650
4.8007734310477650
4.8007486920369775
4.7993409186225735
4.8004045789443763
4.7995971682981011
4.7996325765898176
4.7997112165950604
4.8002250777357958
4.8001693770829457
4.8001087145180596
4.8000738031940919


4.8073276616084639
4.7938633305737515
4.8056019524878906
4.8055769772645416
4.8055769772645416
4.7946134499510471
4.7946134499510471
4.7951943678139912
4.8043882155893858
4.8043273990245456
4.7956766428421869
4.8038548836812627
4.8038548836812627
4.7963219911419435
4.7970747159502780
4.8027940695054099
4.7975189325417267
4.7976850469518926
4.8017962321420358
4.8016909390881928
4.7983520010177250
4.8015175615805941
4.8013385814270384
4.7988681094688008
4.7990573899955979
4.8008883073550326
4.8007734310477650
4.8007734310477650
4.7992391767104872
4.8007486920369775
4.8007486920369775
4.7993409186225735
4.8004045789443763
4.7995971682981011
4.7996325765898176
4.7997112165950604
4.8002250777357958
4.8001693770829457
4.8001087145180596
4.8000738031940919


4.8055654046021061
4.7946134499510471
4.7946134499510471
4.7946134499510471
4.7946134499510471
4.8053546735374821
4.8052710094682602
4.8043882155893858
4.8043882155893858
4.8043273990245456
4.8043273990245456
4.7964938836054030
4.7966379712998766
4.7970747159502780
4.7970747159502780
4.7976850469518926
4.8017962321420358
4.8016909390881928
4.7983520010177250
4.7989178745420684
4.8009638259138816
4.7990573899955979
4.7990573899955979
4.8007734310477650
4.8007734310477650
4.8007732323996501
4.7992391767104872
4.8007486920369775
4.8007486920369775
4.8007486920369775
4.7993409186225735
4.8004045789443763
4.7995971682981011
4.7996325765898176
4.8003595619338171
4.7997112165950604
4.8002250777357958
4.8001693770829457
4.8001087145180596
4.8000738031940919


4.8054294057986748
4.7946134499510471
4.7946134499510471
4.8053546735374821
4.8053546735374821
4.8053301191015549
4.8052955635288450
4.8052848402249939
4.8051067212545480
4.7951337429497878
4.8043882155893858
4.8043882155893858
4.8043273990245456
4.8043273990245456
4.7961884068535090
4.7970747159502780
4.7970747159502780
4.7973788614654849
4.8025734405396410
4.7976330209162574
4.7977264883963660
4.8016909390881928
4.7983520010177250
4.7987162723078338
4.7989583541938901
4.8009638259138816
4.8007734310477650
4.8007486920369775
4.8007486920369775
4.7993409186225735
4.7993409186225735
4.8004045789443763
4.7995971682981011
4.7996325765898176
4.8003595619338171
4.7997112165950604
4.8002250777357958
4.8001693770829457
4.8001087145180596
4.8000738031940919


4.7946134499510471
4.8053546735374821
4.8053546735374821
4.8053301191015549
4.8053301191015549
4.8052710094682602
4.8051067212545480
4.8051067212545480
4.7951337429497878
4.7951337429497878
4.7952427842260699
4.8045700608253776
4.7961884068535090
4.7961884068535090
4.7961884068535090
4.7973788614654849
4.8025734405396410
4.7976121481810496
4.7976328128865964
4.7977264883963660
4.8022590492318642
4.7978314963733029
4.8016479853015968
4.7989583541938901
4.8007488997137697
4.8007486920369775
4.7993409186225735
4.7993409186225735
4.7993409186225735
4.8004045789443763
4.7995971682981011
4.7996325765898176
4.8003595619338171
4.7997112165950604
4.8002679983749825
4.7997417642269529
4.8002250777357958
4.8001693770829457
4.8001087145180596
4.8000738031940919


4.8053301191015549
4.8052710094682602
4.8052710094682602
4.7947896141642001
4.8052101890535166
4.7951337429497878
4.7951337429497878
4.7951337429497878
4.7951337429497878
4.7951337429497878
4.7952427842260699
4.7961884068535090
4.7961884068535090
4.7964728231143035
4.8026582706884788
4.7973788614654849
4.8025734405396410
4.7976121481810496
4.7976328128865964
4.7976373889746560
4.8022590492318642
4.8007488997137697
4.7993299682101833
4.7993409186225735
4.7993409186225735
4.7993409186225735
4.8004192786026127
4.8004045789443763
4.7995971682981011
4.7995971682981011
4.8003680808789646
4.7996325765898176
4.8003595619338171
4.7997112165950604
4.8002679983749825
4.7997417642269529
4.8002250777357958
4.8001693770829457
4.8001087145180596
4.8000738031940919


4.7951337429497878
4.7951337429497878
4.7951337429497878
4.7951337429497878
4.7951337429497878
4.7951337429497878
4.7951337429497878
4.7952427842260699
4.8026582706884788
4.8026582706884788
4.7973788614654849
4.8025734405396410
4.7975494206605731
4.7975970082558685
4.7976121481810496
4.7976328128865964
4.7976425845044206
4.8022590492318642
4.8009403904507817
4.7993409186225735
4.8006134651310193
4.8005487378812886
4.8005390533508532
4.7995971682981011
4.7995971682981011
4.8003680808789646
4.8003680808789646
4.7996325765898176
4.7996359684862853
4.8003604947863243
4.8003595619338171
4.7997112165950604
4.8002751255498000
4.8002679983749825
4.7997417642269529
4.8002250920643128
4.8002250777357958
4.8001693770829457
4.8001087145180596
4.8000738031940919


4.7951337429497878
4.7951337429497878
4.7951337429497878
4.7951337429497878
4.7951337429497878
4.7951337429497878
4.7951337429497878
4.7951337429497878
4.7951337429497878
4.8039052530312638
4.8027420495800897
4.8026582706884788
4.8026582706884788
4.8026582706884788
4.8026582706884788
4.8026444847506866
4.7976121481810496
4.7976121481810496
4.7976308158276675
4.7976581879868956
4.8022590492318642
4.8017398416220418
4.8009403904507817
4.8006134651310193
4.8005487378812886
4.7995971682981011
4.7996359684862853
4.8003604947863243
4.8003595619338171
4.8003595619338171
4.7997112165950604
4.8002751255498000
4.8002679983749825
4.7997417642269529
4.8002250920643128
4.8002250777357958
4.8002250777357958
4.8001693770829457
4.8001087145180596
4.8000738031940919


4.7951337429497878
4.7951337429497878
4.7951337429497878
4.7951337429497878
4.7951337429497878
4.8039052530312638
4.8039052530312638
4.8039052530312638
4.7971797096877342
4.8026582706884788
4.8026582706884788
4.7976121481810496
4.7976121481810496
4.7976137740721017
4.7976308158276675
4.7976330209162574
4.8022590492318642
4.7977689806284172
4.7978593475435956
4.8015455521055008
4.7985009577629620
4.8008974780651394
4.8005487378812886
4.8004192786026127
4.8004192786026127
4.8003595619338171
4.8003595619338171
4.7997112165950604
4.7997112165950604
4.8002751255498000
4.8002679983749825
4.7997417642269529
4.8002486925964245
4.8002250920643128
4.8002250777357958
4.8002250777357958
4.8002092145292687
4.8001693770829457
4.8001087145180596
4.8000738031940919


4.8039052530312638
4.8039052530312638
4.8039052530312638
4.7965257712959115
4.8033838573851542
4.7971797096877342
4.7971797096877342
4.7971797096877342
4.8026828080041479
4.8026582706884788
4.8026582706884788
4.7976308158276675
4.7976308158276675
4.8022345146071341
4.7977689806284172
4.7978593475435956
4.8021404071554992
4.7980907925262208
4.7982623830758593
4.7983715498047896
4.7985009577629620
4.8014448585811156
4.8010758359581427
4.8007461699980256
4.8004192786026127
4.7997112165950604
4.8002751255498000
4.8002679983749825
4.8002679983749825
4.7997417642269529
4.8002486925964245
4.8002250920643128
4.8002250777357958
4.8002250777357958
4.8002092145292687
4.8002006874033354
4.8001693770829457
4.8001087145180596
4.8000738031940919
4.8000308948871053


4.7971797096877342
4.7971797096877342
4.7971797096877342
4.8026828080041479
4.8026828080041479
4.8026810847488317
4.8026582706884788
4.8026582706884788
4.7973741311210176
4.8025531986582077
4.7974662480120500
4.7976996196788635
4.8022454739894114
4.7977689806284172
4.7977689806284172
4.8021421302387441
4.7980907925262208
4.7982623830758593
4.7985009577629620
4.8009403904507817
4.7995384647186636
4.8004192786026127
4.8004192786026127
4.8003604947863243
4.8002751255498000
4.8002679983749825
4.8002679983749825
4.7997417642269529
4.8002486925964245
4.8002486925964245
4.8002250920643128
4.8002250777357958
4.8002250777357958
4.8002092145292687
4.8002006874033354
4.8001693770829457
4.8001087145180596
4.8000738031940919
4.8000738031940919
4.8000308948871053


4.7951655878136332
4.7962232836802769
4.7971797096877342
4.7971797096877342
4.8026828080041479
4.8026826522247692
4.8026810847488317
4.8026810847488317
4.8026810847488317
4.8026582706884788
4.7973741311210176
4.7973741311210176
4.7973760813534296
4.8025531986582077
4.8025531986582077
4.7976349713508135
4.7977689806284172
4.7977689806284172
4.8019937267597097
4.7980888420127332
4.7982623830758593
4.7985009577629620
4.8009059982905056
4.7995384647186636
4.8002830803805940
4.8002751255498000
4.7997419202465110
4.8002486925964245
4.8002486925964245
4.8002250920643128
4.8002250920643128
4.8002250777357958
4.8002250777357958
4.8002092145292687
4.8002006874033354
4.8001693770829457
4.8001087145180596
4.8000738031940919
4.8000738031940919
4.8000308948871053


4.7971797096877342
4.7971797096877342
4.8026953557762901
4.8026828829729205
4.8026826522247692
4.8026826522247692
4.8026810847488317
4.8026810847488317
4.8026808540007675
4.8026582706884788
4.8026582706884788
4.8026444847506866
4.7973780881162345
4.8025531986582077
4.8025531986582077
4.8025274709301478
4.8022611471815662
4.7977689806284172
4.7977845845036535
4.8019937267597097
4.7982623830758593
4.8017350672686288
4.8004187461593499
4.8003999722761570
4.8002830803805940
4.8002486925964245
4.8002250920643128
4.8002250920643128
4.8002250920643128
4.8002250777357958
4.8002250777357958
4.8002092145292687
4.8002006874033354
4.8001693770829457
4.8001087145180596
4.8000738031940919
4.8000738031940919
4.8000738031940919
4.8000501239125102
4.8000308948871053


4.8026826522247692
4.8026826522247692
4.8026810847488317
4.8026808540007675
4.8026808540007675
4.8026808540007675
4.8026582706884788
4.8026582706884788
4.8026582706884788
4.8025531986582077
4.8025531986582077
4.8025274709301478
4.7976561911031101
4.7977689806284172
4.7977845845036535
4.8019839092504322
4.7982623830758593
4.8015837292114680
4.8003774214889265
4.7996835342508399
4.8002830803805940
4.8002327536564637
4.8002250920643128
4.8002250920643128
4.8002250920643128
4.8002250777357958
4.8002250777357958
4.8002250777357958
4.8002250777357958
4.8002092145292687
4.8002006874033354
4.8001693770829457
4.8001087145180596
4.8001087145180596
4.8000738031940919
4.8000738031940919
4.8000738031940919
4.8000501239125102
4.8000483630862441
4.8000308948871053


4.8026810847488317
4.8026808540007675
4.8026808540007675
4.8026808540007675
4.8026808540007675
4.8026582706884788
4.8026582706884788
4.8026582706884788
4.8026580399417558
4.8025531986582077
4.8025531986582077
4.8025531986582077
4.7977845845036535
4.7977845845036535
4.7977942909360216
4.7978131472897276
4.8021155623887353
4.8019839092504322
4.7981028249239213
4.8015837292114680
4.8003774214889265
4.8002830803805940
4.8002679983749825
4.8002250920643128
4.8002250777357958
4.8002250777357958
4.8002250777357958
4.8002092145292687
4.8002006874033354
4.8002006874033354
4.8001693770829457
4.8001087145180596
4.8001087145180596
4.8000738031940919
4.8000738031940919
4.8000738031940919
4.8000501239125102
4.8000483630862441
4.8000385561315753
4.8000308948871053


4.8026808540007675
4.8026808540007675
4.8026808540007675
4.8026582706884788
4.8026582706884788
4.8026582706884788
4.8026582706884788
4.8026580399417558
4.8026580399417558
4.8025531986582077
4.8025531986582077
4.7976775756788550
4.8022683516448623
4.7977942909360216
4.7977942909360216
4.8019839092504322
4.7981028249239213
4.7981028249239213
4.8013942213332070
4.7995239006268147
4.8003901304485925
4.8003774214889265
4.8002443223288989
4.8002250777357958
4.8002250777357958
4.8002092145292687
4.8002006874033354
4.8002006874033354
4.8001693770829457
4.8001693770829457
4.8001087145180596
4.8001087145180596
4.8000888846407728
4.8000738031940919
4.8000738031940919
4.8000738031940919
4.8000501239125102
4.8000483630862441
4.8000385561315753
4.8000308948871053


4.8026582706884788
4.8026582706884788
4.8026582706884788
4.8026582706884788
4.8026580399417558
4.8026580399417558
4.8025531986582077
4.8025531986582077
4.8025531986582077
4.8025531986582077
4.7976171951832054
4.7977942909360216
4.7977942909360216
4.7978010287891690
4.8020774029419666
4.8019839092504322
4.7981028249239213
4.7981028249239213
4.8013942213332070
4.8003956018793561
4.8003901304485925
4.8002412101784397
4.8002250777357958
4.8002006874033354
4.8002006874033354
4.8001693770829457
4.8001693770829457
4.8001087145180596
4.8001087145180596
4.8001087145180596
4.8000888846407728
4.8000738031940919
4.8000738031940919
4.8000738031940919
4.8000501239125102
4.8000483630862441
4.8000483630862441
4.8000385561315753
4.8000319453794713
4.8000308948871053


4.8026791839738818
4.8026582706884788
4.8026582706884788
4.8026582706884788
4.8026582706884788
4.8026580399417558
4.8026580399417558
4.8026580399417558
4.8025531986582077
4.8025531986582077
4.8025531986582077
4.8025531986582077
4.8025531986582077
4.7974585919063006
4.8025320553336428
4.8021259467236561
4.8020774029419666
4.8020774029419666
4.7981028249239213
4.7981028249239213
4.8013942213332070
4.8008436605989608
4.8003901304485925
4.7997158443594756
4.8002006874033354
4.8001996368746589
4.8001087145180596
4.8001087145180596
4.8000899351458113
4.8000888846407728
4.8000888846407728
4.8000738031940919
4.8000738031940919
4.8000738031940919
4.8000501239125102
4.8000483630862441
4.8000483630862441
4.8000385561315753
4.8000319453794713
4.8000308948871053


4.8026791839738818
4.8026582706884788
4.8026582706884788
4.8026582706884788
4.8026580399417558
4.8026580399417558
4.8026580399417558
4.8026580399417558
4.8025531986582077
4.8025531986582077
4.8025531986582077
4.8025531986582077
4.8025531986582077
4.8025320553336428
4.8025320553336428
4.7974832247475732
4.8021259467236561
4.8020774029419666
4.7981028249239213
4.8013942213332070
4.8008477067163282
4.8007099656312100
4.7995239006268147
4.8002006874033354
4.8001087145180596
4.8001087145180596
4.8000899351458113
4.8000888846407728
4.8000888846407728
4.8000888846407728
4.8000738031940919
4.8000738031940919
4.8000738031940919
4.8000501239125102
4.8000483630862441
4.8000483630862441
4.8000443171444145
4.8000385561315753
4.8000319453794713
4.8000308948871053


4.8026580399417558
4.8026580399417558
4.8025531986582077
4.8025531986582077
4.8025531986582077
4.8025531986582077
4.8025411361178874
4.8025407920366217
4.8025320553336428
4.8025320553336428
4.7976576559464297
4.8021383523504122
4.8021380082843725
4.8020774029419666
4.8020088900260331
4.7981028249239213
4.7981028249239213
4.8014286268060591
4.8008477067163282
4.8006662496751389
4.8001087145180596
4.8000899351458113
4.8000888846407728
4.8000888846407728
4.8000888846407728
4.8000888846407728
4.8000880277646587
4.8000738031940919
4.8000738031940919
4.8000738031940919
4.8000738031940919
4.8000738031940919
4.8000544943178651
4.8000501239125102
4.8000483630862441
4.8000483630862441
4.8000443171444145
4.8000385561315753
4.8000319453794713
4.8000308948871053


4.8025531986582077
4.8025531986582077
4.8025531986582077
4.8025411361178874
4.8025384310702428
4.7974657160053589
4.8025320553336428
4.8025320553336428
4.8025320553336428
4.8025320553336428
4.7976576559464297
4.8020088900260331
4.8020088900260331
4.7980850578967580
4.7981028249239213
4.8014286268060591
4.8008477067163282
4.8007046904997841
4.8001087145180596
4.8000899351458113
4.8000888846407728
4.8000880277646587
4.8000738031940919
4.8000738031940919
4.8000738031940919
4.8000738031940919
4.8000738031940919
4.8000738031940919
4.8000738031940919
4.8000544943178651
4.8000544943178651
4.8000501239125102
4.8000483630862441
4.8000483630862441
4.8000443171444145
4.8000443171444145
4.8000385561315753
4.8000353670317555
4.8000319453794713
4.8000308948871053


4.8025394129000869
4.8025384310702428
4.7974635550970941
4.7974657160053589
4.7974657160053589
4.7974676663732234
4.8025320553336428
4.8025320553336428
4.8025320553336428
4.8025320553336428
4.7976576559464297
4.7980850578967580
4.7981028249239213
4.7981028249239213
4.8014286268060591
4.8007046904997841
4.8001087145180596
4.8000899351458113
4.8000888846407728
4.8000880277646587
4.8000738031940919
4.8000738031940919
4.8000738031940919
4.8000738031940919
4.8000738031940919
4.8000738031940919
4.8000544943178651
4.8000544943178651
4.8000544943178651
4.8000501239125102
4.8000483630862441
4.8000483630862441
4.8000483630862441
4.8000443171444145
4.8000443171444145
4.8000385561315753
4.8000385561315753
4.8000353670317555
4.8000319453794713
4.8000308948871053


4.7974657160053589
4.7974676663732234
4.7974676663732234
4.8025320553336428
4.8025320553336428
4.8025320553336428
4.8025320553336428
4.7974813189718999
4.7975055210588886
4.7976576559464297
4.8014286268060591
4.8014286268060591
4.8007046904997841
4.8000899351458113
4.8000888846407728
4.8000888846407728
4.8000738031940919
4.8000738031940919
4.8000738031940919
4.8000544943178651
4.8000544943178651
4.8000544943178651
4.8000544943178651
4.8000536374762302
4.8000501239125102
4.8000483630862441
4.8000483630862441
4.8000483630862441
4.8000483630862441
4.8000483630862441
4.8000443171444145
4.8000443171444145
4.8000388805892769
4.8000385561315753
4.8000385561315753
4.8000385561315753
4.8000353670317555
4.8000339778175594
4.8000319453794713
4.8000308948871053


4.8025320553336428
4.8025320553336428
4.8025320553336428
4.7975055210588886
4.7975055210588886
4.7975940499692600
4.7976576559464297
4.7976576559464297
4.7976587200273224
4.8014286268060591
4.8000888846407728
4.8000888846407728
4.8000888846407728
4.8000738031940919
4.8000738031940919
4.8000727384208401
4.8000544943178651
4.8000544943178651
4.8000544943178651
4.8000501239125102
4.8000483630862441
4.8000483630862441
4.8000483630862441
4.8000483630862441
4.8000483630862441
4.8000483630862441
4.8000443171444145
4.8000443171444145
4.8000443171444145
4.8000388805892769
4.8000388805892769
4.8000385561315753
4.8000385561315753
4.8000385561315753
4.8000353670317555
4.8000353670317555
4.8000339778175594
4.8000319453794713
4.8000308948871053
4.7999852091895443


4.7976587200273224
4.7976587200273224
4.7976996196788635
4.8014286268060591
4.8014286268060591
4.8014085335759011
4.8001384789819053
4.8000894170300050
4.8000888846407728
4.8000745775916851
4.8000738031940919
4.8000738031940919
4.8000727384208401
4.8000544943178651
4.8000544943178651
4.8000501239125102
4.8000483630862441
4.8000483630862441
4.8000483630862441
4.8000443171444145
4.8000443171444145
4.8000443171444145
4.8000443171444145
4.8000443171444145
4.8000388805892769
4.8000388805892769
4.8000388805892769
4.8000385561315753
4.8000385561315753
4.8000385561315753
4.8000385561315753
4.8000365102910552
4.8000353670317555
4.8000353670317555
4.8000353670317555
4.8000339778175594
4.8000339778175594
4.8000319453794713
4.8000308948871053
4.7999852091895443


4.8000830294474675
4.8000811408211792
4.8000745775916851
4.8000745775916851
4.8000740452049238
4.8000740452049238
4.8000738031940919
4.8000544943178651
4.8000544943178651
4.8000542182390999
4.8000501239125102
4.8000488954685956
4.8000483630862441
4.8000483630862441
4.8000483630862441
4.8000443171444145
4.8000443171444145
4.8000388805892769
4.8000388805892769
4.8000388805892769
4.8000385561315753
4.8000385561315753
4.8000385561315753
4.8000385561315753
4.8000385561315753
4.8000385561315753
4.8000365102910552
4.8000353670317555
4.8000353670317555
4.8000353670317555
4.8000353670317555
4.8000353670317555
4.8000345101976380
4.8000339778175594
4.8000339778175594
4.8000339778175594
4.8000328780364567
4.8000319453794713
4.8000308948871053
4.7999852091895443


4.8000544943178651
4.8000544943178651
4.8000542182390999
4.8000542182390999
4.8000542182390999
4.8000501722926092
4.8000501239125102
4.8000486391638972
4.8000483630862441
4.8000483630862441
4.8000443171444145
4.8000443171444145
4.8000394129697916
4.8000388805892769
4.8000388805892769
4.8000385561315753
4.8000385561315753
4.8000385561315753
4.8000385561315753
4.8000365102910552
4.8000353670317555
4.8000353670317555
4.8000353670317555
4.8000353670317555
4.8000353670317555
4.8000353670317555
4.8000353670317555
4.8000353670317555
4.8000348346516013
4.8000345101976380
4.8000345101976380
4.8000339778175594
4.8000339778175594
4.8000339778175594
4.8000339778175594
4.8000328780364567
4.8000328780364567
4.8000319453794713
4.8000308948871053
4.7999852091895443


4.8000498612880573
4.8000488954685956
4.8000483630862441
4.8000483630862441
4.8000483630862441
4.8000483630862441
4.8000443171444145
4.8000388805892769
4.8000388805892769
4.8000386045134906
4.8000386045134906
4.8000385561315753
4.8000385561315753
4.8000385561315753
4.8000380237513225
4.8000366528009693
4.8000365102910552
4.8000353670317555
4.8000353670317555
4.8000353670317555
4.8000353670317555
4.8000353670317555
4.8000353670317555
4.8000348346516013
4.8000348346516013
4.8000345101976380
4.8000345101976380
4.8000345101976380
4.8000339778175594
4.8000339778175594
4.8000339778175594
4.8000339778175594
4.8000339778175594
4.8000339778175594
4.8000328780364567
4.8000328780364567
4.8000328780364567
4.8000319453794713
4.8000308948871053
4.7999852091895443


4.8000408323027335
4.8000405562267270
4.8000388805892769
4.8000388805892769
4.8000386045134906
4.8000386045134906
4.8000386045134906
4.8000386045134906
4.8000380237513225
4.8000380237513225
4.8000366528009693
4.8000365102910552
4.8000353670317555
4.8000353670317555
4.8000353670317555
4.8000353670317555
4.8000353670317555
4.8000348346516013
4.8000345585793660
4.8000345101976380
4.8000345101976380
4.8000345101976380
4.8000339778175594
4.8000339778175594
4.8000339778175594
4.8000339778175594
4.8000339778175594
4.8000339778175594
4.8000339778175594
4.8000339778175594
4.8000339778175594
4.8000328780364567
4.8000328780364567
4.8000328780364567
4.8000328780364567
4.8000328780364567
4.8000327493790920
4.8000319453794713
4.8000308948871053
4.7999852091895443


4.8000386045134906
4.8000380237513225
4.8000380237513225
4.8000380237513225
4.8000380237513225
4.8000369288771436
4.8000366528009693
4.8000353670317555
4.8000353670317555
4.8000353670317555
4.8000348346516013
4.8000345585793660
4.8000345101976380
4.8000345101976380
4.8000345101976380
4.8000343022719481
4.8000339778175594
4.8000339778175594
4.8000339778175594
4.8000339778175594
4.8000339778175594
4.8000339778175594
4.8000339778175594
4.8000339778175594
4.8000339778175594
4.8000339778175594
4.8000339778175594
4.8000334153208648
4.8000328780364567
4.8000328780364567
4.8000328780364567
4.8000328780364567
4.8000328780364567
4.8000328780364567
4.8000328780364567
4.8000327493790920
4.8000327493790920
4.8000319453794713
4.8000308948871053
4.7999852091895443


4.8000366528009693
4.8000359295286694
4.8000353670317555
4.8000353670317555
4.8000353670317555
4.8000353670317555
4.8000350425774716
4.8000348346516013
4.8000345101976380
4.8000345101976380
4.8000343022719481
4.8000343022719481
4.8000339778175594
4.8000339778175594
4.8000339778175594
4.8000339778175594
4.8000339778175594
4.8000339778175594
4.8000339778175594
4.8000334153208648
4.8000334153208648
4.8000334153208648
4.8000334153208648
4.8000328780364567
4.8000328780364567
4.8000328780364567
4.8000328780364567
4.8000328780364567
4.8000328780364567
4.8000328780364567
4.8000328780364567
4.8000328780364567
4.8000328780364567
4.8000327493790920
4.8000327493790920
4.8000327493790920
4.8000319453794713
4.8000308948871053
4.8000158751899971
4.7999852091895443


4.8000350425774716
4.8000345101976380
4.8000345101976380
4.8000345101976380
4.8000345101976380
4.8000345101976380
4.8000345101976380
4.8000343022719481
4.8000339778175594
4.8000339778175594
4.8000339778175594
4.8000339778175594
4.8000339778175594
4.8000339778175594
4.8000339778175594
4.8000334153208648
4.8000334153208648
4.8000328780364567
4.8000328780364567
4.8000328780364567
4.8000328780364567
4.8000328780364567
4.8000328780364567
4.8000328780364567
4.8000328780364567
4.8000328780364567
4.8000328780364567
4.8000328780364567
4.8000327493790920
4.8000327493790920
4.8000327493790920
4.8000327493790920
4.8000319453794713
4.8000319453794713
4.8000308948871053
4.8000288321032514
4.8000172643982477
4.8000158751899971
4.8000153126973775
4.7999852091895443


4.8000345101976380
4.8000345101976380
4.8000339778175594
4.8000339778175594
4.8000339778175594
4.8000339778175594
4.8000339778175594
4.8000339778175594
4.8000339778175594
4.8000339778175594
4.8000339285284319
4.8000334153208648
4.8000334153208648
4.8000328780364567
4.8000328780364567
4.8000328780364567
4.8000328780364567
4.8000328780364567
4.8000328780364567
4.8000328780364567
4.8000327493790920
4.8000327493790920
4.8000327493790920
4.8000327493790920
4.8000327493790920
4.8000323505616276
4.8000319453794713
4.8000319453794713
4.8000308948871053
4.8000308948871053
4.8000308948871053
4.8000288321032514
4.8000279752728625
4.8000172643982477
4.8000172643982477
4.8000172643982477
4.8000158751899971
4.8000153126973775
4.7999852091895443
4.8000106008497125


4.8000339778175594
4.8000339778175594
4.8000339778175594
4.8000339778175594
4.8000339778175594
4.8000339778175594
4.8000339778175594
4.8000339285284319
4.8000328780364567
4.8000328780364567
4.8000328780364567
4.8000328780364567
4.8000328780364567
4.8000327493790920
4.8000327493790920
4.8000327493790920
4.8000327493790920
4.8000319453794713
4.8000319453794713
4.8000318132769264
4.8000308948871053
4.8000308948871053
4.8000308948871053
4.8000308948871053
4.8000308948871053
4.8000290257632550
4.8000288321032514
4.8000279752728625
4.8000254597481602
4.8000172643982477
4.8000172643982477
4.8000172643982477
4.8000172643982477
4.8000158751899971
4.8000158751899971
4.8000153126973775
4.8000153126973775
4.7999852091895443
4.8000106008497125
4.8000087463668120


4.8000339778175594
4.8000339778175594
4.8000338141387715
4.8000328780364567
4.8000328780364567
4.8000328780364567
4.8000328780364567
4.8000328780364567
4.8000327493790920
4.8000327493790920
4.8000327493790920
4.8000319453794713
4.8000319453794713
4.8000318132769264
4.8000308948871053
4.8000308948871053
4.8000308948871053
4.8000308948871053
4.8000288321032514
4.8000279752728625
4.8000279752728625
4.8000254597481602
4.8000172643982477
4.8000172643982477
4.8000172643982477
4.8000172643982477
4.8000172643982477
4.8000172643982477
4.8000158751899971
4.8000158751899971
4.8000158751899971
4.8000153126973775
4.8000153126973775
4.8000153126973775
4.7999852091895443
4.8000123616506212
4.8000114092968005
4.8000106008497125
4.8000087463668120
4.8000073571608706


4.8000328780364567
4.8000327493790920
4.8000327493790920
4.8000327493790920
4.8000327493790920
4.8000327493790920
4.8000320212018508
4.8000308948871053
4.8000308948871053
4.8000308948871053
4.8000308948871053
4.8000288321032514
4.8000279752728625
4.8000254597481602
4.8000252960687888
4.8000250397648498
4.8000172643982477
4.8000172643982477
4.8000172643982477
4.8000172643982477
4.8000172643982477
4.8000172643982477
4.8000172643982477
4.8000158751899971
4.8000158751899971
4.8000158751899971
4.8000158751899971
4.8000153126973775
4.8000153126973775
4.8000153126973775
4.8000153126973775
4.7999852091895443
4.7999852091895443
4.8000123616506212
4.8000118292736760
4.8000114092968005
4.8000114092968005
4.8000106008497125
4.8000087463668120
4.8000073571608706


4.8000308948871053
4.8000308948871053
4.8000308948871053
4.8000308948871053
4.8000308948871053
4.8000308948871053
4.8000252960687888
4.8000252960687888
4.8000250397648498
4.8000172643982477
4.8000172643982477
4.8000172643982477
4.8000172643982477
4.8000172643982477
4.8000172643982477
4.8000158751899971
4.8000158751899971
4.8000153126973775
4.8000153126973775
4.8000153126973775
4.8000153126973775
4.8000153126973775
4.8000153126973775
4.8000153126973775
4.7999852091895443
4.7999852091895443
4.7999852091895443
4.8000133609967808
4.8000123616506212
4.8000118292736760
4.8000118292736760
4.8000114092968005
4.8000114092968005
4.8000114092968005
4.8000106008497125
4.8000106008497125
4.8000087463668120
4.8000087463668120
4.8000075059000160
4.8000073571608706


4.8000255586914173
4.8000252960687888
4.8000250397648498
4.8000250397648498
4.8000172643982477
4.8000172643982477
4.8000172643982477
4.8000172643982477
4.8000172643982477
4.8000169399445980
4.8000164075672833
4.8000161996433297
4.8000158751899971
4.8000153126973775
4.8000153126973775
4.8000153126973775
4.8000153126973775
4.7999852091895443
4.7999852091895443
4.8000133609967808
4.8000133609967808
4.8000126497627296
4.8000123616506212
4.8000119717896697
4.8000118292736760
4.8000118292736760
4.8000118292736760
4.8000114092968005
4.8000114092968005
4.8000114092968005
4.8000114092968005
4.8000112667780845
4.8000106008497125
4.8000106008497125
4.8000106008497125
4.8000087463668120
4.8000087463668120
4.8000087463668120
4.8000075059000160
4.8000073571608706


4.8000172643982477
4.8000172643982477
4.8000169399445980
4.8000169399445980
4.8000169399445980
4.8000164075672833
4.8000153126973775
4.8000153126973775
4.8000153126973775
4.8000153126973775
4.8000153126973775
4.7999852091895443
4.7999852091895443
4.8000133609967808
4.8000133609967808
4.8000133609967808
4.8000126497627296
4.8000118292736760
4.8000118292736760
4.8000114092968005
4.8000114092968005
4.8000114092968005
4.8000114092968005
4.8000114092968005
4.8000114092968005
4.8000114092968005
4.8000112667780845
4.8000106008497125
4.8000106008497125
4.8000106008497125
4.8000106008497125
4.8000106008497125
4.8000087463668120
4.8000087463668120
4.8000087463668120
4.8000087463668120
4.8000075059000160
4.8000073571608706
4.8000028912793091
4.8000028912793091


4.8000153126973775
4.8000153126973775
4.8000153126973775
4.8000153126973775
4.8000153126973775
4.8000153126973775
4.8000153126973775
4.8000133609967808
4.8000133609967808
4.8000133609967808
4.8000118292736760
4.8000118292736760
4.8000114092968005
4.8000114092968005
4.8000114092968005
4.8000114092968005
4.8000114092968005
4.8000112667780845
4.8000106008497125
4.8000106008497125
4.8000106008497125
4.8000106008497125
4.8000106008497125
4.8000106008497125
4.8000106008497125
4.8000106008497125
4.8000091331450232
4.8000087463668120
4.8000087463668120
4.8000087463668120
4.8000087463668120
4.8000087463668120
4.8000087463668120
4.8000075059000160
4.8000075059000160
4.8000073571608706
4.8000067946706224
4.8000067946706224
4.8000028912793091
4.8000028912793091


4.8000153126973775
4.8000133609967808
4.8000133609967808
4.8000133609967808
4.8000133609967808
4.8000133609967808
4.8000133609967808
4.8000118292736760
4.8000114092968005
4.8000114092968005
4.8000114092968005
4.8000114092968005
4.8000114092968005
4.8000112667780845
4.8000106008497125
4.8000106008497125
4.8000106008497125
4.8000106008497125
4.8000106008497125
4.8000106008497125
4.8000087463668120
4.8000087463668120
4.8000087463668120
4.8000087463668120
4.8000087463668120
4.8000087463668120
4.8000087463668120
4.8000087463668120
4.8000087463668120
4.8000075059000160
4.8000075059000160
4.8000075059000160
4.8000073571608706
4.8000067946706224
4.8000067946706224
4.8000067946706224
4.8000067946706224
4.8000028912793091
4.8000028912793091
4.8000006151325127


4.8000114092968005
4.8000114092968005
4.8000114092968005
4.8000114092968005
4.8000114092968005
4.8000114092968005
4.8000114092968005
4.8000106008497125
4.8000106008497125
4.8000106008497125
4.8000106008497125
4.8000106008497125
4.8000106008497125
4.8000106008497125
4.8000103445436624
4.8000094575982031
4.8000087463668120
4.8000087463668120
4.8000087463668120
4.8000087463668120
4.8000087463668120
4.8000087463668120
4.8000087463668120
4.8000087463668120
4.8000087463668120
4.8000075059000160
4.8000075059000160
4.8000075059000160
4.8000075059000160
4.8000073571608706
4.8000073571608706
4.8000067946706224
4.8000067946706224
4.8000067946706224
4.8000067946706224
4.8000067946706224
4.8000067946706224
4.8000028912793091
4.8000028912793091
4.8000006151325127


4.8000114092968005
4.8000114092968005
4.8000106008497125
4.8000106008497125
4.8000106008497125
4.8000106008497125
4.8000106008497125
4.8000103445436624
4.8000103445436624
4.8000094575982031
4.8000087463668120
4.8000087463668120
4.8000087463668120
4.8000087463668120
4.8000087463668120
4.8000087463668120
4.8000087463668120
4.8000075059000160
4.8000075059000160
4.8000075059000160
4.8000075059000160
4.8000075059000160
4.8000075059000160
4.8000073571608706
4.8000073571608706
4.8000073571608706
4.8000067946706224
4.8000067946706224
4.8000067946706224
4.8000067946706224
4.8000067946706224
4.8000067946706224
4.8000067946706224
4.8000067946706224
4.8000067946706224
4.8000031475842846
4.8000028912793091
4.8000028912793091
4.8000028912793091
4.8000006151325127


4.8000106008497125
4.8000103445436624
4.8000103445436624
4.8000098896157963
4.8000094575982031
4.8000094575982031
4.8000087463668120
4.8000087463668120
4.8000087463668120
4.8000087463668120
4.8000075059000160
4.8000075059000160
4.8000075059000160
4.8000075059000160
4.8000075059000160
4.8000075059000160
4.8000073571608706
4.8000073571608706
4.8000067946706224
4.8000067946706224
4.8000067946706224
4.8000067946706224
4.8000067946706224
4.8000067946706224
4.8000067946706224
4.8000067946706224
4.8000067946706224
4.8000067946706224
4.8000067946706224
4.8000067946706224
4.8000067946706224
4.8000067946706224
4.8000031475842846
4.8000028912793091
4.8000028912793091
4.8000028912793091
4.8000028912793091
4.8000028912793091
4.8000009395853631
4.8000006151325127


4.8000087463668120
4.8000087463668120
4.8000087463668120
4.8000087463668120
4.8000084219134740
4.8000076816139110
4.8000075059000160
4.8000075059000160
4.8000075059000160
4.8000075059000160
4.8000073571608706
4.8000067946706224
4.8000067946706224
4.8000067946706224
4.8000067946706224
4.8000067946706224
4.8000067946706224
4.8000067946706224
4.8000067946706224
4.8000067946706224
4.8000067946706224
4.8000067946706224
4.8000067946706224
4.8000067946706224
4.8000067946706224
4.8000067946706224
4.8000067946706224
4.8000067946706224
4.8000066974538900
4.8000031475842846
4.8000031475842846
4.8000028912793091
4.8000028912793091
4.8000028912793091
4.8000028912793091
4.8000028912793091
4.8000028912793091
4.8000028912793091
4.8000009395853631
4.8000006151325127


4.8000075059000160
4.8000075059000160
4.8000075059000160
4.8000075059000160
4.8000075059000160
4.8000075059000160
4.8000073571608706
4.8000067946706224
4.8000067946706224
4.8000067946706224
4.8000067946706224
4.8000067946706224
4.8000067946706224
4.8000067946706224
4.8000067946706224
4.8000067946706224
4.8000067946706224
4.8000067946706224
4.8000067946706224
4.8000067946706224
4.8000067946706224
4.8000066974538900
4.8000066974538900
4.8000031475842846
4.8000031475842846
4.8000031475842846
4.8000028912793091
4.8000028912793091
4.8000028912793091
4.8000028912793091
4.8000028912793091
4.8000028912793091
4.8000028912793091
4.8000028912793091
4.8000028912793091
4.8000028912793091
4.7999989878917786
4.7999989878917786
4.8000009395853631
4.8000006151325127


4.8000067946706224
4.8000067946706224
4.8000067946706224
4.8000067946706224
4.8000067946706224
4.8000067946706224
4.8000067946706224
4.8000067946706224
4.8000067946706224
4.8000067946706224
4.8000067946706224
4.8000067946706224
4.8000067946706224
4.8000067946706224
4.8000067946706224
4.8000067946706224
4.8000066974538900
4.8000031475842846
4.8000031475842846
4.8000028912793091
4.8000028912793091
4.8000028912793091
4.8000028912793091
4.8000028912793091
4.8000028912793091
4.8000028912793091
4.8000028912793091
4.8000028912793091
4.8000028912793091
4.8000028912793091
4.8000028912793091
4.8000028912793091
4.8000028912793091
4.8000028912793091
4.7999989878917786
4.7999989878917786
4.7999989878917786
4.7999989878917786
4.8000009395853631
4.8000006151325127


4.8000067946706224
4.8000067946706224
4.8000067946706224
4.8000067946706224
4.8000067946706224
4.8000067946706224
4.8000067946706224
4.8000067946706224
4.8000067946706224
4.8000067946706224
4.8000031475842846
4.8000031475842846
4.8000028912793091
4.8000028912793091
4.8000028912793091
4.8000028912793091
4.8000028912793091
4.8000028912793091
4.8000028912793091
4.8000028912793091
4.8000028912793091
4.8000028912793091
4.8000028912793091
4.8000028912793091
4.8000028912793091
4.8000028912793091
4.8000028912793091
4.8000028912793091
4.8000028912793091
4.7999989878917786
4.7999989878917786
4.7999989878917786
4.7999989878917786
4.7999989878917786
4.7999989878917786
4.7999989878917786
4.7999989878917786
4.7999992441965942
4.8000009395853631
4.8000006151325127


