6.4548470877147484
4.0630251188453093
4.0632071149722426
4.1600096294687221
4.2285358314495234
4.2551934849988555
4.2551934849988555
4.3016080424273060
4.3017984273852878
4.3017984273852878
4.3156231378184282
4.5044818971749816
4.5044818971749816
4.5044818971749816
4.5044818971749816
4.5102797160128869
4.5102797160128869
4.5102797160128869
4.5102797160128869
4.5283619778985384


5.3501140949481911
4.2551934849988555
4.2551934849988555
4.3017984273852878
4.3052059254670336
4.3564791695675851
5.1714210975742354
4.5014256545223024
4.5044818971749816
4.5044818971749816
4.5044818971749816
4.5102797160128869
4.5102797160128869
4.5102797160128869
4.5102797160128869
4.5102797160128869
4.5102797160128869
4.5102797160128869
4.5283619778985384
4.5707153103170226


5.2586600043102480
4.3564791695675851
4.4890983472579435
4.5004885267077306
4.5044818971749816
4.5102797160128869
4.5102797160128869
4.5102797160128869
4.5102797160128869
4.5102797160128869
4.5102797160128869
4.5102797160128869
4.5102797160128869
4.5102797160128869
4.5114782019431949
4.5283619778985384
4.5283619778985384
4.5283619778985384
4.5707153103170226
4.8380802052792706


4.5102797160128869
4.5102797160128869
4.5102797160128869
4.5102797160128869
4.5102797160128869
4.5102797160128869
4.5102797160128869
4.5114782019431949
4.5114782019431949
4.5130049465997555
4.5283619778985384
4.5283619778985384
4.5283619778985384
4.5283619778985384
4.5707153103170226
4.5707153103170226
4.5707153103170226
4.6363151198805985
4.8380802052792706
4.8380802052792706


4.5114480489552102
4.5114779813767427
4.5114782019431949
4.5115235222893535
4.5129794932342495
4.5273742695071908
4.5283619778985384
4.5707153103170226
4.5707153103170226
4.5707153103170226
4.5707153103170226
4.5707153103170226
4.5707153103170226
4.5707458052469363
4.6363151198805985
4.6363151198805985
4.8380802052792706
4.8380802052792706
4.8380802052792706
4.8380802052792706


4.5273742695071908
4.5284833070894912
4.5705873758091915
4.5707153103170226
4.5707153103170226
4.5739415996633070
4.6228799577215600
4.6363151198805985
4.6363151198805985
4.6363151198805985
4.6363151198805985
4.6363151198805985
4.8884260246582025
4.8380802052792706
4.8380802052792706
4.8380802052792706
4.8380802052792706
4.8380802052792706
4.8380802052792706
4.8380802052792706


4.5739415996633070
4.9799255176475725
4.6214416199517361
4.6332487045663004
4.6363151198805985
4.6363151198805985
4.6374926255122979
4.6586407383492254
4.8380802052792706
4.8380802052792706
4.8380802052792706
4.8380802052792706
4.8380802052792706
4.8380802052792706
4.8380802052792706
4.8380802052792706
4.8380802052792706
4.8380802052792706
4.8380802052792706
4.8380802052792706


4.6363151198805985
4.6363151198805985
4.6363162928485080
4.6586329533025950
4.8392593957274341
4.8380802052792706
4.8380802052792706
4.8380802052792706
4.8380802052792706
4.8380802052792706
4.8380802052792706
4.8380802052792706
4.8380802052792706
4.8380802052792706
4.8380802052792706
4.8380802052792706
4.8380802052792706
4.8380802052792706
4.8380802052792706
4.8243750518445081


4.8380802052792706
4.8380802052792706
4.8380802052792706
4.8380802052792706
4.8380802052792706
4.8380802052792706
4.8380802052792706
4.8380802052792706
4.8380802052792706
4.8380802052792706
4.8380802052792706
4.8380802052792706
4.8380802052792706
4.8380802052792706
4.8380802052792706
4.8380802052792706
4.8380802052792706
4.8380802052792706
4.8380802052792706
4.8243750518445081


4.8380802052792706
4.8380802052792706
4.8380802052792706
4.8380802052792706
4.8380802052792706
4.8380802052792706
4.8380802052792706
4.8380802052792706
4.8380802052792706
4.8380802052792706
4.8380802052792706
4.8380802052792706
4.8380802052792706
4.8380802052792706
4.8380802052792706
4.8380802052792706
4.8380802052792706
4.8380802052792706
4.8380802052792706
4.8243750518445081


4.8380802052792706
4.8380802052792706
4.8380802052792706
4.8380802052792706
4.8380802052792706
4.8380802052792706
4.8380802052792706
4.8380802052792706
4.8380802052792706
4.8380802052792706
4.8380802052792706
4.8380802052792706
4.8380802052792706
4.8380802052792706
4.8380802052792706
4.8380802052792706
4.8380802052792706
4.8380802052792706
4.8380802052792706
4.8243750518445081


4.8380802052792706
4.8380802052792706
4.8380802052792706
4.8380802052792706
4.8380802052792706
4.8380802052792706
4.8380802052792706
4.8380802052792706
4.8380802052792706
4.8380802052792706
4.8380802052792706
4.8380802052792706
4.8380802052792706
4.8380802052792706
4.8380802052792706
4.8380802052792706
4.8380802052792706
4.8380802052792706
4.8380802052792706
4.8243750518445081


4.8380802052792706
4.8380802052792706
4.8380802052792706
4.8380802052792706
4.8380802052792706
4.8380802052792706
4.8380802052792706
4.8380802052792706
4.8380802052792706
4.8380802052792706
4.8380802052792706
4.8380802052792706
4.8380802052792706
4.8380802052792706
4.8380802052792706
4.8380802052792706
4.8380802052792706
4.8380802052792706
4.8380802052792706
4.8243750518445081


4.8380802052792706
4.8380802052792706
4.8380802052792706
4.8380802052792706
4.8380802052792706
4.8380802052792706
4.8380802052792706
4.8380802052792706
4.8380802052792706
4.8380802052792706
4.8380802052792706
4.8380802052792706
4.8380802052792706
4.8380802052792706
4.8380802052792706
4.8380802052792706
4.8380802052792706
4.8380802052792706
4.8380802052792706
4.8243750518445081


4.8380802052792706
4.8380802052792706
4.8380802052792706
4.8380802052792706
4.8380802052792706
4.8380802052792706
4.8380802052792706
4.8380802052792706
4.8380802052792706
4.8380802052792706
4.8380802052792706
4.8380802052792706
4.8380802052792706
4.8380802052792706
4.8380802052792706
4.8380802052792706
4.8380802052792706
4.8380802052792706
4.8380802052792706
4.8243750518445081


4.8380802052792706
4.8380802052792706
4.8380802052792706
4.8380802052792706
4.8380802052792706
4.8380802052792706
4.8380802052792706
4.8380802052792706
4.8380802052792706
4.8380802052792706
4.8380802052792706
4.8380802052792706
4.8380802052792706
4.8380802052792706
4.8380802052792706
4.8380802052792706
4.8380802052792706
4.8380802052792706
4.8380802052792706
4.8243750518445081


4.8380802052792706
4.8380802052792706
4.8380802052792706
4.8380802052792706
4.8380802052792706
4.8380802052792706
4.8380802052792706
4.8380802052792706
4.8380802052792706
4.8380802052792706
4.8380802052792706
4.8380802052792706
4.8380802052792706
4.8380802052792706
4.8380802052792706
4.8380802052792706
4.8380802052792706
4.8380802052792706
4.8380802052792706
4.8243750518445081


4.8380802052792706
4.8380802052792706
4.8380802052792706
4.8380802052792706
4.8380802052792706
4.8380802052792706
4.8380802052792706
4.8380802052792706
4.8380802052792706
4.8380802052792706
4.8380802052792706
4.8380802052792706
4.8380802052792706
4.8380802052792706
4.8380802052792706
4.8380802052792706
4.8380802052792706
4.8380802052792706
4.8380802052792706
4.8243750518445081


4.8380802052792706
4.8380802052792706
4.8380802052792706
4.8380802052792706
4.8380802052792706
4.8380802052792706
4.8380802052792706
4.8380802052792706
4.8380802052792706
4.8380802052792706
4.8380802052792706
4.8380802052792706
4.8380802052792706
4.8380802052792706
4.8380802052792706
4.8380802052792706
4.8380802052792706
4.8380802052792706
4.8380802052792706
4.8243750518445081


4.8380802052792706
4.8380802052792706
4.8380802052792706
4.8380802052792706
4.8380802052792706
4.8380802052792706
4.8380802052792706
4.8380802052792706
4.8380802052792706
4.8380802052792706
4.8380802052792706
4.8380802052792706
4.8380802052792706
4.8380802052792706
4.8380802052792706
4.8380802052792706
4.8380802052792706
4.8380802052792706
4.8380802052792706
4.8243750518445081


4.8380802052792706
4.8380802052792706
4.8380802052792706
4.8380802052792706
4.8380802052792706
4.8380802052792706
4.8380802052792706
4.8380802052792706
4.8380802052792706
4.8380802052792706
4.8380802052792706
4.8380802052792706
4.8380802052792706
4.8380802052792706
4.8380802052792706
4.8380802052792706
4.8380802052792706
4.8380802052792706
4.8380802052792706
4.8243750518445081


4.8380802052792706
4.8380802052792706
4.8380802052792706
4.8380802052792706
4.8380802052792706
4.8380802052792706
4.8380802052792706
4.8380802052792706
4.8380802052792706
4.8380802052792706
4.8380802052792706
4.8380802052792706
4.8380802052792706
4.8380802052792706
4.8380802052792706
4.8380802052792706
4.8380802052792706
4.8380802052792706
4.8380802052792706
4.8243750518445081


4.8380802052792706
4.8380802052792706
4.8380802052792706
4.8380802052792706
4.8380802052792706
4.8380802052792706
4.8380802052792706
4.8380802052792706
4.8380802052792706
4.8380802052792706
4.8380802052792706
4.8380802052792706
4.8380802052792706
4.8380802052792706
4.8380802052792706
4.8380802052792706
4.8380802052792706
4.8380802052792706
4.8380802052792706
4.8243750518445081


4.8380802052792706
4.8380802052792706
4.8380802052792706
4.8380802052792706
4.8380802052792706
4.8380802052792706
4.8380802052792706
4.8380802052792706
4.8380802052792706
4.8380802052792706
4.8380802052792706
4.8380802052792706
4.8380802052792706
4.8380802052792706
4.8380802052792706
4.8380802052792706
4.8380802052792706
4.8380802052792706
4.8380802052792706
4.8243750518445081


4.8380802052792706
4.8380802052792706
4.8380802052792706
4.8380802052792706
4.8380802052792706
4.8380802052792706
4.8380802052792706
4.8380802052792706
4.8380802052792706
4.8380802052792706
4.8380802052792706
4.8380802052792706
4.8380802052792706
4.8380802052792706
4.8380802052792706
4.8380802052792706
4.8380802052792706
4.8380802052792706
4.8380802052792706
4.8243750518445081


4.8380802052792706
4.8380802052792706
4.8380802052792706
4.8380802052792706
4.8380802052792706
4.8380802052792706
4.8380802052792706
4.8380802052792706
4.8380802052792706
4.8380802052792706
4.8380802052792706
4.8380802052792706
4.8380802052792706
4.8380802052792706
4.8380802052792706
4.8380802052792706
4.8380802052792706
4.8380802052792706
4.8380802052792706
4.8243750518445081


4.8380802052792706
4.8380802052792706
4.8380802052792706
4.8380802052792706
4.8380802052792706
4.8380802052792706
4.8380802052792706
4.8380802052792706
4.8380802052792706
4.8380802052792706
4.8380802052792706
4.8380802052792706
4.8380802052792706
4.8380802052792706
4.8380802052792706
4.8380802052792706
4.8380802052792706
4.8380802052792706
4.8380802052792706
4.8243750518445081


4.8380802052792706
4.8380802052792706
4.8380802052792706
4.8380802052792706
4.8380802052792706
4.8380802052792706
4.8380802052792706
4.8380802052792706
4.8380802052792706
4.8380802052792706
4.8380802052792706
4.8380802052792706
4.8380802052792706
4.8380802052792706
4.8380802052792706
4.8380802052792706
4.8380802052792706
4.8380802052792706
4.8380802052792706
4.8243750518445081


4.8380802052792706
4.8380802052792706
4.8380802052792706
4.8380802052792706
4.8380802052792706
4.8380802052792706
4.8380802052792706
4.8380802052792706
4.8380802052792706
4.8380802052792706
4.8380802052792706
4.8380802052792706
4.8380802052792706
4.8380802052792706
4.8380802052792706
4.8380802052792706
4.8380802052792706
4.8380802052792706
4.8380802052792706
4.8243750518445081


4.8380802052792706
4.8380802052792706
4.8380802052792706
4.8380802052792706
4.8380802052792706
4.8380802052792706
4.8380802052792706
4.8380802052792706
4.8380802052792706
4.8380802052792706
4.8380802052792706
4.8380802052792706
4.8380802052792706
4.8380802052792706
4.8380802052792706
4.8380802052792706
4.8380802052792706
4.8380802052792706
4.8380802052792706
4.8243750518445081


4.8380802052792706
4.8380802052792706
4.8380802052792706
4.8380802052792706
4.8380802052792706
4.8380802052792706
4.8380802052792706
4.8380802052792706
4.8380802052792706
4.8380802052792706
4.8380802052792706
4.8380802052792706
4.8380802052792706
4.8380802052792706
4.8380802052792706
4.8380802052792706
4.8380802052792706
4.8380802052792706
4.8380802052792706
4.8243750518445081


4.8380802052792706
4.8380802052792706
4.8380802052792706
4.8380802052792706
4.8380802052792706
4.8380802052792706
4.8380802052792706
4.8380802052792706
4.8380802052792706
4.8380802052792706
4.8380802052792706
4.8380802052792706
4.8380802052792706
4.8380802052792706
4.8380802052792706
4.8380802052792706
4.8380802052792706
4.8380802052792706
4.8380802052792706
4.8243750518445081


4.8380802052792706
4.8380802052792706
4.8380802052792706
4.8380802052792706
4.8380802052792706
4.8380802052792706
4.8380802052792706
4.8380802052792706
4.8380802052792706
4.8380802052792706
4.8380802052792706
4.8380802052792706
4.8380802052792706
4.8380802052792706
4.8380802052792706
4.8380802052792706
4.8380802052792706
4.8380802052792706
4.8380802052792706
4.8243750518445081


4.8380802052792706
4.8380802052792706
4.8380802052792706
4.8380802052792706
4.8380802052792706
4.8380802052792706
4.8380802052792706
4.8380802052792706
4.8380802052792706
4.8380802052792706
4.8380802052792706
4.8380802052792706
4.8380802052792706
4.8380802052792706
4.8380802052792706
4.8380802052792706
4.8380802052792706
4.8380802052792706
4.8380802052792706
4.8243750518445081


4.8380802052792706
4.8380802052792706
4.8380802052792706
4.8380802052792706
4.8380802052792706
4.8380802052792706
4.8380802052792706
4.8380802052792706
4.8380802052792706
4.8380802052792706
4.8380802052792706
4.8380802052792706
4.8380802052792706
4.8380802052792706
4.8380802052792706
4.8380802052792706
4.8380802052792706
4.8380802052792706
4.8380802052792706
4.8243750518445081


4.8380802052792706
4.8380802052792706
4.8380802052792706
4.8380802052792706
4.8380802052792706
4.8380802052792706
4.8380802052792706
4.8380802052792706
4.8380802052792706
4.8380802052792706
4.8380802052792706
4.8380802052792706
4.8380802052792706
4.8380802052792706
4.8380802052792706
4.8380802052792706
4.8380802052792706
4.8380802052792706
4.8380802052792706
4.8243750518445081


4.8380802052792706
4.8380802052792706
4.8380802052792706
4.8380802052792706
4.8380802052792706
4.8380802052792706
4.8380802052792706
4.8380802052792706
4.8380802052792706
4.8380802052792706
4.8380802052792706
4.8380802052792706
4.8380802052792706
4.8380802052792706
4.8380802052792706
4.8380802052792706
4.8380802052792706
4.8380802052792706
4.8380802052792706
4.8243750518445081


4.8380802052792706
4.8380802052792706
4.8380802052792706
4.8380802052792706
4.8380802052792706
4.8380802052792706
4.8380802052792706
4.8380802052792706
4.8380802052792706
4.8380802052792706
4.8380802052792706
4.8380802052792706
4.8380802052792706
4.8380802052792706
4.8380802052792706
4.8380802052792706
4.8380802052792706
4.8380802052792706
4.8380802052792706
4.8243750518445081


4.8380802052792706
4.8380802052792706
4.8380802052792706
4.8380802052792706
4.8380802052792706
4.8380802052792706
4.8380802052792706
4.8380802052792706
4.8380802052792706
4.8380802052792706
4.8380802052792706
4.8380802052792706
4.8380802052792706
4.8380802052792706
4.8380802052792706
4.8380802052792706
4.8380802052792706
4.8380802052792706
4.8380802052792706
4.8243750518445081


4.8380802052792706
4.8380802052792706
4.8380802052792706
4.8380802052792706
4.8380802052792706
4.8380802052792706
4.8380802052792706
4.8380802052792706
4.8380802052792706
4.8380802052792706
4.8380802052792706
4.8380802052792706
4.8380802052792706
4.8380802052792706
4.8380802052792706
4.8380802052792706
4.8380802052792706
4.8380802052792706
4.8380802052792706
4.8243750518445081


4.8380802052792706
4.8380802052792706
4.8380802052792706
4.8380802052792706
4.8380802052792706
4.8380802052792706
4.8380802052792706
4.8380802052792706
4.8380802052792706
4.8380802052792706
4.8380802052792706
4.8380802052792706
4.8380802052792706
4.8380802052792706
4.8380802052792706
4.8380802052792706
4.8380802052792706
4.8380802052792706
4.8380802052792706
4.8243750518445081


4.8380802052792706
4.8380802052792706
4.8380802052792706
4.8380802052792706
4.8380802052792706
4.8380802052792706
4.8380802052792706
4.8380802052792706
4.8380802052792706
4.8380802052792706
4.8380802052792706
4.8380802052792706
4.8380802052792706
4.8380802052792706
4.8380802052792706
4.8380802052792706
4.8380802052792706
4.8380802052792706
4.8380802052792706
4.8243750518445081


4.8380802052792706
4.8380802052792706
4.8380802052792706
4.8380802052792706
4.8380802052792706
4.8380802052792706
4.8380802052792706
4.8380802052792706
4.8380802052792706
4.8380802052792706
4.8380802052792706
4.8380802052792706
4.8380802052792706
4.8380802052792706
4.8380802052792706
4.8380802052792706
4.8380802052792706
4.8380802052792706
4.8380802052792706
4.8243750518445081


4.8380802052792706
4.8380802052792706
4.8380802052792706
4.8380802052792706
4.8380802052792706
4.8380802052792706
4.8380802052792706
4.8380802052792706
4.8380802052792706
4.8380802052792706
4.8380802052792706
4.8380802052792706
4.8380802052792706
4.8380802052792706
4.8380802052792706
4.8380802052792706
4.8380802052792706
4.8380802052792706
4.8380802052792706
4.8243750518445081


4.8380802052792706
4.8380802052792706
4.8380802052792706
4.8380802052792706
4.8380802052792706
4.8380802052792706
4.8380802052792706
4.8380802052792706
4.8380802052792706
4.8380802052792706
4.8380802052792706
4.8380802052792706
4.8380802052792706
4.8380802052792706
4.8380802052792706
4.8380802052792706
4.8380802052792706
4.8380802052792706
4.8380802052792706
4.8243750518445081


4.8380802052792706
4.8380802052792706
4.8380802052792706
4.8380802052792706
4.8380802052792706
4.8380802052792706
4.8380802052792706
4.8380802052792706
4.8380802052792706
4.8380802052792706
4.8380802052792706
4.8380802052792706
4.8380802052792706
4.8380802052792706
4.8380802052792706
4.8380802052792706
4.8380802052792706
4.8380802052792706
4.8380802052792706
4.8243750518445081


4.8380802052792706
4.8380802052792706
4.8380802052792706
4.8380802052792706
4.8380802052792706
4.8380802052792706
4.8380802052792706
4.8380802052792706
4.8380802052792706
4.8380802052792706
4.8380802052792706
4.8380802052792706
4.8380802052792706
4.8380802052792706
4.8380802052792706
4.8380802052792706
4.8380802052792706
4.8380802052792706
4.8380802052792706
4.8243750518445081


4.8380802052792706
4.8380802052792706
4.8380802052792706
4.8380802052792706
4.8380802052792706
4.8380802052792706
4.8380802052792706
4.8380802052792706
4.8380802052792706
4.8380802052792706
4.8380802052792706
4.8380802052792706
4.8380802052792706
4.8380802052792706
4.8380802052792706
4.8380802052792706
4.8380802052792706
4.8380802052792706
4.8380802052792706
4.8243750518445081


4.8380802052792706
4.8380802052792706
4.8380802052792706
4.8380802052792706
4.8380802052792706
4.8380802052792706
4.8380802052792706
4.8380802052792706
4.8380802052792706
4.8380802052792706
4.8380802052792706
4.8380802052792706
4.8380802052792706
4.8380802052792706
4.8380802052792706
4.8380802052792706
4.8380802052792706
4.8380802052792706
4.8380802052792706
4.8243750518445081


4.8380802052792706
4.8380802052792706
4.8380802052792706
4.8380802052792706
4.8380802052792706
4.8380802052792706
4.8380802052792706
4.8380802052792706
4.8380802052792706
4.8380802052792706
4.8380802052792706
4.8380802052792706
4.8380802052792706
4.8380802052792706
4.8380802052792706
4.8380802052792706
4.8380802052792706
4.8380802052792706
4.8380802052792706
4.8243750518445081


4.8380802052792706
4.8380802052792706
4.8380802052792706
4.8380802052792706
4.8380802052792706
4.8380802052792706
4.8380802052792706
4.8380802052792706
4.8380802052792706
4.8380802052792706
4.8380802052792706
4.8380802052792706
4.8380802052792706
4.8380802052792706
4.8380802052792706
4.8380802052792706
4.8380802052792706
4.8380802052792706
4.8380802052792706
4.8243750518445081


4.8380802052792706
4.8380802052792706
4.8380802052792706
4.8380802052792706
4.8380802052792706
4.8380802052792706
4.8380802052792706
4.8380802052792706
4.8380802052792706
4.8380802052792706
4.8380802052792706
4.8380802052792706
4.8380802052792706
4.8380802052792706
4.8380802052792706
4.8380802052792706
4.8380802052792706
4.8380802052792706
4.8380802052792706
4.8243750518445081


4.8380802052792706
4.8380802052792706
4.8380802052792706
4.8380802052792706
4.8380802052792706
4.8380802052792706
4.8380802052792706
4.8380802052792706
4.8380802052792706
4.8380802052792706
4.8380802052792706
4.8380802052792706
4.8380802052792706
4.8380802052792706
4.8380802052792706
4.8380802052792706
4.8380802052792706
4.8380802052792706
4.8380802052792706
4.8243750518445081


4.8380802052792706
4.8380802052792706
4.8380802052792706
4.8380802052792706
4.8380802052792706
4.8380802052792706
4.8380802052792706
4.8380802052792706
4.8380802052792706
4.8380802052792706
4.8380802052792706
4.8380802052792706
4.8380802052792706
4.8380802052792706
4.8380802052792706
4.8380802052792706
4.8380802052792706
4.8380802052792706
4.8380802052792706
4.8243750518445081


4.8380802052792706
4.8380802052792706
4.8380802052792706
4.8380802052792706
4.8380802052792706
4.8380802052792706
4.8380802052792706
4.8380802052792706
4.8380802052792706
4.8380802052792706
4.8380802052792706
4.8380802052792706
4.8380802052792706
4.8380802052792706
4.8380802052792706
4.8380802052792706
4.8380802052792706
4.8380802052792706
4.8380802052792706
4.8243750518445081


4.8380802052792706
4.8380802052792706
4.8380802052792706
4.8380802052792706
4.8380802052792706
4.8380802052792706
4.8380802052792706
4.8380802052792706
4.8380802052792706
4.8380802052792706
4.8380802052792706
4.8380802052792706
4.8380802052792706
4.8380802052792706
4.8380802052792706
4.8380802052792706
4.8380802052792706
4.8380802052792706
4.8380802052792706
4.8243750518445081


4.8380802052792706
4.8380802052792706
4.8380802052792706
4.8380802052792706
4.8380802052792706
4.8380802052792706
4.8380802052792706
4.8380802052792706
4.8380802052792706
4.8380802052792706
4.8380802052792706
4.8380802052792706
4.8380802052792706
4.8380802052792706
4.8380802052792706
4.8380802052792706
4.8380802052792706
4.8380802052792706
4.8380802052792706
4.8243750518445081


4.8380802052792706
4.8380802052792706
4.8380802052792706
4.8380802052792706
4.8380802052792706
4.8380802052792706
4.8380802052792706
4.8380802052792706
4.8380802052792706
4.8380802052792706
4.8380802052792706
4.8380802052792706
4.8380802052792706
4.8380802052792706
4.8380802052792706
4.8380802052792706
4.8380802052792706
4.8380802052792706
4.8380802052792706
4.8243750518445081


4.8380802052792706
4.8380802052792706
4.8380802052792706
4.8380802052792706
4.8380802052792706
4.8380802052792706
4.8380802052792706
4.8380802052792706
4.8380802052792706
4.8380802052792706
4.8380802052792706
4.8380802052792706
4.8380802052792706
4.8380802052792706
4.8380802052792706
4.8380802052792706
4.8380802052792706
4.8380802052792706
4.8380802052792706
4.8243750518445081


4.8380802052792706
4.8380802052792706
4.8380802052792706
4.8380802052792706
4.8380802052792706
4.8380802052792706
4.8380802052792706
4.8380802052792706
4.8380802052792706
4.8380802052792706
4.8380802052792706
4.8380802052792706
4.8380802052792706
4.8380802052792706
4.8380802052792706
4.8380802052792706
4.8380802052792706
4.8380802052792706
4.8380802052792706
4.8243750518445081


4.8380802052792706
4.8380802052792706
4.8380802052792706
4.8380802052792706
4.8380802052792706
4.8380802052792706
4.8380802052792706
4.8380802052792706
4.8380802052792706
4.8380802052792706
4.8380802052792706
4.8380802052792706
4.8380802052792706
4.8380802052792706
4.8380802052792706
4.8380802052792706
4.8380802052792706
4.8380802052792706
4.8380802052792706
4.8243750518445081


4.8380802052792706
4.8380802052792706
4.8380802052792706
4.8380802052792706
4.8380802052792706
4.8380802052792706
4.8380802052792706
4.8380802052792706
4.8380802052792706
4.8380802052792706
4.8380802052792706
4.8380802052792706
4.8380802052792706
4.8380802052792706
4.8380802052792706
4.8380802052792706
4.8380802052792706
4.8380802052792706
4.8380802052792706
4.8243750518445081


4.8380802052792706
4.8380802052792706
4.8380802052792706
4.8380802052792706
4.8380802052792706
4.8380802052792706
4.8380802052792706
4.8380802052792706
4.8380802052792706
4.8380802052792706
4.8380802052792706
4.8380802052792706
4.8380802052792706
4.8380802052792706
4.8380802052792706
4.8380802052792706
4.8380802052792706
4.8380802052792706
4.8380802052792706
4.8243750518445081


4.8380802052792706
4.8380802052792706
4.8380802052792706
4.8380802052792706
4.8380802052792706
4.8380802052792706
4.8380802052792706
4.8380802052792706
4.8380802052792706
4.8380802052792706
4.8380802052792706
4.8380802052792706
4.8380802052792706
4.8380802052792706
4.8380802052792706
4.8380802052792706
4.8380802052792706
4.8380802052792706
4.8380802052792706
4.8243750518445081


4.8380802052792706
4.8380802052792706
4.8380802052792706
4.8380802052792706
4.8380802052792706
4.8380802052792706
4.8380802052792706
4.8380802052792706
4.8380802052792706
4.8380802052792706
4.8380802052792706
4.8380802052792706
4.8380802052792706
4.8380802052792706
4.8380802052792706
4.8380802052792706
4.8380802052792706
4.8380802052792706
4.8380802052792706
4.8243750518445081


4.8380802052792706
4.8380802052792706
4.8380802052792706
4.8380802052792706
4.8380802052792706
4.8380802052792706
4.8380802052792706
4.8380802052792706
4.8380802052792706
4.8380802052792706
4.8380802052792706
4.8380802052792706
4.8380802052792706
4.8380802052792706
4.8380802052792706
4.8380802052792706
4.8380802052792706
4.8380802052792706
4.8380802052792706
4.8243750518445081


4.8380802052792706
4.8380802052792706
4.8380802052792706
4.8380802052792706
4.8380802052792706
4.8380802052792706
4.8380802052792706
4.8380802052792706
4.8380802052792706
4.8380802052792706
4.8380802052792706
4.8380802052792706
4.8380802052792706
4.8380802052792706
4.8380802052792706
4.8380802052792706
4.8380802052792706
4.8380802052792706
4.8380802052792706
4.8243750518445081


4.8380802052792706
4.8380802052792706
4.8380802052792706
4.8380802052792706
4.8380802052792706
4.8380802052792706
4.8380802052792706
4.8380802052792706
4.8380802052792706
4.8380802052792706
4.8380802052792706
4.8380802052792706
4.8380802052792706
4.8380802052792706
4.8380802052792706
4.8380802052792706
4.8380802052792706
4.8380802052792706
4.8380802052792706
4.8243750518445081


4.8380802052792706
4.8380802052792706
4.8380802052792706
4.8380802052792706
4.8380802052792706
4.8380802052792706
4.8380802052792706
4.8380802052792706
4.8380802052792706
4.8380802052792706
4.8380802052792706
4.8380802052792706
4.8380802052792706
4.8380802052792706
4.8380802052792706
4.8380802052792706
4.8380802052792706
4.8380802052792706
4.8380802052792706
4.8243750518445081


4.8380802052792706
4.8380802052792706
4.8380802052792706
4.8380802052792706
4.8380802052792706
4.8380802052792706
4.8380802052792706
4.8380802052792706
4.8380802052792706
4.8380802052792706
4.8380802052792706
4.8380802052792706
4.8380802052792706
4.8380802052792706
4.8380802052792706
4.8380802052792706
4.8380802052792706
4.8380802052792706
4.8380802052792706
4.8243750518445081


4.8380802052792706
4.8380802052792706
4.8380802052792706
4.8380802052792706
4.8380802052792706
4.8380802052792706
4.8380802052792706
4.8380802052792706
4.8380802052792706
4.8380802052792706
4.8380802052792706
4.8380802052792706
4.8380802052792706
4.8380802052792706
4.8380802052792706
4.8380802052792706
4.8380802052792706
4.8380802052792706
4.8380802052792706
4.8243750518445081


4.8380802052792706
4.8380802052792706
4.8380802052792706
4.8380802052792706
4.8380802052792706
4.8380802052792706
4.8380802052792706
4.8380802052792706
4.8380802052792706
4.8380802052792706
4.8380802052792706
4.8380802052792706
4.8380802052792706
4.8380802052792706
4.8380802052792706
4.8380802052792706
4.8380802052792706
4.8380802052792706
4.8380802052792706
4.8243750518445081


4.8380802052792706
4.8380802052792706
4.8380802052792706
4.8380802052792706
4.8380802052792706
4.8380802052792706
4.8380802052792706
4.8380802052792706
4.8380802052792706
4.8380802052792706
4.8380802052792706
4.8380802052792706
4.8380802052792706
4.8380802052792706
4.8380802052792706
4.8380802052792706
4.8380802052792706
4.8380802052792706
4.8380802052792706
4.8243750518445081


4.8380802052792706
4.8380802052792706
4.8380802052792706
4.8380802052792706
4.8380802052792706
4.8380802052792706
4.8380802052792706
4.8380802052792706
4.8380802052792706
4.8380802052792706
4.8380802052792706
4.8380802052792706
4.8380802052792706
4.8380802052792706
4.8380802052792706
4.8380802052792706
4.8380802052792706
4.8380802052792706
4.8380802052792706
4.8243750518445081


4.8380802052792706
4.8380802052792706
4.8380802052792706
4.8380802052792706
4.8380802052792706
4.8380802052792706
4.8380802052792706
4.8380802052792706
4.8380802052792706
4.8380802052792706
4.8380802052792706
4.8380802052792706
4.8380802052792706
4.8380802052792706
4.8380802052792706
4.8380802052792706
4.8380802052792706
4.8380802052792706
4.8380802052792706
4.8243750518445081


4.8380802052792706
4.8380802052792706
4.8380802052792706
4.8380802052792706
4.8380802052792706
4.8380802052792706
4.8380802052792706
4.8380802052792706
4.8380802052792706
4.8380802052792706
4.8380802052792706
4.8380802052792706
4.8380802052792706
4.8380802052792706
4.8380802052792706
4.8380802052792706
4.8380802052792706
4.8380802052792706
4.8380802052792706
4.8243750518445081


4.8380802052792706
4.8380802052792706
4.8380802052792706
4.8380802052792706
4.8380802052792706
4.8380802052792706
4.8380802052792706
4.8380802052792706
4.8380802052792706
4.8380802052792706
4.8380802052792706
4.8380802052792706
4.8380802052792706
4.8380802052792706
4.8380802052792706
4.8380802052792706
4.8380802052792706
4.8380802052792706
4.8380802052792706
4.8243750518445081


4.8380802052792706
4.8380802052792706
4.8380802052792706
4.8380802052792706
4.8380802052792706
4.8380802052792706
4.8380802052792706
4.8380802052792706
4.8380802052792706
4.8380802052792706
4.8380802052792706
4.8380802052792706
4.8380802052792706
4.8380802052792706
4.8380802052792706
4.8380802052792706
4.8380802052792706
4.8380802052792706
4.8380802052792706
4.8243750518445081


4.8380802052792706
4.8380802052792706
4.8380802052792706
4.8380802052792706
4.8380802052792706
4.8380802052792706
4.8380802052792706
4.8380802052792706
4.8380802052792706
4.8380802052792706
4.8380802052792706
4.8380802052792706
4.8380802052792706
4.8380802052792706
4.8380802052792706
4.8380802052792706
4.8380802052792706
4.8380802052792706
4.8380802052792706
4.8243750518445081


4.8380802052792706
4.8380802052792706
4.8380802052792706
4.8380802052792706
4.8380802052792706
4.8380802052792706
4.8380802052792706
4.8380802052792706
4.8380802052792706
4.8380802052792706
4.8380802052792706
4.8380802052792706
4.8380802052792706
4.8380802052792706
4.8380802052792706
4.8380802052792706
4.8380802052792706
4.8380802052792706
4.8380802052792706
4.8243750518445081


4.8380802052792706
4.8380802052792706
4.8380802052792706
4.8380802052792706
4.8380802052792706
4.8380802052792706
4.8380802052792706
4.8380802052792706
4.8380802052792706
4.8380802052792706
4.8380802052792706
4.8380802052792706
4.8380802052792706
4.8380802052792706
4.8380802052792706
4.8380802052792706
4.8380802052792706
4.8380802052792706
4.8380802052792706
4.8243750518445081


4.8380802052792706
4.8380802052792706
4.8380802052792706
4.8380802052792706
4.8380802052792706
4.8380802052792706
4.8380802052792706
4.8380802052792706
4.8380802052792706
4.8380802052792706
4.8380802052792706
4.8380802052792706
4.8380802052792706
4.8380802052792706
4.8380802052792706
4.8380802052792706
4.8380802052792706
4.8380802052792706
4.8380802052792706
4.8243750518445081


4.8380802052792706
4.8380802052792706
4.8380802052792706
4.8380802052792706
4.8380802052792706
4.8380802052792706
4.8380802052792706
4.8380802052792706
4.8380802052792706
4.8380802052792706
4.8380802052792706
4.8380802052792706
4.8380802052792706
4.8380802052792706
4.8380802052792706
4.8380802052792706
4.8380802052792706
4.8380802052792706
4.8380802052792706
4.8243750518445081


4.8380802052792706
4.8380802052792706
4.8380802052792706
4.8380802052792706
4.8380802052792706
4.8380802052792706
4.8380802052792706
4.8380802052792706
4.8380802052792706
4.8380802052792706
4.8380802052792706
4.8380802052792706
4.8380802052792706
4.8380802052792706
4.8380802052792706
4.8380802052792706
4.8380802052792706
4.8380802052792706
4.8380802052792706
4.8243750518445081


4.8380802052792706
4.8380802052792706
4.8380802052792706
4.8380802052792706
4.8380802052792706
4.8380802052792706
4.8380802052792706
4.8380802052792706
4.8380802052792706
4.8380802052792706
4.8380802052792706
4.8380802052792706
4.8380802052792706
4.8380802052792706
4.8380802052792706
4.8380802052792706
4.8380802052792706
4.8380802052792706
4.8380802052792706
4.8243750518445081


4.8380802052792706
4.8380802052792706
4.8380802052792706
4.8380802052792706
4.8380802052792706
4.8380802052792706
4.8380802052792706
4.8380802052792706
4.8380802052792706
4.8380802052792706
4.8380802052792706
4.8380802052792706
4.8380802052792706
4.8380802052792706
4.8380802052792706
4.8380802052792706
4.8380802052792706
4.8380802052792706
4.8380802052792706
4.8243750518445081


4.8380802052792706
4.8380802052792706
4.8380802052792706
4.8380802052792706
4.8380802052792706
4.8380802052792706
4.8380802052792706
4.8380802052792706
4.8380802052792706
4.8380802052792706
4.8380802052792706
4.8380802052792706
4.8380802052792706
4.8380802052792706
4.8380802052792706
4.8380802052792706
4.8380802052792706
4.8380802052792706
4.8380802052792706
4.8243750518445081


4.8380802052792706
4.8380802052792706
4.8380802052792706
4.8380802052792706
4.8380802052792706
4.8380802052792706
4.8380802052792706
4.8380802052792706
4.8380802052792706
4.8380802052792706
4.8380802052792706
4.8380802052792706
4.8380802052792706
4.8380802052792706
4.8380802052792706
4.8380802052792706
4.8380802052792706
4.8380802052792706
4.8380802052792706
4.8243750518445081


4.8380802052792706
4.8380802052792706
4.8380802052792706
4.8380802052792706
4.8380802052792706
4.8380802052792706
4.8380802052792706
4.8380802052792706
4.8380802052792706
4.8380802052792706
4.8380802052792706
4.8380802052792706
4.8380802052792706
4.8380802052792706
4.8380802052792706
4.8380802052792706
4.8380802052792706
4.8380802052792706
4.8380802052792706
4.8243750518445081


4.8380802052792706
4.8380802052792706
4.8380802052792706
4.8380802052792706
4.8380802052792706
4.8380802052792706
4.8380802052792706
4.8380802052792706
4.8380802052792706
4.8380802052792706
4.8380802052792706
4.8380802052792706
4.8380802052792706
4.8380802052792706
4.8380802052792706
4.8380802052792706
4.8380802052792706
4.8380802052792706
4.8380802052792706
4.8243750518445081


4.8380802052792706
4.8380802052792706
4.8380802052792706
4.8380802052792706
4.8380802052792706
4.8380802052792706
4.8380802052792706
4.8380802052792706
4.8380802052792706
4.8380802052792706
4.8380802052792706
4.8380802052792706
4.8380802052792706
4.8380802052792706
4.8380802052792706
4.8380802052792706
4.8380802052792706
4.8380802052792706
4.8380802052792706
4.8243750518445081


4.8380802052792706
4.8380802052792706
4.8380802052792706
4.8380802052792706
4.8380802052792706
4.8380802052792706
4.8380802052792706
4.8380802052792706
4.8380802052792706
4.8380802052792706
4.8380802052792706
4.8380802052792706
4.8380802052792706
4.8380802052792706
4.8380802052792706
4.8380802052792706
4.8380802052792706
4.8380802052792706
4.8380802052792706
4.8243750518445081


4.8380802052792706
4.8380802052792706
4.8380802052792706
4.8380802052792706
4.8380802052792706
4.8380802052792706
4.8380802052792706
4.8380802052792706
4.8380802052792706
4.8380802052792706
4.8380802052792706
4.8380802052792706
4.8380802052792706
4.8380802052792706
4.8380802052792706
4.8380802052792706
4.8380802052792706
4.8380802052792706
4.8380802052792706
4.8243750518445081


4.8380802052792706
4.8380802052792706
4.8380802052792706
4.8380802052792706
4.8380802052792706
4.8380802052792706
4.8380802052792706
4.8380802052792706
4.8380802052792706
4.8380802052792706
4.8380802052792706
4.8380802052792706
4.8380802052792706
4.8380802052792706
4.8380802052792706
4.8380802052792706
4.8380802052792706
4.8380802052792706
4.8380802052792706
4.8243750518445081


4.8380802052792706
4.8380802052792706
4.8380802052792706
4.8380802052792706
4.8380802052792706
4.8380802052792706
4.8380802052792706
4.8380802052792706
4.8380802052792706
4.8380802052792706
4.8380802052792706
4.8380802052792706
4.8380802052792706
4.8380802052792706
4.8380802052792706
4.8380802052792706
4.8380802052792706
4.8380802052792706
4.8380802052792706
4.8243750518445081


4.8380802052792706
4.8380802052792706
4.8380802052792706
4.8380802052792706
4.8380802052792706
4.8380802052792706
4.8380802052792706
4.8380802052792706
4.8380802052792706
4.8380802052792706
4.8380802052792706
4.8380802052792706
4.8380802052792706
4.8380802052792706
4.8380802052792706
4.8380802052792706
4.8380802052792706
4.8380802052792706
4.8380802052792706
4.8243750518445081


4.8380802052792706
4.8380802052792706
4.8380802052792706
4.8380802052792706
4.8380802052792706
4.8380802052792706
4.8380802052792706
4.8380802052792706
4.8380802052792706
4.8380802052792706
4.8380802052792706
4.8380802052792706
4.8380802052792706
4.8380802052792706
4.8380802052792706
4.8380802052792706
4.8380802052792706
4.8380802052792706
4.8380802052792706
4.8243750518445081


4.8380802052792706
4.8380802052792706
4.8380802052792706
4.8380802052792706
4.8380802052792706
4.8380802052792706
4.8380802052792706
4.8380802052792706
4.8380802052792706
4.8380802052792706
4.8380802052792706
4.8380802052792706
4.8380802052792706
4.8380802052792706
4.8380802052792706
4.8380802052792706
4.8380802052792706
4.8380802052792706
4.8380802052792706
4.8243750518445081


4.8380802052792706
4.8380802052792706
4.8380802052792706
4.8380802052792706
4.8380802052792706
4.8380802052792706
4.8380802052792706
4.8380802052792706
4.8380802052792706
4.8380802052792706
4.8380802052792706
4.8380802052792706
4.8380802052792706
4.8380802052792706
4.8380802052792706
4.8380802052792706
4.8380802052792706
4.8380802052792706
4.8380802052792706
4.8243750518445081


4.8380802052792706
4.8380802052792706
4.8380802052792706
4.8380802052792706
4.8380802052792706
4.8380802052792706
4.8380802052792706
4.8380802052792706
4.8380802052792706
4.8380802052792706
4.8380802052792706
4.8380802052792706
4.8380802052792706
4.8380802052792706
4.8380802052792706
4.8380802052792706
4.8380802052792706
4.8380802052792706
4.8380802052792706
4.8243750518445081


