1.8655132760260487
1.8655132164214021
1.8661145378981394
1.8655132909272103
1.8655132909272103
1.8655132909272103
1.8655132909272103
1.8655132909272103
1.8655132909272103
1.8655132909272103
1.8655132909272103
1.8655132909272103
1.8655132909272103
1.8655132909272103
1.8655132909272103
1.8655132909272103
1.8655132909272103
1.8655132909272103
1.8655132909272103
1.8655132909272103
1.8655132909272103
1.8655132909272103
1.8655132909272103
1.8655132909272103
1.8661365320127170
1.8661365320127170
1.8661388863962558
1.8661388863962558
1.8661365022103937
1.8661403467100963
1.8661403467100963
1.8661403467100963
1.8661403467100963
1.8661388863962558
1.8661388863962558
1.8661388863962558
1.8661403169077730
1.8661403467100963
1.8661403467100963
1.8661403467100963
1.8661403169077730
1.8661403467100963
1.8661403467100963
1.8661403467100963
1.8661403467100963
1.8661403467100963
1.8661403467100963
1.8661403467100963
1.8661403467100963
1.8661403467100963
1.8661403467100963
1.8661403467100963
1.8661403467100963
1.8661403467100963
1.8661403467100963
1.8661403467100963
1.8661403467100963
1.8661403467100963
1.8661403467100963
1.8661403467100963
1.8661403467100963
1.8661403467100963
1.8661403467100963
1.8661403467100963
1.8661403467100963
1.8661403467100963
1.8661403467100963
1.8661403467100963
1.8661403467100963
1.8661403467100963
1.8661403467100963
1.8661403467100963
1.8661403467100963
1.8661403467100963
1.8661403467100963
1.8661403467100963
1.8661403467100963
1.8661403467100963
1.8661403467100963
1.8661403467100963
1.8661403467100963
1.8661403467100963
1.8661403467100963
1.8661403467100963
1.8661403467100963
1.8661403467100963
1.8661403467100963
1.8661403467100963
1.8661403467100963
1.8661403467100963
1.8661403467100963
1.8661403467100963
1.8661403467100963
1.8661403467100963
1.8661403467100963
1.8661403467100963
1.8661403467100963
1.8661403467100963
1.8661403467100963
1.8661403467100963
