1.9870590712743721
1.6666167428081258
1.9870590116697255
1.9870590116697255
1.9870590116697255
1.9870590116697255
1.9870590116697255
1.9693510672256669
1.9693510672256669
1.9693510672256669
1.9693510672256669
1.9693510672256669
1.9693510672256669
1.9693510672256669
1.9693510672256669
1.9693510672256669
1.9693510672256669
1.9693510672256669
1.9693510672256669
1.9693510672256669
1.9693510672256669
1.9693510672256669
1.9693510672256669
1.9693510672256669
1.9693510672256669
1.9693510672256669
1.9693510672256669
1.9693510672256669
1.9693510672256669
1.9693510672256669
1.9693510672256669
1.9693510672256669
1.9693510672256669
1.9693510672256669
1.9693510672256669
1.9693510672256669
1.9693510672256669
1.9693510672256669
1.9693510672256669
1.9693510672256669
1.9693510672256669
1.9693510672256669
1.9693510672256669
1.9693510672256669
1.9693510672256669
1.9693510672256669
1.9693510672256669
1.9693510672256669
1.9693510672256669
1.9693510672256669
1.9693510672256669
1.9693510672256669
1.9693510672256669
1.9693510672256669
1.9693510672256669
1.9693510672256669
1.9693510672256669
1.9693510672256669
1.9693510672256669
1.9693510672256669
1.9693510672256669
1.9693510672256669
1.9693510672256669
1.9693510672256669
1.9693510672256669
1.9693510672256669
1.9693510672256669
1.9693510672256669
1.9693510672256669
1.9693510672256669
1.9693510672256669
1.9693510672256669
1.9693510672256669
1.9693510672256669
1.9693510672256669
1.9693510672256669
1.9693510672256669
1.9693510672256669
1.9693510672256669
1.9693510672256669
1.9693510672256669
1.9693510672256669
1.9693510672256669
1.9693510672256669
1.9693510672256669
1.9693510672256669
1.9693510672256669
1.9693510672256669
1.9693510672256669
1.9693510672256669
1.9693510672256669
1.9693510672256669
1.9693510672256669
1.9693510672256669
1.9693510672256669
1.9693510672256669
1.9693510672256669
1.9693510672256669
1.9693510672256669
1.9693510672256669
