1.9911615696895590
1.9911615696895590
1.9911615696895590
1.9911615696895590
1.9911615696895590
1.9911615696895590
1.9911615696895590
1.9911615696895590
1.9911615696895590
1.9911615696895590
1.9911615696895590
1.9911615696895590
1.9911615696895590
1.9911615696895590
1.9911615696895590
1.9911615696895590
1.9911615696895590
1.9911615696895590
1.9911615696895590
1.9911615696895590
1.9911615696895590
1.9911615696895590
1.9911615696895590
1.9911615696895590
1.9909174141561214
1.9909174141561214
1.9911615547883974
1.9911615547883974
1.9911615547883974
1.9908563789980525
1.9911615696895590
1.9908563789980525
1.9911008772582077
1.9911615547883974
1.9911615696895590
1.9911615696895590
1.9911615696895590
1.9911615696895590
1.9911005196303284
1.9911005196303284
1.9911005196303284
1.9911005196303284
1.9911005196303284
1.9911005196303284
1.9911005196303284
1.9911005196303284
1.9911005196303284
1.9911005196303284
1.9911005196303284
1.9911004004210353
1.9911004004210353
1.9911004004210353
1.9911004004210353
1.9911004004210353
1.9911004004210353
1.9911004004210353
1.9911004004210353
1.9911004004210353
1.9911004004210353
1.9911004004210353
1.9911004004210353
1.9911004004210353
1.9911004004210353
1.9911004004210353
1.9911004004210353
1.9911004004210353
1.9911004004210353
1.9911004004210353
1.9911004004210353
1.9911004004210353
1.9911004004210353
1.9911004004210353
1.9911004004210353
1.9911004004210353
1.9911004004210353
1.9911004004210353
1.9911004004210353
1.9911004004210353
1.9911004004210353
1.9911004004210353
1.9911004004210353
1.9911004004210353
1.9911004004210353
1.9911004004210353
1.9911004004210353
1.9911004004210353
1.9911004004210353
1.9911004004210353
1.9911004004210353
1.9911004004210353
1.9911004004210353
1.9911004004210353
1.9911004004210353
1.9911004004210353
1.9911004004210353
1.9911004004210353
1.9911004004210353
1.9911004004210353
1.9911004004210353
1.9911004004210353
