1.5916442153347794
1.5916442153347794
1.5916442153347794
1.5916442153347794
1.5916442153347794
1.5916442153347794
1.5916442153347794
1.5916442153347794
1.5916442153347794
1.5916442153347794
1.5916442153347794
1.5916442153347794
1.5916442153347794
1.5916442153347794
1.5916442153347794
1.5916442153347794
1.5916442153347794
1.5916442153347794
1.5916442153347794
1.5916442153347794
1.5916442153347794
1.7052069963576495
1.7052069963576495
1.7052069963576495
1.7052069963576495
1.7052069963576495
1.7052069963576495
1.7052069963576495
1.7052069963576495
1.7052069963576495
1.7052069963576495
1.7052069963576495
1.7052069963576495
1.7052069963576495
1.7052069963576495
1.7052069963576495
1.8545705185702599
1.8545705185702599
1.8545705185702599
1.8545705185702599
1.8545705185702599
1.8545705185702599
1.8545705185702599
1.8545705185702599
1.8545705185702599
1.8545705185702599
1.7296294489392474
1.7296294489392474
1.7296294489392474
1.7296294489392474
1.8545833931739151
1.8545833931739151
1.8545833931739151
1.8545833931739151
1.8545833931739151
1.8545833931739151
1.8545833931739151
1.8545833931739151
1.8545833931739151
1.8545833931739151
1.8545833931739151
1.8545752869419840
1.8545752869419840
1.8545752869419840
1.8545752869419840
1.8545752869419840
1.8545752869419840
1.8545752869419840
1.8545752869419840
1.8545752869419840
1.8545752869419840
1.8545752869419840
1.8545752869419840
1.8545752869419840
1.8545752869419840
1.8545833931739151
1.8545833931739151
1.8545833931739151
1.8545833931739151
1.8545833931739151
1.8545833931739151
1.8545833931739151
1.8545833931739151
1.8545833931739151
1.8545755700640552
1.8545752869419840
1.8545755998663784
1.8545755998663784
1.8545755998663784
1.8545755998663784
1.8545752869419840
1.8545752869419840
1.8545755998663784
1.8545755998663784
1.8545755998663784
1.8545755998663784
1.8545755998663784
1.8545755998663784
1.8545755998663784
1.8545755998663784
