1.7210628307182441
1.7210628307182441
1.7210628307182441
1.7210628307182441
1.7215411729079835
1.7210674649795135
1.9091778221481390
1.9091778221481390
1.9091778221481390
1.9091778221481390
1.9091778221481390
1.7210626966077893
1.7210626966077893
1.7210529065445932
1.7210529065445932
1.7210529065445932
1.7210529065445932
1.7210674649795135
1.7210674649795135
1.7210668838342096
1.7210668838342096
1.7210665262063303
1.7210665262063303
1.7210665262063303
1.7210665262063303
1.7210665262063303
1.7210665262063303
1.7210665262063303
1.7210665262063303
1.7210665262063303
1.7210665262063303
1.7210665262063303
1.7210665262063303
1.7210665262063303
1.7210665262063303
1.7210665262063303
1.7210665262063303
1.7210665262063303
1.7210665262063303
1.7210665262063303
1.7210665262063303
1.7210665262063303
1.7210665262063303
1.7210665262063303
1.7210665262063303
1.7210665262063303
1.7210665262063303
1.7210665262063303
1.7210665262063303
1.7210665262063303
1.7210665262063303
1.7210665262063303
1.7210665262063303
1.7210665262063303
1.7210665262063303
1.7210665262063303
1.7210665262063303
1.7210665262063303
1.7210665262063303
1.7210665262063303
1.7210665262063303
1.7210665262063303
1.7210665262063303
1.7210665262063303
1.7210665262063303
1.7210665262063303
1.7210665262063303
1.7210665262063303
1.7210665262063303
1.7210665262063303
1.7210665262063303
1.7210665262063303
1.7210665262063303
1.7210665262063303
1.7210665262063303
1.7210665262063303
1.7210665262063303
1.7210665262063303
1.7210665262063303
1.7210665262063303
1.7210665262063303
1.7210665262063303
1.7210665262063303
1.7210665262063303
1.7210665262063303
1.7210665262063303
1.7210665262063303
1.7210665262063303
1.7210665262063303
1.7210665262063303
1.7210665262063303
1.7210665262063303
1.7210665262063303
1.7210665262063303
1.7210665262063303
1.7210665262063303
1.7210665262063303
1.7210665262063303
1.7210665262063303
1.7210665262063303
