8.9241661675025856
8.9240987337857103
8.9240987337857103
8.9240987337857103
8.9240987337857103
8.9240987337857103
8.9240987337857103
8.9240987337857103
8.9240987337857103
8.9240987337857103
8.9240987337857103
8.9240987337857103
8.9240987337857103
8.9240987337857103
8.9240987337857103
8.9240987337857103
8.9240987337857103
8.9240987337857103
8.9240987337857103
8.9240987337857103
8.9240987337857103
8.9240987337857103
8.9240987337857103
8.9240987337857103
8.9240987337857103
8.9240987337857103
8.9240987337857103
8.9240987337857103
8.9240987337857103
8.9240987337857103
8.9240987337857103
8.9240987337857103
8.9240987337857103
8.9240987337857103
8.9240987337857103
8.9240987337857103
8.9240987337857103
8.9240987337857103
8.9240987337857103
8.9240987337857103
8.9240987337857103
8.9240987337857103
8.9240987337857103
8.9240987337857103
8.9240987337857103
8.9240987337857103
8.9240987337857103
8.9240987337857103
8.9240987337857103
8.9240987337857103
8.9240987337857103
8.9240987337857103
8.9240987337857103
8.9240987337857103
8.9240987337857103
8.9240987337857103
8.9240987337857103
8.9240987337857103
8.9240987337857103
8.9240987337857103
8.9240987337857103
8.9240987337857103
8.9240987337857103
8.9240987337857103
8.9240987337857103
8.9240987337857103
8.9240987337857103
8.9240987337857103
8.9240987337857103
8.9240987337857103
8.9240987337857103
8.9240987337857103
8.9240987337857103
8.9240987337857103
8.9240987337857103
8.9240987337857103
8.9240987337857103
8.9240987337857103
8.9240987337857103
8.9240987337857103
8.9240987337857103
8.9240987337857103
8.9240987337857103
8.9240987337857103
8.9240987337857103
8.9240987337857103
8.9240987337857103
8.9240987337857103
8.9240987337857103
8.9240987337857103
8.9240987337857103
8.9240987337857103
8.9240987337857103
8.9240987337857103
8.9240987337857103
8.9240987337857103
8.9240987337857103
8.9240987337857103
8.9240987337857103
8.9240987337857103
