9.0840143675808420
9.0840143675808420
9.0840143675808420
9.0840143675808420
8.6979015260309431
9.0840118433240598
9.0840118433240598
9.0840118433240598
9.0840118433240598
9.0840118433240598
9.0840118433240598
9.0840118433240598
9.0840118433240598
9.0841989989339993
9.0841989989339993
9.0841989989339993
9.0841989989339993
9.0841989989339993
9.0841989989339993
9.0842336173127176
9.0842336173127176
9.0842336173127176
9.0842336173127176
9.0842336173127176
9.0842336173127176
9.0842336173127176
9.0842336173127176
9.0842336173127176
9.0842336173127176
9.0842336173127176
9.0842336173127176
9.0842336173127176
9.0842336173127176
9.0842336173127176
9.0842336173127176
9.0842336173127176
9.0842336173127176
9.0842336173127176
9.0842336173127176
9.0842336173127176
9.0842336173127176
9.0842336173127176
9.0842336173127176
9.0842336173127176
9.0842336173127176
9.0842336173127176
9.0842336173127176
9.0842336173127176
9.0842336173127176
9.0842336173127176
9.0842336173127176
9.0842336173127176
9.0842336173127176
9.0842336173127176
9.0842336173127176
9.0842336173127176
9.0842336173127176
9.0842336173127176
9.0842336173127176
9.0842336173127176
9.0842336173127176
9.0842336173127176
9.0842336173127176
9.0842336173127176
9.0842336173127176
9.0842336173127176
9.0842336173127176
9.0842336173127176
9.0842336173127176
9.0842336173127176
9.0842336173127176
9.0842336173127176
9.0842336173127176
9.0842336173127176
9.0842336173127176
9.0842336173127176
9.0842336173127176
9.0842336173127176
9.0842336173127176
9.0842336173127176
9.0842336173127176
9.0842336173127176
9.0842336173127176
9.0842336173127176
9.0842336173127176
9.0842336173127176
9.0842336173127176
9.0842336173127176
9.0842336173127176
9.0842336173127176
9.0842336173127176
9.0842336173127176
9.0842336173127176
9.0842336173127176
9.0842336173127176
9.0842336173127176
9.0842336173127176
9.0842336173127176
9.0842336173127176
9.0842336173127176
