8.5861773799710672
8.5923097012135283
8.5923097012135283
8.5923097012135283
8.5923097012135283
8.5923097012135283
8.5923097012135283
8.5923097012135283
8.5923097012135283
8.5923097012135283
8.5923097012135283
8.5923097012135283
8.5923097012135283
8.5923097012135283
8.5923097012135283
8.5923097012135283
8.5923097012135283
8.5923097012135283
8.5923097012135283
8.5923097012135283
8.5923097012135283
8.5923097012135283
8.5923097012135283
8.5923097012135283
8.5923097012135283
8.5923097012135283
8.5923097012135283
8.5923097012135283
8.5923097012135283
8.5923097012135283
8.5923097012135283
8.5923097012135283
8.5923097012135283
8.5923097012135283
8.5923097012135283
8.5923097012135283
8.5923097012135283
8.5923097012135283
8.5923097012135283
8.5923097012135283
8.5923097012135283
8.5923097012135283
8.5923097012135283
8.5923097012135283
8.5923097012135283
8.5923097012135283
8.5923097012135283
8.5923097012135283
8.5923097012135283
8.5923097012135283
8.5923097012135283
8.5923097012135283
8.5923097012135283
8.5923097012135283
8.5923097012135283
8.5923097012135283
8.5923097012135283
8.5923097012135283
8.5923097012135283
8.5923097012135283
8.5923097012135283
8.5923097012135283
8.5923097012135283
8.5923097012135283
8.5923097012135283
8.5923097012135283
8.5923097012135283
8.5923097012135283
8.5923097012135283
8.5923097012135283
8.5923097012135283
8.5923097012135283
8.5923097012135283
8.5923097012135283
8.5923097012135283
8.5923097012135283
8.5923097012135283
8.5923097012135283
8.5923097012135283
8.5923097012135283
8.5923097012135283
8.5923097012135283
8.5923097012135283
8.5923097012135283
8.5923097012135283
8.5923097012135283
8.5923097012135283
8.5923097012135283
8.5923097012135283
8.5923097012135283
8.5923097012135283
8.5923097012135283
8.5923097012135283
8.5923097012135283
8.5923097012135283
8.5923097012135283
8.5923097012135283
8.5923097012135283
8.5923097012135283
8.5923097012135283
