10.6770174848732520
9.7611192842972549
10.0206100167279250
10.0201077520021010
10.0201077520021010
10.0201077520021010
10.0201077520021010
9.9919721309861327
9.9919721309861327
9.9919721309861327
9.9919721309861327
9.9919721309861327
9.9993102422830145
9.9993102422830145
9.9993102422830145
9.9993102422830145
9.9993102422830145
9.9993102422830145
9.9993102422830145
9.9993102422830145
9.9993102422830145
9.9993102422830145
9.9993102422830145
9.9993102422830145
9.9993102422830145
9.9993102422830145
9.9993102422830145
9.9993102422830145
9.9993102422830145
10.0005181464546120
10.0001826021834610
10.0001826021834610
10.0001826021834610
10.0001826021834610
10.0000982794198720
10.0000982794198720
10.0000982794198720
10.0000982794198720
10.0000919078523120
10.0000919078523120
10.0000919078523120
10.0000057313165250
10.0000057313165250
10.0000057313165250
10.0000057313165250
10.0000035734299800
10.0000035734299800
10.0000035734299800
10.0000035734299800
10.0000035734299800
10.0000035734299800
10.0000028559779000
10.0000028559779000
10.0000028559779000
10.0000028559779000
10.0000028559779000
9.9999985329675187
9.9999987156659493
9.9999987156659493
9.9999987156659493
9.9999987156659493
9.9999987156659493
9.9999990687550611
9.9999990687550611
9.9999990687550611
9.9999990687550611
9.9999990687550611
9.9999991334522207
9.9999995972719944
9.9999997404672101
9.9999997404672101
9.9999997404672101
9.9999997404672101
9.9999997404672101
9.9999997404672101
9.9999997404672101
9.9999997404672101
9.9999997404672101
9.9999997404672101
9.9999997404672101
9.9999997404672101
10.0000000710993720
10.0000000710993720
10.0000000710993720
10.0000000710993720
10.0000000710993720
10.0000000710993720
10.0000000710993720
10.0000000710993720
10.0000000710993720
10.0000000710993720
10.0000000710993720
10.0000000710993720
10.0000000710993720
10.0000000710993720
10.0000000710993720
10.0000000710993720
10.0000000710993720
10.0000000710993720
10.0000000710993720
