10.1036150545910710
10.0607144485921150
10.0607144485921150
10.0607144485921150
10.0607144485921150
10.0607144485921150
10.0607144485921150
10.0607144485921150
10.0607144485921150
10.0607144485921150
10.0607144485921150
10.0607144485921150
10.0607144485921150
10.0607144485921150
10.0607144485921150
10.0607144485921150
10.0607144485921150
10.0607144485921150
10.0607144485921150
10.0607144485921150
10.0607144485921150
10.0607144485921150
10.0607144485921150
10.0607144485921150
10.0607144485921150
10.0607144485921150
10.0607144485921150
10.0607144485921150
10.0607144485921150
10.0607144485921150
10.0607144485921150
10.0607144485921150
10.0607144485921150
10.0607144485921150
10.0607144485921150
10.0607144485921150
10.0607144485921150
10.0607144485921150
10.0607144485921150
10.0607144485921150
10.0607144485921150
10.0607144485921150
10.0607144485921150
10.0607144485921150
10.0607144485921150
10.0607144485921150
10.0607144485921150
10.0607144485921150
10.0607144485921150
10.0607144485921150
10.0607144485921150
10.0607144485921150
10.0607144485921150
10.0607144485921150
10.0607144485921150
10.0607144485921150
10.0607144485921150
10.0607144485921150
10.0607144485921150
10.0607144485921150
10.0607144485921150
10.0607144485921150
10.0607144485921150
10.0607144485921150
10.0607144485921150
10.0607144485921150
10.0607144485921150
10.0607144485921150
10.0607144485921150
10.0607144485921150
10.0607144485921150
10.0607144485921150
10.0607144485921150
10.0607144485921150
10.0607144485921150
10.0607144485921150
10.0607144485921150
10.0607144485921150
10.0607144485921150
10.0607144485921150
10.0607144485921150
10.0607144485921150
10.0607144485921150
10.0607144485921150
10.0607144485921150
10.0607144485921150
10.0607144485921150
10.0607144485921150
10.0607144485921150
10.0607144485921150
10.0607144485921150
10.0607144485921150
10.0607144485921150
10.0607144485921150
10.0607144485921150
10.0607144485921150
10.0607144485921150
10.0607144485921150
10.0607144485921150
10.0607144485921150
