7.9179633369434868
9.0313244739569551
9.1895605754721323
8.4324962998180464
8.4324962998180464
8.4324962998180464
9.1895605754721323
9.1895605754721323
9.1895605754721323
9.1895605754721323
9.1895605754721323
9.1895605754721323
8.3387793001168742
9.1908472252144566
9.1908472252144566
9.1908472252144566
9.1908472252144566
9.1908472252144566
9.1908472252144566
9.1908472252144566
9.1908472252144566
9.1908472252144566
9.1908472252144566
9.1908472252144566
9.1908472252144566
9.1908472252144566
9.1908472252144566
9.1908472252144566
9.1908472252144566
9.1908472252144566
9.1908472252144566
9.1908472252144566
9.1908472252144566
9.1908472252144566
9.1908472252144566
9.1908472252144566
9.1908472252144566
9.1908472252144566
9.1908472252144566
9.1908472252144566
9.1908472252144566
9.1908472252144566
9.1908472252144566
9.1908472252144566
9.1908472252144566
9.1908472252144566
9.1908472252144566
9.1908472252144566
9.1908472252144566
9.1908472252144566
9.1908472252144566
9.1908472252144566
9.1908472252144566
9.1908472252144566
9.1908472252144566
9.1908472252144566
9.1908472252144566
9.1908472252144566
9.1908472252144566
9.1908472252144566
9.1908472252144566
9.1908472252144566
9.1908472252144566
9.1908472252144566
9.1908472252144566
9.1908472252144566
9.1908472252144566
9.1908472252144566
9.1908472252144566
9.1908472252144566
9.1908472252144566
9.1908472252144566
9.1908472252144566
9.1908472252144566
9.1908472252144566
9.1908472252144566
9.1908472252144566
9.1908472252144566
9.1908472252144566
9.1908472252144566
9.1908472252144566
9.1908472252144566
9.1908472252144566
9.1908472252144566
9.1908472252144566
9.1908472252144566
9.1908472252144566
9.1908472252144566
9.1908472252144566
9.1908472252144566
9.1908472252144566
9.1908472252144566
9.1908472252144566
9.1908472252144566
9.1908472252144566
9.1908472252144566
9.1908472252144566
9.1908472252144566
9.1908472252144566
9.1908472252144566
