10.3254683989159460
10.0993416434104000
10.0993416434104000
10.0993416434104000
10.0993416434104000
10.0993416434104000
10.0993416434104000
10.0993416434104000
10.0993416434104000
10.0993416434104000
10.0993416434104000
10.0993416434104000
10.0993416434104000
10.0993416434104000
10.0993416434104000
10.0993416434104000
10.0993416434104000
10.0993416434104000
10.0993416434104000
10.0993416434104000
10.0993416434104000
10.0993416434104000
10.0993416434104000
10.0993416434104000
10.0993416434104000
10.0993416434104000
10.0993416434104000
10.0993416434104000
10.0993416434104000
10.0993416434104000
10.0993416434104000
10.0993416434104000
10.0993416434104000
10.0993416434104000
10.0993416434104000
10.0993416434104000
10.0993416434104000
10.0993416434104000
10.0993416434104000
10.0993416434104000
10.0993416434104000
10.0993416434104000
10.0993416434104000
10.0993416434104000
10.0993416434104000
10.0993416434104000
10.0993416434104000
10.0993416434104000
10.0993416434104000
10.0993416434104000
10.0993416434104000
10.0993416434104000
10.0993416434104000
10.0993416434104000
10.0993416434104000
10.0993416434104000
10.0993416434104000
10.0993416434104000
10.0993416434104000
10.0993416434104000
10.0993416434104000
10.0993416434104000
10.0993416434104000
10.0993416434104000
10.0993416434104000
10.0993416434104000
10.0993416434104000
10.0993416434104000
10.0993416434104000
10.0993416434104000
10.0993416434104000
10.0993416434104000
10.0993416434104000
10.0993416434104000
10.0993416434104000
10.0993416434104000
10.0993416434104000
10.0993416434104000
10.0993416434104000
10.0993416434104000
10.0993416434104000
10.0993416434104000
10.0993416434104000
10.0993416434104000
10.0993416434104000
10.0993416434104000
10.0993416434104000
10.0993416434104000
10.0993416434104000
10.0993416434104000
10.0993416434104000
10.0993416434104000
10.0993416434104000
10.0993416434104000
10.0993416434104000
10.0993416434104000
10.0993416434104000
10.0993416434104000
10.0993416434104000
10.0993416434104000
