9.6620835371052980
9.6621978451670163
9.6621978451670163
9.6621978451670163
10.2861554874523940
9.8875014123696268
9.8903064017283100
9.8904232746005789
9.8904237828112489
9.8904237828112489
9.9345471057614159
9.9345471057614159
9.9345471057614159
9.9361575769006301
9.9361575769006301
9.9361575769006301
9.9361575769006301
9.9368980214151978
9.9368980214151978
9.9369241235871186
9.9369241235871186
9.9369287194237170
9.9369604545116896
9.9371524821596591
9.9371524821596591
9.9371524821596591
9.9371524821596591
9.9371524821596591
9.9371639082574443
9.9371643843451256
9.9371643843451256
9.9371643843451256
9.9371643843451256
9.9371643843451256
9.9371643843451256
9.9371643843451256
9.9371643843451256
9.9371643843451256
9.9371643843451256
9.9371643843451256
9.9371643843451256
9.9371643843451256
9.9371643843451256
9.9371643843451256
9.9371643843451256
9.9371643843451256
9.9371643843451256
9.9371643843451256
9.9371643843451256
9.9371643843451256
9.9371643843451256
9.9371643843451256
9.9371643843451256
9.9371643843451256
9.9371643843451256
9.9371643843451256
9.9371643843451256
9.9371643843451256
9.9371643843451256
9.9371643843451256
9.9371643843451256
9.9371643843451256
9.9371643843451256
9.9371643843451256
9.9371643843451256
9.9371643843451256
9.9371643843451256
9.9371643843451256
9.9371643843451256
9.9371643843451256
9.9371643843451256
9.9371643843451256
9.9371643843451256
9.9371643843451256
9.9371643843451256
9.9371643843451256
9.9371643843451256
9.9371643843451256
9.9371643843451256
9.9371643843451256
9.9371643843451256
9.9371643843451256
9.9371643843451256
9.9371643843451256
9.9371643843451256
9.9371643843451256
9.9371643843451256
9.9371643843451256
9.9371643843451256
9.9371643843451256
9.9371643843451256
9.9371643843451256
9.9371643843451256
9.9371643843451256
9.9371643843451256
9.9371643843451256
9.9371643843451256
9.9371643843451256
9.9371643843451256
9.9371643843451256
