8.6044901417043835
9.1103800493592022
8.6091587546217063
8.6090512934044376
8.6090512934044376
8.6090512934044376
8.6090512934044376
9.1170267780729155
9.1170267780729155
9.1170267780729155
9.1170267780729155
9.1170267780729155
9.1103800493592022
9.1103800493592022
9.1103800493592022
9.1103800493592022
9.1103800493592022
9.1103800493592022
9.1103800493592022
9.1103800493592022
9.1103800493592022
9.1103800493592022
9.1103800493592022
9.1103800493592022
9.1103800493592022
9.1103800493592022
9.1103800493592022
9.1103800493592022
9.1103800493592022
9.1172584687846427
9.1171892320272097
9.1171892320272097
9.1171892320272097
9.1171892320272097
9.1171479423984270
9.1171479423984270
9.1171479423984270
9.1171479423984270
9.1172411595952845
9.1172411595952845
9.1172411595952845
9.1171892320272097
9.1171892320272097
9.1171892320272097
9.1171892320272097
9.1172584687846427
9.1172584687846427
9.1172584687846427
9.1172584687846427
9.1172584687846427
9.1172584687846427
9.1172411595952845
9.1172411595952845
9.1172411595952845
9.1172411595952845
9.1172411595952845
9.1172411595952845
9.1172599112170900
9.1172599112170900
9.1172599112170900
9.1172599112170900
9.1172599112170900
9.1172411595952845
9.1172411595952845
9.1172411595952845
9.1172411595952845
9.1172411595952845
9.1172411595952845
9.1172584687846427
9.1172584687846427
9.1172584687846427
9.1172584687846427
9.1172584687846427
9.1172584687846427
9.1172584687846427
9.1172584687846427
9.1172584687846427
9.1172584687846427
9.1172584687846427
9.1172584687846427
9.1172584687846427
9.1172411595952845
9.1172411595952845
9.1172411595952845
9.1172411595952845
9.1172411595952845
9.1172411595952845
9.1172411595952845
9.1172411595952845
9.1172411595952845
9.1172411595952845
9.1172411595952845
9.1172411595952845
9.1172411595952845
9.1172411595952845
9.1172411595952845
9.1172411595952845
9.1172411595952845
9.1172411595952845
9.1172411595952845
