6.9223548080960073
8.1090778448566638
9.1898144239098727
10.4087637648084360
10.4087637648084360
10.4087637648084360
9.9567225188759032
9.9567225188759032
9.9567225188759032
9.9567225188759032
9.9567225188759032
9.9567225188759032
10.0410156969937710
9.9700736312669829
9.9700736312669829
9.9700736312669829
9.9700736312669829
9.9700736312669829
9.9700736312669829
9.9700736312669829
9.9700736312669829
9.9700736312669829
9.9700736312669829
9.9700736312669829
9.9700736312669829
9.9700736312669829
9.9700736312669829
9.9700736312669829
9.9700736312669829
9.9700736312669829
9.9700736312669829
9.9700736312669829
9.9700736312669829
9.9700736312669829
9.9700736312669829
9.9700736312669829
9.9700736312669829
9.9700736312669829
9.9700736312669829
9.9700736312669829
9.9700736312669829
9.9700736312669829
9.9700736312669829
9.9700736312669829
9.9700736312669829
9.9700736312669829
9.9700736312669829
9.9700736312669829
9.9700736312669829
9.9700736312669829
9.9700736312669829
9.9700736312669829
9.9700736312669829
9.9700736312669829
9.9700736312669829
9.9700736312669829
9.9700736312669829
9.9700736312669829
9.9700736312669829
9.9700736312669829
9.9700736312669829
9.9700736312669829
9.9700736312669829
9.9700736312669829
9.9700736312669829
9.9700736312669829
9.9700736312669829
9.9700736312669829
9.9700736312669829
9.9700736312669829
9.9700736312669829
9.9700736312669829
9.9700736312669829
9.9700736312669829
9.9700736312669829
9.9700736312669829
9.9700736312669829
9.9700736312669829
9.9700736312669829
9.9700736312669829
9.9700736312669829
9.9700736312669829
9.9700736312669829
9.9700736312669829
9.9700736312669829
9.9700736312669829
9.9700736312669829
9.9700736312669829
9.9700736312669829
9.9700736312669829
9.9700736312669829
9.9700736312669829
9.9700736312669829
9.9700736312669829
9.9700736312669829
9.9700736312669829
9.9700736312669829
9.9700736312669829
9.9700736312669829
9.9700736312669829
