1.3118574563222365
1.4326651731927744
1.3201568728732131
1.3201569265173949
1.3201569265173949
1.3201569265173949
1.3201569265173949
1.4326567152934289
1.4326567152934289
1.4326567152934289
1.4326567152934289
1.4326567152934289
1.4326631078917715
1.4326631078917715
1.4326631078917715
1.4326631078917715
1.4326631078917715
1.4326631078917715
1.4326631078917715
1.4326631078917715
1.4326631078917715
1.4326631078917715
1.4326631078917715
1.4326631078917715
1.4326631078917715
1.4326631078917715
1.4326631078917715
1.4326631078917715
1.4326631078917715
1.4325103918466089
1.4325093904885469
1.4325093904885469
1.4325093904885469
1.4325093904885469
1.4325093904885469
1.4325093904885469
1.4325093904885469
1.4325093904885469
1.4325058946760265
1.4325058946760265
1.4325058946760265
1.4325104633721848
1.4325104633721848
1.4325104633721848
1.4325104633721848
1.4325101772698814
1.4325101772698814
1.4325101772698814
1.4325101772698814
1.4325101772698814
1.4325101772698814
1.4325101593884875
1.4325101593884875
1.4325101593884875
1.4325101593884875
1.4325101593884875
1.4325093010815770
1.4325093279036680
1.4325093279036680
1.4325093279036680
1.4325093279036680
1.4325093279036680
1.4325093189629710
1.4325093189629710
1.4325093189629710
1.4325093189629710
1.4325093189629710
1.4325093279036680
1.4325093279036680
1.4325093279036680
1.4325093279036680
1.4325093279036680
1.4325093279036680
1.4325093279036680
1.4325093279036680
1.4325093279036680
1.4325093279036680
1.4325093279036680
1.4325093279036680
1.4325093279036680
1.4325093279036680
1.4325093189629710
1.4325093189629710
1.4325093189629710
1.4325093189629710
1.4325093189629710
1.4325093189629710
1.4325093189629710
1.4325093189629710
1.4325093189629710
1.4325093189629710
1.4325093189629710
1.4325093189629710
1.4325093189629710
1.4325093189629710
1.4325093189629710
1.4325093189629710
1.4325093189629710
1.4325093189629710
1.4325093189629710
