1.4186631565887677
1.4191014831990447
1.4191014831990447
1.4191014831990447
1.4191014831990447
1.4191014831990447
1.4191014831990447
1.4191014831990447
1.4191014831990447
1.4191014831990447
1.4191014831990447
1.4191014831990447
1.4191014831990447
1.4191014831990447
1.4191014831990447
1.4191014831990447
1.4191014831990447
1.4191014831990447
1.4191014831990447
1.4191014831990447
1.4191014831990447
1.4191014831990447
1.4191014831990447
1.4191014831990447
1.4191014831990447
1.4191014831990447
1.4191014831990447
1.4191014831990447
1.4191014831990447
1.4191014831990447
1.4191014831990447
1.4191014831990447
1.4191014831990447
1.4191014831990447
1.4191014831990447
1.4191014831990447
1.4191014831990447
1.4191014831990447
1.4191014831990447
1.4191014831990447
1.4191014831990447
1.4191014831990447
1.4191014831990447
1.4191014831990447
1.4191014831990447
1.4191014831990447
1.4191014831990447
1.4191014831990447
1.4191014831990447
1.4191014831990447
1.4191014831990447
1.4191014831990447
1.4191014831990447
1.4191014831990447
1.4191014831990447
1.4191014831990447
1.4191014831990447
1.4191014831990447
1.4191014831990447
1.4191014831990447
1.4191014831990447
1.4191014831990447
1.4191014831990447
1.4191014831990447
1.4191014831990447
1.4191014831990447
1.4191014831990447
1.4191014831990447
1.4191014831990447
1.4191014831990447
1.4191014831990447
1.4191014831990447
1.4191014831990447
1.4191014831990447
1.4191014831990447
1.4191014831990447
1.4191014831990447
1.4191014831990447
1.4191014831990447
1.4191014831990447
1.4191014831990447
1.4191014831990447
1.4191014831990447
1.4191014831990447
1.4191014831990447
1.4191014831990447
1.4191014831990447
1.4191014831990447
1.4191014831990447
1.4191014831990447
1.4191014831990447
1.4191014831990447
1.4191014831990447
1.4191014831990447
1.4191014831990447
1.4191014831990447
1.4191014831990447
1.4191014831990447
1.4191014831990447
1.4191014831990447
