1.3629560787366652
1.3628469843520816
1.3628469843520816
1.3628469843520816
1.3628469843520816
1.3628469843520816
1.3628469843520816
1.3628469843520816
1.3628469843520816
1.3628469843520816
1.3628469843520816
1.3628469843520816
1.3628469843520816
1.3628469843520816
1.3628469843520816
1.3628469843520816
1.3628469843520816
1.3628469843520816
1.3628469843520816
1.3628469843520816
1.3628469843520816
1.3628469843520816
1.3628469843520816
1.3628469843520816
1.3628469843520816
1.3628469843520816
1.3628469843520816
1.3628469843520816
1.3628469843520816
1.3628469843520816
1.3628469843520816
1.3628469843520816
1.3628469843520816
1.3628469843520816
1.3628469843520816
1.3628469843520816
1.3628469843520816
1.3628469843520816
1.3628469843520816
1.3628469843520816
1.3628469843520816
1.3628469843520816
1.3628469843520816
1.3628469843520816
1.3628469843520816
1.3628469843520816
1.3628469843520816
1.3628469843520816
1.3628469843520816
1.3628469843520816
1.3628469843520816
1.3628469843520816
1.3628469843520816
1.3628469843520816
1.3628469843520816
1.3628469843520816
1.3628469843520816
1.3628469843520816
1.3628469843520816
1.3628469843520816
1.3628469843520816
1.3628469843520816
1.3628469843520816
1.3628469843520816
1.3628469843520816
1.3628469843520816
1.3628469843520816
1.3628469843520816
1.3628469843520816
1.3628469843520816
1.3628469843520816
1.3628469843520816
1.3628469843520816
1.3628469843520816
1.3628469843520816
1.3628469843520816
1.3628469843520816
1.3628469843520816
1.3628469843520816
1.3628469843520816
1.3628469843520816
1.3628469843520816
1.3628469843520816
1.3628469843520816
1.3628469843520816
1.3628469843520816
1.3628469843520816
1.3628469843520816
1.3628469843520816
1.3628469843520816
1.3628469843520816
1.3628469843520816
1.3628469843520816
1.3628469843520816
1.3628469843520816
1.3628469843520816
1.3628469843520816
1.3628469843520816
1.3628469843520816
1.3628469843520816
