1.4018526793078387
1.4018526703671417
1.4018526703671417
1.4018526703671417
1.3268524535552400
1.4018524557904142
1.4018526793078387
1.4018526703671417
1.4018526793078387
1.4018526793078387
1.4015207916951415
1.4015207916951415
1.4015207916951415
1.4015162229989835
1.4015162229989835
1.4015162229989835
1.4015162229989835
1.4015162229989835
1.4015162229989835
1.4015161693548015
1.4015161693548015
1.4015162229989835
1.4015162140582864
1.4015162229989835
1.4015162229989835
1.4015162229989835
1.4015162229989835
1.4015162229989835
1.4015160084222558
1.4015159994815589
1.4015159994815589
1.4015159994815589
1.4015159994815589
1.4015159994815589
1.4015159994815589
1.4015159994815589
1.4015159994815589
1.4015159994815589
1.4015159994815589
1.4015159994815589
1.4015159994815589
1.4015159994815589
1.4015159994815589
1.4015159994815589
1.4015159994815589
1.4015159994815589
1.4015159994815589
1.4015159994815589
1.4015159994815589
1.4015159994815589
1.4015159994815589
1.4015159994815589
1.4015159994815589
1.4015159994815589
1.4015159994815589
1.4015159994815589
1.4015159994815589
1.4015159994815589
1.4015159994815589
1.4015159994815589
1.4015159994815589
1.4015159994815589
1.4015159994815589
1.4015159994815589
1.4015159994815589
1.4015159994815589
1.4015159994815589
1.4015159994815589
1.4015159994815589
1.4015159994815589
1.4015159994815589
1.4015159994815589
1.4015159994815589
1.4015159994815589
1.4015159994815589
1.4015159994815589
1.4015159994815589
1.4015159994815589
1.4015159994815589
1.4015159994815589
1.4015159994815589
1.4015159994815589
1.4015159994815589
1.4015159994815589
1.4015159994815589
1.4015159994815589
1.4015159994815589
1.4015159994815589
1.4015159994815589
1.4015159994815589
1.4015159994815589
1.4015159994815589
1.4015159994815589
1.4015159994815589
1.4015159994815589
1.4015159994815589
1.4015159994815589
1.4015159994815589
1.4015159994815589
1.4015159994815589
