1.3423176509832637
1.3240084714892051
1.3238605118948374
1.3423176509832637
1.3423176509832637
1.3423176509832637
1.3235675431361063
1.3235675431361063
1.3235675431361063
1.3235675431361063
1.3235675431361063
1.3235675431361063
1.3426105124536309
1.3235675431361063
1.3235675431361063
1.3235675431361063
1.3235675431361063
1.3235675431361063
1.3235675431361063
1.3235675431361063
1.3235675431361063
1.3235675431361063
1.3235675431361063
1.3235675431361063
1.3235675431361063
1.3235675431361063
1.3235675431361063
1.3235675431361063
1.3235675431361063
1.3235675431361063
1.3235675431361063
1.3235675431361063
1.3235675431361063
1.3235675431361063
1.3235675431361063
1.3235675431361063
1.3235675431361063
1.3235675431361063
1.3235675431361063
1.3235675431361063
1.3235675431361063
1.3235675431361063
1.3235675431361063
1.3235675431361063
1.3235675431361063
1.3235675431361063
1.3235675431361063
1.3235675431361063
1.3235675431361063
1.3235675431361063
1.3235675431361063
1.3235675431361063
1.3235675431361063
1.3235675431361063
1.3235675431361063
1.3235675431361063
1.3235675431361063
1.3235675431361063
1.3235675431361063
1.3235675431361063
1.3235675431361063
1.3235675431361063
1.3235675431361063
1.3235675431361063
1.3235675431361063
1.3235675431361063
1.3235675431361063
1.3235675431361063
1.3235675431361063
1.3235675431361063
1.3235675431361063
1.3235675431361063
1.3235675431361063
1.3235675431361063
1.3235675431361063
1.3235675431361063
1.3235675431361063
1.3235675431361063
1.3235675431361063
1.3235675431361063
1.3235675431361063
1.3235675431361063
1.3235675431361063
1.3235675431361063
1.3235675431361063
1.3235675431361063
1.3235675431361063
1.3235675431361063
1.3235675431361063
1.3235675431361063
1.3235675431361063
1.3235675431361063
1.3235675431361063
1.3235675431361063
1.3235675431361063
1.3235675431361063
1.3235675431361063
1.3235675431361063
1.3235675431361063
1.3235675431361063
