1.4439086387273263
1.4466665378101629
1.4450728778878712
1.4450726637158591
1.4450726637158591
1.4450726637158591
1.4450726637158591
1.4468007788062327
1.4468007788062327
1.4468007788062327
1.4468007788062327
1.4468007788062327
1.4468025664258768
1.4468025664258768
1.4468025664258768
1.4468025664258768
1.4468025664258768
1.4468025664258768
1.4468025664258768
1.4468025664258768
1.4468025664258768
1.4468025664258768
1.4468025664258768
1.4468025664258768
1.4468025664258768
1.4468025664258768
1.4468025664258768
1.4468025664258768
1.4468025664258768
1.4468011883831378
1.4468024674344797
1.4468024674344797
1.4468024674344797
1.4468024674344797
1.4468007779813044
1.4468007779813044
1.4468007779813044
1.4468007779813044
1.4468011620885479
1.4468011620885479
1.4468011620885479
1.4468011883831378
1.4468011883831378
1.4468011883831378
1.4468011883831378
1.4468017212868249
1.4468017212868249
1.4468017212868249
1.4468017212868249
1.4468017212868249
1.4468017212868249
1.4468028568006412
1.4468028568006412
1.4468028568006412
1.4468028568006412
1.4468028568006412
1.4468028778363131
1.4468011953950284
1.4468011953950284
1.4468011953950284
1.4468011953950284
1.4468011953950284
1.4468028514386073
1.4468028514386073
1.4468028514386073
1.4468028514386073
1.4468028514386073
1.4468028779394293
1.4468011883831378
1.4468011883831378
1.4468011883831378
1.4468011883831378
1.4468011883831378
1.4468011883831378
1.4468011883831378
1.4468011883831378
1.4468011883831378
1.4468011883831378
1.4468011883831378
1.4468011883831378
1.4468011883831378
1.4468028514386073
1.4468028514386073
1.4468028514386073
1.4468028514386073
1.4468028514386073
1.4468028514386073
1.4468028514386073
1.4468028514386073
1.4468028514386073
1.4468028514386073
1.4468028514386073
1.4468028514386073
1.4468028514386073
1.4468028514386073
1.4468028514386073
1.4468028514386073
1.4468028514386073
1.4468028514386073
1.4468028514386073
