1.4460454856868232
1.4465011247325279
1.4465009396392388
1.4460454868210997
1.4460454868210997
1.4460454868210997
1.4465009396392388
1.4465009396392388
1.4465009396392388
1.4465009396392388
1.4465009396392388
1.4465009396392388
1.4460456323178301
1.4464982470732404
1.4464982470732404
1.4464982470732404
1.4464982470732404
1.4464982470732404
1.4464982470732404
1.4464982470732404
1.4464982470732404
1.4464982470732404
1.4464982470732404
1.4464982470732404
1.4464982470732404
1.4464982470732404
1.4464982470732404
1.4464982470732404
1.4464982470732404
1.4464982470732404
1.4464982470732404
1.4464982470732404
1.4464982470732404
1.4464982470732404
1.4464982470732404
1.4464982470732404
1.4464982470732404
1.4464982470732404
1.4464982470732404
1.4464982470732404
1.4464982470732404
1.4464982470732404
1.4464982470732404
1.4464982470732404
1.4464982470732404
1.4464982470732404
1.4464982470732404
1.4464982470732404
1.4464982470732404
1.4464982470732404
1.4464982470732404
1.4464982470732404
1.4464982470732404
1.4464982470732404
1.4464982470732404
1.4464982470732404
1.4464982470732404
1.4464982470732404
1.4464982470732404
1.4464982470732404
1.4464982470732404
1.4464982470732404
1.4464982470732404
1.4464982470732404
1.4464982470732404
1.4464982470732404
1.4464982470732404
1.4464982470732404
1.4464982470732404
1.4464982470732404
1.4464982470732404
1.4464982470732404
1.4464982470732404
1.4464982470732404
1.4464982470732404
1.4464982470732404
1.4464982470732404
1.4464982470732404
1.4464982470732404
1.4464982470732404
1.4464982470732404
1.4464982470732404
1.4464982470732404
1.4464982470732404
1.4464982470732404
1.4464982470732404
1.4464982470732404
1.4464982470732404
1.4464982470732404
1.4464982470732404
1.4464982470732404
1.4464982470732404
1.4464982470732404
1.4464982470732404
1.4464982470732404
1.4464982470732404
1.4464982470732404
1.4464982470732404
1.4464982470732404
1.4464982470732404
