1.4452945696370174
1.4452744709805987
1.4452744709805987
1.4452744709805987
1.4452744709805987
1.4452744709805987
1.4452744709805987
1.4452744709805987
1.4452744709805987
1.4452744709805987
1.4452744709805987
1.4452744709805987
1.4452744709805987
1.4452744709805987
1.4452744709805987
1.4452744709805987
1.4452744709805987
1.4452744709805987
1.4452744709805987
1.4452744709805987
1.4452744709805987
1.4452744709805987
1.4452744709805987
1.4452744709805987
1.4452744709805987
1.4452744709805987
1.4452744709805987
1.4452744709805987
1.4452744709805987
1.4452744709805987
1.4452744709805987
1.4452744709805987
1.4452744709805987
1.4452744709805987
1.4452744709805987
1.4452744709805987
1.4452744709805987
1.4452744709805987
1.4452744709805987
1.4452744709805987
1.4452744709805987
1.4452744709805987
1.4452744709805987
1.4452744709805987
1.4452744709805987
1.4452744709805987
1.4452744709805987
1.4452744709805987
1.4452744709805987
1.4452744709805987
1.4452744709805987
1.4452744709805987
1.4452744709805987
1.4452744709805987
1.4452744709805987
1.4452744709805987
1.4452744709805987
1.4452744709805987
1.4452744709805987
1.4452744709805987
1.4452744709805987
1.4452744709805987
1.4452744709805987
1.4452744709805987
1.4452744709805987
1.4452744709805987
1.4452744709805987
1.4452744709805987
1.4452744709805987
1.4452744709805987
1.4452744709805987
1.4452744709805987
1.4452744709805987
1.4452744709805987
1.4452744709805987
1.4452744709805987
1.4452744709805987
1.4452744709805987
1.4452744709805987
1.4452744709805987
1.4452744709805987
1.4452744709805987
1.4452744709805987
1.4452744709805987
1.4452744709805987
1.4452744709805987
1.4452744709805987
1.4452744709805987
1.4452744709805987
1.4452744709805987
1.4452744709805987
1.4452744709805987
1.4452744709805987
1.4452744709805987
1.4452744709805987
1.4452744709805987
1.4452744709805987
1.4452744709805987
1.4452744709805987
1.4452744709805987
