1.4450097596326399
1.4450097594264077
1.4450097594264077
1.4450097594264077
1.4441447594006287
1.4450097619011928
1.4450097596326399
1.4450097594264077
1.4450097596326399
1.4450097596326399
1.4450097594264077
1.4450097594264077
1.4450097594264077
1.4450097594264077
1.4450097594264077
1.4450097594264077
1.4450097594264077
1.4450097594264077
1.4450097594264077
1.4450097594264077
1.4450097594264077
1.4450097594264077
1.4450097594264077
1.4450097594264077
1.4450097594264077
1.4450097594264077
1.4450097594264077
1.4450097594264077
1.4450097594264077
1.4450097594264077
1.4450097594264077
1.4450097594264077
1.4450097594264077
1.4450097594264077
1.4450097594264077
1.4450097594264077
1.4450097594264077
1.4450097594264077
1.4450097594264077
1.4450097594264077
1.4450097594264077
1.4450097594264077
1.4450097594264077
1.4450097594264077
1.4450097594264077
1.4450097594264077
1.4450097594264077
1.4450097594264077
1.4450097594264077
1.4450097594264077
1.4450097594264077
1.4450097594264077
1.4450097594264077
1.4450097594264077
1.4450097594264077
1.4450097594264077
1.4450097594264077
1.4450097594264077
1.4450097594264077
1.4450097594264077
1.4450097594264077
1.4450097594264077
1.4450097594264077
1.4450097594264077
1.4450097594264077
1.4450097594264077
1.4450097594264077
1.4450097594264077
1.4450097594264077
1.4450097594264077
1.4450097594264077
1.4450097594264077
1.4450097594264077
1.4450097594264077
1.4450097594264077
1.4450097594264077
1.4450097594264077
1.4450097594264077
1.4450097594264077
1.4450097594264077
1.4450097594264077
1.4450097594264077
1.4450097594264077
1.4450097594264077
1.4450097594264077
1.4450097594264077
1.4450097594264077
1.4450097594264077
1.4450097594264077
1.4450097594264077
1.4450097594264077
1.4450097594264077
1.4450097594264077
1.4450097594264077
1.4450097594264077
1.4450097594264077
1.4450097594264077
1.4450097594264077
1.4450097594264077
1.4450097594264077
