1.4452754597602921
1.4452754300628730
1.4452754300628730
1.4452754300628730
1.4452754300628730
1.4452754300628730
1.4452754300628730
1.4452754300628730
1.4452754300628730
1.4452754300628730
1.4452754300628730
1.4452754300628730
1.4452754300628730
1.4452754300628730
1.4452754300628730
1.4452754300628730
1.4452754300628730
1.4452754300628730
1.4452754300628730
1.4452754300628730
1.4452754300628730
1.4452754300628730
1.4452754300628730
1.4452754300628730
1.4452754300628730
1.4452754300628730
1.4452754300628730
1.4452754300628730
1.4452754300628730
1.4452754300628730
1.4452754300628730
1.4452754300628730
1.4452754300628730
1.4452754300628730
1.4452754300628730
1.4452754300628730
1.4452754300628730
1.4452754300628730
1.4452754300628730
1.4452754300628730
1.4452754300628730
1.4452754300628730
1.4452754300628730
1.4452754300628730
1.4452754300628730
1.4452754300628730
1.4452754300628730
1.4452754300628730
1.4452754300628730
1.4452754300628730
1.4452754300628730
1.4452754300628730
1.4452754300628730
1.4452754300628730
1.4452754300628730
1.4452754300628730
1.4452754300628730
1.4452754300628730
1.4452754300628730
1.4452754300628730
1.4452754300628730
1.4452754300628730
1.4452754300628730
1.4452754300628730
1.4452754300628730
1.4452754300628730
1.4452754300628730
1.4452754300628730
1.4452754300628730
1.4452754300628730
1.4452754300628730
1.4452754300628730
1.4452754300628730
1.4452754300628730
1.4452754300628730
1.4452754300628730
1.4452754300628730
1.4452754300628730
1.4452754300628730
1.4452754300628730
1.4452754300628730
1.4452754300628730
1.4452754300628730
1.4452754300628730
1.4452754300628730
1.4452754300628730
1.4452754300628730
1.4452754300628730
1.4452754300628730
1.4452754300628730
1.4452754300628730
1.4452754300628730
1.4452754300628730
1.4452754300628730
1.4452754300628730
1.4452754300628730
1.4452754300628730
1.4452754300628730
1.4452754300628730
1.4452754300628730
