1.4652925097546730
1.4668775098019096
1.4662292557739991
1.4662292556795256
1.4662292556795256
1.4662292556795256
1.4662292556795256
1.4678146432565047
1.4678146432565047
1.4678146432565047
1.4678146432565047
1.4678146432565047
1.4674180969762236
1.4674180969762236
1.4674180969762236
1.4674180969762236
1.4674180969762236
1.4674180969762236
1.4674180969762236
1.4674180969762236
1.4674180969762236
1.4674180969762236
1.4674180969762236
1.4674180969762236
1.4674180969762236
1.4674180969762236
1.4674180969762236
1.4674180969762236
1.4674180969762236
1.4678146368323157
1.4678146433509780
1.4678146433509780
1.4678146433509780
1.4678146433509780
1.4678142558212357
1.4678142558212357
1.4678142558212357
1.4678142558212357
1.4678142495859936
1.4678142495859936
1.4678142495859936
1.4678146427841379
1.4678146427841379
1.4678146427841379
1.4678146427841379
1.4678146427841379
1.4678146427841379
1.4678146427841379
1.4678146427841379
1.4678146427841379
1.4678146427841379
1.4678146433509780
1.4678146433509780
1.4678146433509780
1.4678146433509780
1.4678146433509780
1.4678146426896643
1.4678142562936025
1.4678142562936025
1.4678142562936025
1.4678142562936025
1.4678142562936025
1.4678146389107298
1.4678146389107298
1.4678146389107298
1.4678146389107298
1.4678146389107298
1.4678146365488958
1.4678142556322888
1.4678142557267622
1.4678142557267622
1.4678142557267622
1.4678142557267622
1.4678142557267622
1.4678142557267622
1.4678142557267622
1.4678142557267622
1.4678142557267622
1.4678142557267622
1.4678142557267622
1.4678142557267622
1.4678146395720435
1.4678146395720435
1.4678146395720435
1.4678146395720435
1.4678146395720435
1.4678146395720435
1.4678146395720435
1.4678146395720435
1.4678146395720435
1.4678146395720435
1.4678146395720435
1.4678146395720435
1.4678146395720435
1.4678146395720435
1.4678146395720435
1.4678146395720435
1.4678146395720435
1.4678146395720435
1.4678146395720435
