1.4679717167512094
1.4651431521830902
1.4651433539781975
1.4675710644695481
1.4675710644695481
1.4675710644695481
1.4655891352414827
1.4655891352414827
1.4655891352414827
1.4655891352414827
1.4655891352414827
1.4655891352414827
1.4679666353123377
1.4655889334463756
1.4655889334463756
1.4655889334463756
1.4655889334463756
1.4655889334463756
1.4655889334463756
1.4655889334463756
1.4655889334463756
1.4655889334463756
1.4655889334463756
1.4655889334463756
1.4655889334463756
1.4655889334463756
1.4655889334463756
1.4655889334463756
1.4655889334463756
1.4655889334463756
1.4655889334463756
1.4655889334463756
1.4655889334463756
1.4655889334463756
1.4655889334463756
1.4655889334463756
1.4655889334463756
1.4655889334463756
1.4655889334463756
1.4655889334463756
1.4655889334463756
1.4655889334463756
1.4655889334463756
1.4655889334463756
1.4655889334463756
1.4655889334463756
1.4655889334463756
1.4655889334463756
1.4655889334463756
1.4655889334463756
1.4655889334463756
1.4655889334463756
1.4655889334463756
1.4655889334463756
1.4655889334463756
1.4655889334463756
1.4655889334463756
1.4655889334463756
1.4655889334463756
1.4655889334463756
1.4655889334463756
1.4655889334463756
1.4655889334463756
1.4655889334463756
1.4655889334463756
1.4655889334463756
1.4655889334463756
1.4655889334463756
1.4655889334463756
1.4655889334463756
1.4655889334463756
1.4655889334463756
1.4655889334463756
1.4655889334463756
1.4655889334463756
1.4655889334463756
1.4655889334463756
1.4655889334463756
1.4655889334463756
1.4655889334463756
1.4655889334463756
1.4655889334463756
1.4655889334463756
1.4655889334463756
1.4655889334463756
1.4655889334463756
1.4655889334463756
1.4655889334463756
1.4655889334463756
1.4655889334463756
1.4655889334463756
1.4655889334463756
1.4655889334463756
1.4655889334463756
1.4655889334463756
1.4655889334463756
1.4655889334463756
1.4655889334463756
1.4655889334463756
1.4655889334463756
