1.4673687201886987
1.4673693566557573
1.4673693566557573
1.4673693566557573
1.4673693566557573
1.4673693566557573
1.4673693566557573
1.4673693566557573
1.4673693566557573
1.4673693566557573
1.4673693566557573
1.4673693566557573
1.4673693566557573
1.4673693566557573
1.4673693566557573
1.4673693566557573
1.4673693566557573
1.4673693566557573
1.4673693566557573
1.4673693566557573
1.4673693566557573
1.4673693566557573
1.4673693566557573
1.4673693566557573
1.4673693566557573
1.4673693566557573
1.4673693566557573
1.4673693566557573
1.4673693566557573
1.4673693566557573
1.4673693566557573
1.4673693566557573
1.4673693566557573
1.4673693566557573
1.4673693566557573
1.4673693566557573
1.4673693566557573
1.4673693566557573
1.4673693566557573
1.4673693566557573
1.4673693566557573
1.4673693566557573
1.4673693566557573
1.4673693566557573
1.4673693566557573
1.4673693566557573
1.4673693566557573
1.4673693566557573
1.4673693566557573
1.4673693566557573
1.4673693566557573
1.4673693566557573
1.4673693566557573
1.4673693566557573
1.4673693566557573
1.4673693566557573
1.4673693566557573
1.4673693566557573
1.4673693566557573
1.4673693566557573
1.4673693566557573
1.4673693566557573
1.4673693566557573
1.4673693566557573
1.4673693566557573
1.4673693566557573
1.4673693566557573
1.4673693566557573
1.4673693566557573
1.4673693566557573
1.4673693566557573
1.4673693566557573
1.4673693566557573
1.4673693566557573
1.4673693566557573
1.4673693566557573
1.4673693566557573
1.4673693566557573
1.4673693566557573
1.4673693566557573
1.4673693566557573
1.4673693566557573
1.4673693566557573
1.4673693566557573
1.4673693566557573
1.4673693566557573
1.4673693566557573
1.4673693566557573
1.4673693566557573
1.4673693566557573
1.4673693566557573
1.4673693566557573
1.4673693566557573
1.4673693566557573
1.4673693566557573
1.4673693566557573
1.4673693566557573
1.4673693566557573
1.4673693566557573
1.4673693566557573
