1.4655194250461288
1.4655194994911402
1.4655194994911402
1.4655194994911402
1.4656661584310580
1.4656662068014208
1.4656680188005573
1.4656680932455688
1.4656680943792491
1.4656680943792491
1.4656851196132636
1.4656851196132636
1.4656851196132636
1.4656851207469441
1.4656851207469441
1.4656851207469441
1.4656851207469441
1.4656852386497032
1.4656852386497032
1.4656851207469441
1.4656851207469441
1.4656851207469441
1.4656851407752973
1.4656852386497032
1.4656852386497032
1.4656852386497032
1.4656852386497032
1.4656852386497032
1.4656852386497032
1.4656852386497032
1.4656852386497032
1.4656852386497032
1.4656852386497032
1.4656852386497032
1.4656852386497032
1.4656852386497032
1.4656852386497032
1.4656852386497032
1.4656852386497032
1.4656852386497032
1.4656852386497032
1.4656852386497032
1.4656852386497032
1.4656852386497032
1.4656852386497032
1.4656852386497032
1.4656852386497032
1.4656852386497032
1.4656852386497032
1.4656852386497032
1.4656852386497032
1.4656852386497032
1.4656852386497032
1.4656852386497032
1.4656852386497032
1.4656852386497032
1.4656852386497032
1.4656852386497032
1.4656852386497032
1.4656852386497032
1.4656852386497032
1.4656852386497032
1.4656852386497032
1.4656852386497032
1.4656852386497032
1.4656852386497032
1.4656852386497032
1.4656852386497032
1.4656852386497032
1.4656852386497032
1.4656852386497032
1.4656852386497032
1.4656852386497032
1.4656852386497032
1.4656852386497032
1.4656852386497032
1.4656852386497032
1.4656852386497032
1.4656852386497032
1.4656852386497032
1.4656852386497032
1.4656852386497032
1.4656852386497032
1.4656852386497032
1.4656852386497032
1.4656852386497032
1.4656852386497032
1.4656852386497032
1.4656852386497032
1.4656852386497032
1.4656852386497032
1.4656852386497032
1.4656852386497032
1.4656852386497032
1.4656852386497032
1.4656852386497032
1.4656852386497032
1.4656852386497032
1.4656852386497032
1.4656852386497032
