1.4666894942962974
1.4666233778677398
1.4666233778677398
1.4666233778677398
1.4666233778677398
1.4666233778677398
1.4666233778677398
1.4666233778677398
1.4666233778677398
1.4666233778677398
1.4666233778677398
1.4666233778677398
1.4666233778677398
1.4666233778677398
1.4666233778677398
1.4666233778677398
1.4666233778677398
1.4666233778677398
1.4666233778677398
1.4666233778677398
1.4666233778677398
1.4666233778677398
1.4666233778677398
1.4666233778677398
1.4666233778677398
1.4666233778677398
1.4666233778677398
1.4666233778677398
1.4666233778677398
1.4666233778677398
1.4666233778677398
1.4666233778677398
1.4666233778677398
1.4666233778677398
1.4666233778677398
1.4666233778677398
1.4666233778677398
1.4666233778677398
1.4666233778677398
1.4666233778677398
1.4666233778677398
1.4666233778677398
1.4666233778677398
1.4666233778677398
1.4666233778677398
1.4666233778677398
1.4666233778677398
1.4666233778677398
1.4666233778677398
1.4666233778677398
1.4666233778677398
1.4666233778677398
1.4666233778677398
1.4666233778677398
1.4666233778677398
1.4666233778677398
1.4666233778677398
1.4666233778677398
1.4666233778677398
1.4666233778677398
1.4666233778677398
1.4666233778677398
1.4666233778677398
1.4666233778677398
1.4666233778677398
1.4666233778677398
1.4666233778677398
1.4666233778677398
1.4666233778677398
1.4666233778677398
1.4666233778677398
1.4666233778677398
1.4666233778677398
1.4666233778677398
1.4666233778677398
1.4666233778677398
1.4666233778677398
1.4666233778677398
1.4666233778677398
1.4666233778677398
1.4666233778677398
1.4666233778677398
1.4666233778677398
1.4666233778677398
1.4666233778677398
1.4666233778677398
1.4666233778677398
1.4666233778677398
1.4666233778677398
1.4666233778677398
1.4666233778677398
1.4666233778677398
1.4666233778677398
1.4666233778677398
1.4666233778677398
1.4666233778677398
1.4666233778677398
1.4666233778677398
1.4666233778677398
1.4666233778677398
