1.4520361627328606
1.5662489161011677
1.5682180928161427
1.8675392684990757
2.6786790257494530
3.4826425638286578
4.1466938739284114
4.1466938739284114
5.0933834507523841
5.1035528220268969
5.1125400817947888
5.9798696186126188
6.0590589131831605
6.0590589131831605
6.0590589131831605
6.4747710680349595
6.8604127011553473
6.8689225328707382
6.9223548080960073
6.9223548080960073


5.0933834507523841
5.1035528220268969
5.1125400817947888
5.1141858596267786
5.1328261921275740
6.0154726925022750
6.0562646766873076
6.0590589131831605
6.0590589131831605
6.4747710680349595
6.4747710680349595
6.8604127011553473
6.8604127011553473
6.8689225328707382
6.8689225328707382
6.9223548080960073
6.9223548080960073
6.9223548080960073
6.9223548080960073
8.1090778448566638


6.0562646766873076
6.0590589131831605
6.0590589131831605
6.0970088616573577
6.5046443555442170
6.8009560685675723
6.8604127011553473
6.8689225328707382
6.8689225328707382
6.8842874030867698
6.8881923775814577
6.9223548080960073
6.9223548080960073
6.9223548080960073
6.9223548080960073
6.9223548080960073
8.1090778448566638
8.1090778448566638
8.4419620258973751
9.1898144239098727


6.8689225328707382
6.8789384909617892
6.8842187349675266
6.8842874030867698
6.9148185959251576
6.9223548080960073
6.9223548080960073
6.9223548080960073
6.9224035398244945
8.1090778448566638
8.1090778448566638
8.1090778448566638
8.1090778448566638
8.1095865689350664
8.2345038453888257
8.4419620258973751
9.1898144239098727
9.1898144239098727
9.4280618715379241
10.4087637648084360


8.1090778448566638
8.1090778448566638
8.1090778448566638
8.2345038453888257
8.4419620258973751
8.4419620258973751
8.6308586684161277
8.9698161231726274
10.9440972435387390
9.1898144239098727
9.1898144239098727
9.1898144239098727
9.1898144239098727
9.1981416446235560
9.4280600187492976
9.4280618715379241
9.4746890205375003
10.4087653765218350
10.4087637648084360
10.4087637648084360


8.9698161231726274
10.9565111108997330
10.9440972435387390
10.9387994922645490
9.1891415582783313
9.1898144239098727
9.1898144239098727
9.1898144239098727
9.2057510795808355
9.4280600187492976
9.4280600187492976
9.4280618715379241
9.4280618715379241
9.4362009789704864
9.4746890205375003
10.4106407317540470
10.4087653765218350
10.4087637648084360
10.4087637648084360
10.4087637648084360


9.1900475396917187
9.1981421380112227
9.4278228646825930
9.4280600187492976
9.4280618715379241
9.4282214431626716
9.4746890205375003
9.4746890205375003
10.4106407317540470
10.4106407317540470
10.4087653765218350
10.4087637648084360
10.4087637648084360
10.4087637648084360
10.4087637648084360
10.4087637648084360
10.2814293904528500
9.7187312220674329
10.1012778631523150
9.9567225188759032


9.4401626996676171
9.4616461187802159
9.4746890205375003
9.5059941106928996
10.4270770092718270
10.4117013640639730
10.4106407317540470
10.4087708701689600
10.4087637648084360
10.4087637648084360
10.4087637648084360
10.4087637648084360
10.3987026891429300
10.3453692684976450
10.2814293904528500
9.7187312220674329
10.1012778631523150
10.1012698946550630
9.9567225188759032
9.9567225188759032


10.4270582121237880
10.4153047067059850
10.4117013640639730
10.4117013640639730
10.4087825193131490
10.4087637648084360
10.4051634410035710
10.3987026891429300
10.3883089838440500
10.3453692684976450
10.3398105543684140
10.3368987876271120
10.2814293904528500
9.7187312220674329
10.1012778631523150
10.1012698946550630
10.0522487986520590
9.9567225188759032
9.9567225188759032
9.9567225188759032


10.4087825193131490
10.4087825193131490
10.4087637648084360
10.3986872185749100
10.3883089838440500
10.3532413829514840
10.3398105543684140
10.3333314251284510
10.3333314251284510
10.2814293904528500
9.7187312220674329
10.2142206474357790
10.1012778631523150
10.1012698946550630
10.0522492131620500
10.0522487986520590
9.9567225188759032
9.9567225188759032
9.9567225188759032
9.9567225188759032


10.3883089838440500
10.3648268682822740
10.3648259226405770
10.3532413829514840
10.3532413829514840
10.3369284073148470
10.3333314251284510
9.7078510815945744
9.7374864106510586
10.1012778631523150
10.1012698946550630
10.0522492131620500
10.0522492131620500
10.0522487986520590
9.9567225188759032
9.9567225188759032
9.9567225188759032
9.9567225188759032
9.9567225188759032
9.9567225188759032


10.3549149203809100
10.3532413829514840
10.3532413829514840
10.3369284073148470
10.3369284073148470
9.7079703111124829
9.7374864106510586
10.0833267975416710
10.0573685829249870
10.0522492131620500
10.0522487986520590
9.9567225188759032
9.9567225188759032
9.9567225188759032
9.9567225188759032
9.9567225188759032
9.9567225188759032
9.9567225188759032
9.9567225188759032
9.9567225188759032


9.7079703111124829
10.2814298272662100
9.7186367509734879
10.2801787089018570
10.2140438990840110
10.0994023666886580
10.0573685829249870
10.0473373478919650
9.9567225188759032
9.9567225188759032
9.9567225188759032
9.9567225188759032
9.9567225188759032
9.9567225188759032
9.9567225188759032
9.9567225188759032
9.9567225188759032
9.9567225188759032
9.9567225188759032
10.0410156969937710


10.2140438990840110
10.2092899776494960
10.1059364802135130
10.0994023666886580
9.9520361682478420
10.0473373478919650
9.9567225188759032
9.9567225188759032
9.9567225188759032
9.9567225188759032
9.9567225188759032
9.9567225188759032
9.9567225188759032
9.9567225188759032
9.9567225188759032
9.9567225188759032
9.9567225188759032
10.0410156969937710
9.9613629855013617
9.9700736312669829


10.0994023666886580
10.0537710437630670
9.9520361682478420
9.9520367009480033
9.9521411272575602
9.9521475167190427
10.0473373478919650
9.9567219858540419
9.9567225188759032
9.9567225188759032
9.9567225188759032
9.9567225188759032
9.9567225188759032
9.9567225188759032
9.9572764009492847
10.0410156969937710
10.0409023619550640
9.9613629855013617
9.9613629855013617
9.9700736312669829


9.9520367009480033
9.9521411272575602
9.9521411272575602
9.9521475167190427
9.9521475167190427
9.9567225188759032
9.9567225188759032
9.9567225188759032
9.9567225188759032
9.9567225188759032
9.9567225188759032
9.9569954295629888
9.9572764009492847
10.0410156969937710
10.0409023619550640
9.9613629855013617
9.9613629855013617
9.9613629855013617
9.9616440770323962
9.9700736312669829


9.9521475167190427
9.9521475167190427
9.9567225188759032
9.9567225188759032
9.9567225188759032
9.9567225188759032
9.9567225188759032
9.9567225188759032
9.9569954295629888
9.9569954295629888
9.9572764009492847
10.0411142907959480
10.0409023619550640
9.9610899589307582
9.9613629855013617
9.9613629855013617
9.9613629855013617
9.9616440770323962
9.9616440770323962
9.9700736312669829


9.9567225188759032
9.9567225188759032
9.9567225188759032
9.9567225188759032
9.9567225188759032
9.9567225188759032
9.9569954295629888
9.9569954295629888
9.9572769339999070
10.0411142907959480
10.0409023619550640
9.9613629855013617
9.9613629855013617
9.9613629855013617
9.9613629855013617
9.9616440770323962
9.9616440770323962
9.9616440770323962
9.9616440770323962
9.9700736312669829


9.9567225188759032
9.9567225188759032
9.9567225188759032
9.9567225188759032
9.9567225188759032
9.9569954295629888
9.9572769339999070
10.0411142907959480
9.9613629855013617
9.9613629855013617
9.9613629855013617
9.9613629855013617
9.9613629855013617
9.9616440770323962
9.9616440770323962
9.9616440770323962
9.9616440770323962
9.9616440770323962
9.9616440770323962
9.9700736312669829


9.9567225188759032
9.9567225188759032
9.9567225188759032
9.9569954295629888
9.9569954295629888
9.9613629855013617
9.9613629855013617
9.9613629855013617
9.9613629855013617
9.9613629855013617
9.9613629855013617
9.9616440770323962
9.9616440770323962
9.9616440770323962
9.9616440770323962
9.9616440770323962
9.9616440770323962
9.9616440770323962
9.9616440770323962
9.9700736312669829


9.9569954295629888
9.9569954295629888
9.9613629855013617
9.9613629855013617
9.9613629855013617
9.9613629855013617
9.9613629855013617
9.9613629855013617
9.9616440770323962
9.9616440770323962
9.9616440770323962
9.9616440770323962
9.9616440770323962
9.9616440770323962
9.9616440770323962
9.9616440770323962
9.9616440770323962
9.9616440770323962
9.9616440770323962
9.9700736312669829


9.9613629855013617
9.9613629855013617
9.9613629855013617
9.9613629855013617
9.9613629855013617
9.9616440770323962
9.9616440770323962
9.9616440770323962
9.9616440770323962
9.9616440770323962
9.9616440770323962
9.9616440770323962
9.9616440770323962
9.9616440770323962
9.9616440770323962
9.9616440770323962
9.9616440770323962
9.9619171183564106
9.9619176516482995
9.9700736312669829


9.9613629855013617
9.9613629855013617
9.9616440770323962
9.9616440770323962
9.9616440770323962
9.9616440770323962
9.9616440770323962
9.9616440770323962
9.9616440770323962
9.9616440770323962
9.9616440770323962
9.9616440770323962
9.9616440770323962
9.9616446103092997
9.9619171183564106
9.9619171183564106
9.9619176516482995
9.9619176516482995
9.9619176516482995
9.9700736312669829


9.9616440770323962
9.9616440770323962
9.9616440770323962
9.9616440770323962
9.9616440770323962
9.9616440770323962
9.9616440770323962
9.9616440770323962
9.9616440770323962
9.9616440770323962
9.9616446103092997
9.9619171183564106
9.9619171183564106
9.9619171183564106
9.9619176516482995
9.9619176516482995
9.9619176516482995
9.9619176516482995
9.9619176516482995
9.9700736312669829


9.9616440770323962
9.9616440770323962
9.9616440770323962
9.9616440770323962
9.9616440770323962
9.9616440770323962
9.9616440770323962
9.9616440770323962
9.9619171183564106
9.9619171183564106
9.9619171183564106
9.9619176516482995
9.9619176516482995
9.9619176516482995
9.9619176516482995
9.9619176516482995
9.9619176516482995
9.9619176516482995
9.9619176516482995
9.9700736312669829


9.9616440770323962
9.9616440770323962
9.9616440770323962
9.9616440770323962
9.9616440770323962
9.9619171183564106
9.9619171183564106
9.9619171183564106
9.9619176516482995
9.9619176516482995
9.9619176516482995
9.9619176516482995
9.9619176516482995
9.9619176516482995
9.9619176516482995
9.9619176516482995
9.9619176516482995
9.9619176516482995
9.9619176516482995
9.9700736312669829


9.9616440770323962
9.9616440770323962
9.9619171183564106
9.9619171183564106
9.9619171183564106
9.9619176516482995
9.9619176516482995
9.9619176516482995
9.9619176516482995
9.9619176516482995
9.9619176516482995
9.9619176516482995
9.9619176516482995
9.9619176516482995
9.9619176516482995
9.9619176516482995
9.9619176516482995
9.9619176516482995
9.9619176516482995
9.9700736312669829


9.9619171183564106
9.9619171183564106
9.9619171183564106
9.9619176516482995
9.9619176516482995
9.9619176516482995
9.9619176516482995
9.9619176516482995
9.9619176516482995
9.9619176516482995
9.9619176516482995
9.9619176516482995
9.9619176516482995
9.9619176516482995
9.9619176516482995
9.9619176516482995
9.9619176516482995
9.9619176516482995
9.9619176516482995
9.9700736312669829


9.9619176516482995
9.9619176516482995
9.9619176516482995
9.9619176516482995
9.9619176516482995
9.9619176516482995
9.9619176516482995
9.9619176516482995
9.9619176516482995
9.9619176516482995
9.9619176516482995
9.9619176516482995
9.9619176516482995
9.9619176516482995
9.9619176516482995
9.9619176516482995
9.9619176516482995
9.9619176516482995
9.9619176516482995
9.9700736312669829


9.9619176516482995
9.9619176516482995
9.9619176516482995
9.9619176516482995
9.9619176516482995
9.9619176516482995
9.9619176516482995
9.9619176516482995
9.9619176516482995
9.9619176516482995
9.9619176516482995
9.9619176516482995
9.9619176516482995
9.9619176516482995
9.9619176516482995
9.9619176516482995
9.9619176516482995
9.9619176516482995
9.9619176516482995
9.9700736312669829


9.9619176516482995
9.9619176516482995
9.9619176516482995
9.9619176516482995
9.9619176516482995
9.9619176516482995
9.9619176516482995
9.9619176516482995
9.9619176516482995
9.9619176516482995
9.9619176516482995
9.9619176516482995
9.9619176516482995
9.9619176516482995
9.9619176516482995
9.9619176516482995
9.9619176516482995
9.9619176516482995
9.9619176516482995
9.9700736312669829


9.9619176516482995
9.9619176516482995
9.9619176516482995
9.9619176516482995
9.9619176516482995
9.9619176516482995
9.9619176516482995
9.9619176516482995
9.9619176516482995
9.9619176516482995
9.9619176516482995
9.9619176516482995
9.9619176516482995
9.9619176516482995
9.9619176516482995
9.9619176516482995
9.9619176516482995
9.9619176516482995
9.9619176516482995
9.9700736312669829


9.9619176516482995
9.9619176516482995
9.9619176516482995
9.9619176516482995
9.9619176516482995
9.9619176516482995
9.9619176516482995
9.9619176516482995
9.9619176516482995
9.9619176516482995
9.9619176516482995
9.9619176516482995
9.9619176516482995
9.9619176516482995
9.9619176516482995
9.9619176516482995
9.9619176516482995
9.9619176516482995
9.9619176516482995
9.9700736312669829


9.9619176516482995
9.9619176516482995
9.9619176516482995
9.9619176516482995
9.9619176516482995
9.9619176516482995
9.9619176516482995
9.9619176516482995
9.9619176516482995
9.9619176516482995
9.9619176516482995
9.9619176516482995
9.9619176516482995
9.9619176516482995
9.9619176516482995
9.9619176516482995
9.9619176516482995
9.9619176516482995
9.9619176516482995
9.9700736312669829


9.9619176516482995
9.9619176516482995
9.9619176516482995
9.9619176516482995
9.9619176516482995
9.9619176516482995
9.9619176516482995
9.9619176516482995
9.9619176516482995
9.9619176516482995
9.9619176516482995
9.9619176516482995
9.9619176516482995
9.9619176516482995
9.9619176516482995
9.9619176516482995
9.9619176516482995
9.9619176516482995
9.9619176516482995
9.9700736312669829


9.9619176516482995
9.9619176516482995
9.9619176516482995
9.9619176516482995
9.9619176516482995
9.9619176516482995
9.9619176516482995
9.9619176516482995
9.9619176516482995
9.9619176516482995
9.9619176516482995
9.9619176516482995
9.9619176516482995
9.9619176516482995
9.9619176516482995
9.9619176516482995
9.9619176516482995
9.9619176516482995
9.9619176516482995
9.9700736312669829


9.9619176516482995
9.9619176516482995
9.9619176516482995
9.9619176516482995
9.9619176516482995
9.9619176516482995
9.9619176516482995
9.9619176516482995
9.9619176516482995
9.9619176516482995
9.9619176516482995
9.9619176516482995
9.9619176516482995
9.9619176516482995
9.9619176516482995
9.9619176516482995
9.9619176516482995
9.9619176516482995
9.9619176516482995
9.9700736312669829


9.9619176516482995
9.9619176516482995
9.9619176516482995
9.9619176516482995
9.9619176516482995
9.9619176516482995
9.9619176516482995
9.9619176516482995
9.9619176516482995
9.9619176516482995
9.9619176516482995
9.9619176516482995
9.9619176516482995
9.9619176516482995
9.9619176516482995
9.9619176516482995
9.9619176516482995
9.9619176516482995
9.9619176516482995
9.9700736312669829


9.9619176516482995
9.9619176516482995
9.9619176516482995
9.9619176516482995
9.9619176516482995
9.9619176516482995
9.9619176516482995
9.9619176516482995
9.9619176516482995
9.9619176516482995
9.9619176516482995
9.9619176516482995
9.9619176516482995
9.9619176516482995
9.9619176516482995
9.9619176516482995
9.9619176516482995
9.9619176516482995
9.9619176516482995
9.9700736312669829


9.9619176516482995
9.9619176516482995
9.9619176516482995
9.9619176516482995
9.9619176516482995
9.9619176516482995
9.9619176516482995
9.9619176516482995
9.9619176516482995
9.9619176516482995
9.9619176516482995
9.9619176516482995
9.9619176516482995
9.9619176516482995
9.9619176516482995
9.9619176516482995
9.9619176516482995
9.9619176516482995
9.9619176516482995
9.9700736312669829


9.9619176516482995
9.9619176516482995
9.9619176516482995
9.9619176516482995
9.9619176516482995
9.9619176516482995
9.9619176516482995
9.9619176516482995
9.9619176516482995
9.9619176516482995
9.9619176516482995
9.9619176516482995
9.9619176516482995
9.9619176516482995
9.9619176516482995
9.9619176516482995
9.9619176516482995
9.9619176516482995
9.9619176516482995
9.9700736312669829


9.9619176516482995
9.9619176516482995
9.9619176516482995
9.9619176516482995
9.9619176516482995
9.9619176516482995
9.9619176516482995
9.9619176516482995
9.9619176516482995
9.9619176516482995
9.9619176516482995
9.9619176516482995
9.9619176516482995
9.9619176516482995
9.9619176516482995
9.9619176516482995
9.9619176516482995
9.9619176516482995
9.9619176516482995
9.9700736312669829


9.9619176516482995
9.9619176516482995
9.9619176516482995
9.9619176516482995
9.9619176516482995
9.9619176516482995
9.9619176516482995
9.9619176516482995
9.9619176516482995
9.9619176516482995
9.9619176516482995
9.9619176516482995
9.9619176516482995
9.9619176516482995
9.9619176516482995
9.9619176516482995
9.9619176516482995
9.9619176516482995
9.9619176516482995
9.9700736312669829


9.9619176516482995
9.9619176516482995
9.9619176516482995
9.9619176516482995
9.9619176516482995
9.9619176516482995
9.9619176516482995
9.9619176516482995
9.9619176516482995
9.9619176516482995
9.9619176516482995
9.9619176516482995
9.9619176516482995
9.9619176516482995
9.9619176516482995
9.9619176516482995
9.9619176516482995
9.9619176516482995
9.9619176516482995
9.9700736312669829


9.9619176516482995
9.9619176516482995
9.9619176516482995
9.9619176516482995
9.9619176516482995
9.9619176516482995
9.9619176516482995
9.9619176516482995
9.9619176516482995
9.9619176516482995
9.9619176516482995
9.9619176516482995
9.9619176516482995
9.9619176516482995
9.9619176516482995
9.9619176516482995
9.9619176516482995
9.9619176516482995
9.9619176516482995
9.9700736312669829


9.9619176516482995
9.9619176516482995
9.9619176516482995
9.9619176516482995
9.9619176516482995
9.9619176516482995
9.9619176516482995
9.9619176516482995
9.9619176516482995
9.9619176516482995
9.9619176516482995
9.9619176516482995
9.9619176516482995
9.9619176516482995
9.9619176516482995
9.9619176516482995
9.9619176516482995
9.9619176516482995
9.9619176516482995
9.9700736312669829


9.9619176516482995
9.9619176516482995
9.9619176516482995
9.9619176516482995
9.9619176516482995
9.9619176516482995
9.9619176516482995
9.9619176516482995
9.9619176516482995
9.9619176516482995
9.9619176516482995
9.9619176516482995
9.9619176516482995
9.9619176516482995
9.9619176516482995
9.9619176516482995
9.9619176516482995
9.9619176516482995
9.9619176516482995
9.9700736312669829


9.9619176516482995
9.9619176516482995
9.9619176516482995
9.9619176516482995
9.9619176516482995
9.9619176516482995
9.9619176516482995
9.9619176516482995
9.9619176516482995
9.9619176516482995
9.9619176516482995
9.9619176516482995
9.9619176516482995
9.9619176516482995
9.9619176516482995
9.9619176516482995
9.9619176516482995
9.9619176516482995
9.9619176516482995
9.9700736312669829


9.9619176516482995
9.9619176516482995
9.9619176516482995
9.9619176516482995
9.9619176516482995
9.9619176516482995
9.9619176516482995
9.9619176516482995
9.9619176516482995
9.9619176516482995
9.9619176516482995
9.9619176516482995
9.9619176516482995
9.9619176516482995
9.9619176516482995
9.9619176516482995
9.9619176516482995
9.9619176516482995
9.9619176516482995
9.9700736312669829


9.9619176516482995
9.9619176516482995
9.9619176516482995
9.9619176516482995
9.9619176516482995
9.9619176516482995
9.9619176516482995
9.9619176516482995
9.9619176516482995
9.9619176516482995
9.9619176516482995
9.9619176516482995
9.9619176516482995
9.9619176516482995
9.9619176516482995
9.9619176516482995
9.9619176516482995
9.9619176516482995
9.9619176516482995
9.9700736312669829


9.9619176516482995
9.9619176516482995
9.9619176516482995
9.9619176516482995
9.9619176516482995
9.9619176516482995
9.9619176516482995
9.9619176516482995
9.9619176516482995
9.9619176516482995
9.9619176516482995
9.9619176516482995
9.9619176516482995
9.9619176516482995
9.9619176516482995
9.9619176516482995
9.9619176516482995
9.9619176516482995
9.9619176516482995
9.9700736312669829


9.9619176516482995
9.9619176516482995
9.9619176516482995
9.9619176516482995
9.9619176516482995
9.9619176516482995
9.9619176516482995
9.9619176516482995
9.9619176516482995
9.9619176516482995
9.9619176516482995
9.9619176516482995
9.9619176516482995
9.9619176516482995
9.9619176516482995
9.9619176516482995
9.9619176516482995
9.9619176516482995
9.9619176516482995
9.9700736312669829


9.9619176516482995
9.9619176516482995
9.9619176516482995
9.9619176516482995
9.9619176516482995
9.9619176516482995
9.9619176516482995
9.9619176516482995
9.9619176516482995
9.9619176516482995
9.9619176516482995
9.9619176516482995
9.9619176516482995
9.9619176516482995
9.9619176516482995
9.9619176516482995
9.9619176516482995
9.9619176516482995
9.9619176516482995
9.9700736312669829


9.9619176516482995
9.9619176516482995
9.9619176516482995
9.9619176516482995
9.9619176516482995
9.9619176516482995
9.9619176516482995
9.9619176516482995
9.9619176516482995
9.9619176516482995
9.9619176516482995
9.9619176516482995
9.9619176516482995
9.9619176516482995
9.9619176516482995
9.9619176516482995
9.9619176516482995
9.9619176516482995
9.9619176516482995
9.9700736312669829


9.9619176516482995
9.9619176516482995
9.9619176516482995
9.9619176516482995
9.9619176516482995
9.9619176516482995
9.9619176516482995
9.9619176516482995
9.9619176516482995
9.9619176516482995
9.9619176516482995
9.9619176516482995
9.9619176516482995
9.9619176516482995
9.9619176516482995
9.9619176516482995
9.9619176516482995
9.9619176516482995
9.9619176516482995
9.9700736312669829


9.9619176516482995
9.9619176516482995
9.9619176516482995
9.9619176516482995
9.9619176516482995
9.9619176516482995
9.9619176516482995
9.9619176516482995
9.9619176516482995
9.9619176516482995
9.9619176516482995
9.9619176516482995
9.9619176516482995
9.9619176516482995
9.9619176516482995
9.9619176516482995
9.9619176516482995
9.9619176516482995
9.9619176516482995
9.9700736312669829


9.9619176516482995
9.9619176516482995
9.9619176516482995
9.9619176516482995
9.9619176516482995
9.9619176516482995
9.9619176516482995
9.9619176516482995
9.9619176516482995
9.9619176516482995
9.9619176516482995
9.9619176516482995
9.9619176516482995
9.9619176516482995
9.9619176516482995
9.9619176516482995
9.9619176516482995
9.9619176516482995
9.9619176516482995
9.9700736312669829


9.9619176516482995
9.9619176516482995
9.9619176516482995
9.9619176516482995
9.9619176516482995
9.9619176516482995
9.9619176516482995
9.9619176516482995
9.9619176516482995
9.9619176516482995
9.9619176516482995
9.9619176516482995
9.9619176516482995
9.9619176516482995
9.9619176516482995
9.9619176516482995
9.9619176516482995
9.9619176516482995
9.9619176516482995
9.9700736312669829


9.9619176516482995
9.9619176516482995
9.9619176516482995
9.9619176516482995
9.9619176516482995
9.9619176516482995
9.9619176516482995
9.9619176516482995
9.9619176516482995
9.9619176516482995
9.9619176516482995
9.9619176516482995
9.9619176516482995
9.9619176516482995
9.9619176516482995
9.9619176516482995
9.9619176516482995
9.9619176516482995
9.9619176516482995
9.9700736312669829


9.9619176516482995
9.9619176516482995
9.9619176516482995
9.9619176516482995
9.9619176516482995
9.9619176516482995
9.9619176516482995
9.9619176516482995
9.9619176516482995
9.9619176516482995
9.9619176516482995
9.9619176516482995
9.9619176516482995
9.9619176516482995
9.9619176516482995
9.9619176516482995
9.9619176516482995
9.9619176516482995
9.9619176516482995
9.9700736312669829


9.9619176516482995
9.9619176516482995
9.9619176516482995
9.9619176516482995
9.9619176516482995
9.9619176516482995
9.9619176516482995
9.9619176516482995
9.9619176516482995
9.9619176516482995
9.9619176516482995
9.9619176516482995
9.9619176516482995
9.9619176516482995
9.9619176516482995
9.9619176516482995
9.9619176516482995
9.9619176516482995
9.9619176516482995
9.9700736312669829


9.9619176516482995
9.9619176516482995
9.9619176516482995
9.9619176516482995
9.9619176516482995
9.9619176516482995
9.9619176516482995
9.9619176516482995
9.9619176516482995
9.9619176516482995
9.9619176516482995
9.9619176516482995
9.9619176516482995
9.9619176516482995
9.9619176516482995
9.9619176516482995
9.9619176516482995
9.9619176516482995
9.9619176516482995
9.9700736312669829


9.9619176516482995
9.9619176516482995
9.9619176516482995
9.9619176516482995
9.9619176516482995
9.9619176516482995
9.9619176516482995
9.9619176516482995
9.9619176516482995
9.9619176516482995
9.9619176516482995
9.9619176516482995
9.9619176516482995
9.9619176516482995
9.9619176516482995
9.9619176516482995
9.9619176516482995
9.9619176516482995
9.9619176516482995
9.9700736312669829


9.9619176516482995
9.9619176516482995
9.9619176516482995
9.9619176516482995
9.9619176516482995
9.9619176516482995
9.9619176516482995
9.9619176516482995
9.9619176516482995
9.9619176516482995
9.9619176516482995
9.9619176516482995
9.9619176516482995
9.9619176516482995
9.9619176516482995
9.9619176516482995
9.9619176516482995
9.9619176516482995
9.9619176516482995
9.9700736312669829


9.9619176516482995
9.9619176516482995
9.9619176516482995
9.9619176516482995
9.9619176516482995
9.9619176516482995
9.9619176516482995
9.9619176516482995
9.9619176516482995
9.9619176516482995
9.9619176516482995
9.9619176516482995
9.9619176516482995
9.9619176516482995
9.9619176516482995
9.9619176516482995
9.9619176516482995
9.9619176516482995
9.9619176516482995
9.9700736312669829


9.9619176516482995
9.9619176516482995
9.9619176516482995
9.9619176516482995
9.9619176516482995
9.9619176516482995
9.9619176516482995
9.9619176516482995
9.9619176516482995
9.9619176516482995
9.9619176516482995
9.9619176516482995
9.9619176516482995
9.9619176516482995
9.9619176516482995
9.9619176516482995
9.9619176516482995
9.9619176516482995
9.9619176516482995
9.9700736312669829


9.9619176516482995
9.9619176516482995
9.9619176516482995
9.9619176516482995
9.9619176516482995
9.9619176516482995
9.9619176516482995
9.9619176516482995
9.9619176516482995
9.9619176516482995
9.9619176516482995
9.9619176516482995
9.9619176516482995
9.9619176516482995
9.9619176516482995
9.9619176516482995
9.9619176516482995
9.9619176516482995
9.9619176516482995
9.9700736312669829


9.9619176516482995
9.9619176516482995
9.9619176516482995
9.9619176516482995
9.9619176516482995
9.9619176516482995
9.9619176516482995
9.9619176516482995
9.9619176516482995
9.9619176516482995
9.9619176516482995
9.9619176516482995
9.9619176516482995
9.9619176516482995
9.9619176516482995
9.9619176516482995
9.9619176516482995
9.9619176516482995
9.9619176516482995
9.9700736312669829


9.9619176516482995
9.9619176516482995
9.9619176516482995
9.9619176516482995
9.9619176516482995
9.9619176516482995
9.9619176516482995
9.9619176516482995
9.9619176516482995
9.9619176516482995
9.9619176516482995
9.9619176516482995
9.9619176516482995
9.9619176516482995
9.9619176516482995
9.9619176516482995
9.9619176516482995
9.9619176516482995
9.9619176516482995
9.9700736312669829


9.9619176516482995
9.9619176516482995
9.9619176516482995
9.9619176516482995
9.9619176516482995
9.9619176516482995
9.9619176516482995
9.9619176516482995
9.9619176516482995
9.9619176516482995
9.9619176516482995
9.9619176516482995
9.9619176516482995
9.9619176516482995
9.9619176516482995
9.9619176516482995
9.9619176516482995
9.9619176516482995
9.9619176516482995
9.9700736312669829


9.9619176516482995
9.9619176516482995
9.9619176516482995
9.9619176516482995
9.9619176516482995
9.9619176516482995
9.9619176516482995
9.9619176516482995
9.9619176516482995
9.9619176516482995
9.9619176516482995
9.9619176516482995
9.9619176516482995
9.9619176516482995
9.9619176516482995
9.9619176516482995
9.9619176516482995
9.9619176516482995
9.9619176516482995
9.9700736312669829


9.9619176516482995
9.9619176516482995
9.9619176516482995
9.9619176516482995
9.9619176516482995
9.9619176516482995
9.9619176516482995
9.9619176516482995
9.9619176516482995
9.9619176516482995
9.9619176516482995
9.9619176516482995
9.9619176516482995
9.9619176516482995
9.9619176516482995
9.9619176516482995
9.9619176516482995
9.9619176516482995
9.9619176516482995
9.9700736312669829


9.9619176516482995
9.9619176516482995
9.9619176516482995
9.9619176516482995
9.9619176516482995
9.9619176516482995
9.9619176516482995
9.9619176516482995
9.9619176516482995
9.9619176516482995
9.9619176516482995
9.9619176516482995
9.9619176516482995
9.9619176516482995
9.9619176516482995
9.9619176516482995
9.9619176516482995
9.9619176516482995
9.9619176516482995
9.9700736312669829


9.9619176516482995
9.9619176516482995
9.9619176516482995
9.9619176516482995
9.9619176516482995
9.9619176516482995
9.9619176516482995
9.9619176516482995
9.9619176516482995
9.9619176516482995
9.9619176516482995
9.9619176516482995
9.9619176516482995
9.9619176516482995
9.9619176516482995
9.9619176516482995
9.9619176516482995
9.9619176516482995
9.9619176516482995
9.9700736312669829


9.9619176516482995
9.9619176516482995
9.9619176516482995
9.9619176516482995
9.9619176516482995
9.9619176516482995
9.9619176516482995
9.9619176516482995
9.9619176516482995
9.9619176516482995
9.9619176516482995
9.9619176516482995
9.9619176516482995
9.9619176516482995
9.9619176516482995
9.9619176516482995
9.9619176516482995
9.9619176516482995
9.9619176516482995
9.9700736312669829


9.9619176516482995
9.9619176516482995
9.9619176516482995
9.9619176516482995
9.9619176516482995
9.9619176516482995
9.9619176516482995
9.9619176516482995
9.9619176516482995
9.9619176516482995
9.9619176516482995
9.9619176516482995
9.9619176516482995
9.9619176516482995
9.9619176516482995
9.9619176516482995
9.9619176516482995
9.9619176516482995
9.9619176516482995
9.9700736312669829


9.9619176516482995
9.9619176516482995
9.9619176516482995
9.9619176516482995
9.9619176516482995
9.9619176516482995
9.9619176516482995
9.9619176516482995
9.9619176516482995
9.9619176516482995
9.9619176516482995
9.9619176516482995
9.9619176516482995
9.9619176516482995
9.9619176516482995
9.9619176516482995
9.9619176516482995
9.9619176516482995
9.9619176516482995
9.9700736312669829


9.9619176516482995
9.9619176516482995
9.9619176516482995
9.9619176516482995
9.9619176516482995
9.9619176516482995
9.9619176516482995
9.9619176516482995
9.9619176516482995
9.9619176516482995
9.9619176516482995
9.9619176516482995
9.9619176516482995
9.9619176516482995
9.9619176516482995
9.9619176516482995
9.9619176516482995
9.9619176516482995
9.9619176516482995
9.9700736312669829


9.9619176516482995
9.9619176516482995
9.9619176516482995
9.9619176516482995
9.9619176516482995
9.9619176516482995
9.9619176516482995
9.9619176516482995
9.9619176516482995
9.9619176516482995
9.9619176516482995
9.9619176516482995
9.9619176516482995
9.9619176516482995
9.9619176516482995
9.9619176516482995
9.9619176516482995
9.9619176516482995
9.9619176516482995
9.9700736312669829


9.9619176516482995
9.9619176516482995
9.9619176516482995
9.9619176516482995
9.9619176516482995
9.9619176516482995
9.9619176516482995
9.9619176516482995
9.9619176516482995
9.9619176516482995
9.9619176516482995
9.9619176516482995
9.9619176516482995
9.9619176516482995
9.9619176516482995
9.9619176516482995
9.9619176516482995
9.9619176516482995
9.9619176516482995
9.9700736312669829


9.9619176516482995
9.9619176516482995
9.9619176516482995
9.9619176516482995
9.9619176516482995
9.9619176516482995
9.9619176516482995
9.9619176516482995
9.9619176516482995
9.9619176516482995
9.9619176516482995
9.9619176516482995
9.9619176516482995
9.9619176516482995
9.9619176516482995
9.9619176516482995
9.9619176516482995
9.9619176516482995
9.9619176516482995
9.9700736312669829


9.9619176516482995
9.9619176516482995
9.9619176516482995
9.9619176516482995
9.9619176516482995
9.9619176516482995
9.9619176516482995
9.9619176516482995
9.9619176516482995
9.9619176516482995
9.9619176516482995
9.9619176516482995
9.9619176516482995
9.9619176516482995
9.9619176516482995
9.9619176516482995
9.9619176516482995
9.9619176516482995
9.9619176516482995
9.9700736312669829


9.9619176516482995
9.9619176516482995
9.9619176516482995
9.9619176516482995
9.9619176516482995
9.9619176516482995
9.9619176516482995
9.9619176516482995
9.9619176516482995
9.9619176516482995
9.9619176516482995
9.9619176516482995
9.9619176516482995
9.9619176516482995
9.9619176516482995
9.9619176516482995
9.9619176516482995
9.9619176516482995
9.9619176516482995
9.9700736312669829


9.9619176516482995
9.9619176516482995
9.9619176516482995
9.9619176516482995
9.9619176516482995
9.9619176516482995
9.9619176516482995
9.9619176516482995
9.9619176516482995
9.9619176516482995
9.9619176516482995
9.9619176516482995
9.9619176516482995
9.9619176516482995
9.9619176516482995
9.9619176516482995
9.9619176516482995
9.9619176516482995
9.9619176516482995
9.9700736312669829


9.9619176516482995
9.9619176516482995
9.9619176516482995
9.9619176516482995
9.9619176516482995
9.9619176516482995
9.9619176516482995
9.9619176516482995
9.9619176516482995
9.9619176516482995
9.9619176516482995
9.9619176516482995
9.9619176516482995
9.9619176516482995
9.9619176516482995
9.9619176516482995
9.9619176516482995
9.9619176516482995
9.9619176516482995
9.9700736312669829


9.9619176516482995
9.9619176516482995
9.9619176516482995
9.9619176516482995
9.9619176516482995
9.9619176516482995
9.9619176516482995
9.9619176516482995
9.9619176516482995
9.9619176516482995
9.9619176516482995
9.9619176516482995
9.9619176516482995
9.9619176516482995
9.9619176516482995
9.9619176516482995
9.9619176516482995
9.9619176516482995
9.9619176516482995
9.9700736312669829


9.9619176516482995
9.9619176516482995
9.9619176516482995
9.9619176516482995
9.9619176516482995
9.9619176516482995
9.9619176516482995
9.9619176516482995
9.9619176516482995
9.9619176516482995
9.9619176516482995
9.9619176516482995
9.9619176516482995
9.9619176516482995
9.9619176516482995
9.9619176516482995
9.9619176516482995
9.9619176516482995
9.9619176516482995
9.9700736312669829


9.9619176516482995
9.9619176516482995
9.9619176516482995
9.9619176516482995
9.9619176516482995
9.9619176516482995
9.9619176516482995
9.9619176516482995
9.9619176516482995
9.9619176516482995
9.9619176516482995
9.9619176516482995
9.9619176516482995
9.9619176516482995
9.9619176516482995
9.9619176516482995
9.9619176516482995
9.9619176516482995
9.9619176516482995
9.9700736312669829


9.9619176516482995
9.9619176516482995
9.9619176516482995
9.9619176516482995
9.9619176516482995
9.9619176516482995
9.9619176516482995
9.9619176516482995
9.9619176516482995
9.9619176516482995
9.9619176516482995
9.9619176516482995
9.9619176516482995
9.9619176516482995
9.9619176516482995
9.9619176516482995
9.9619176516482995
9.9619176516482995
9.9619176516482995
9.9700736312669829


9.9619176516482995
9.9619176516482995
9.9619176516482995
9.9619176516482995
9.9619176516482995
9.9619176516482995
9.9619176516482995
9.9619176516482995
9.9619176516482995
9.9619176516482995
9.9619176516482995
9.9619176516482995
9.9619176516482995
9.9619176516482995
9.9619176516482995
9.9619176516482995
9.9619176516482995
9.9619176516482995
9.9619176516482995
9.9700736312669829


9.9619176516482995
9.9619176516482995
9.9619176516482995
9.9619176516482995
9.9619176516482995
9.9619176516482995
9.9619176516482995
9.9619176516482995
9.9619176516482995
9.9619176516482995
9.9619176516482995
9.9619176516482995
9.9619176516482995
9.9619176516482995
9.9619176516482995
9.9619176516482995
9.9619176516482995
9.9619176516482995
9.9619176516482995
9.9700736312669829


9.9619176516482995
9.9619176516482995
9.9619176516482995
9.9619176516482995
9.9619176516482995
9.9619176516482995
9.9619176516482995
9.9619176516482995
9.9619176516482995
9.9619176516482995
9.9619176516482995
9.9619176516482995
9.9619176516482995
9.9619176516482995
9.9619176516482995
9.9619176516482995
9.9619176516482995
9.9619176516482995
9.9619176516482995
9.9700736312669829


9.9619176516482995
9.9619176516482995
9.9619176516482995
9.9619176516482995
9.9619176516482995
9.9619176516482995
9.9619176516482995
9.9619176516482995
9.9619176516482995
9.9619176516482995
9.9619176516482995
9.9619176516482995
9.9619176516482995
9.9619176516482995
9.9619176516482995
9.9619176516482995
9.9619176516482995
9.9619176516482995
9.9619176516482995
9.9700736312669829


9.9619176516482995
9.9619176516482995
9.9619176516482995
9.9619176516482995
9.9619176516482995
9.9619176516482995
9.9619176516482995
9.9619176516482995
9.9619176516482995
9.9619176516482995
9.9619176516482995
9.9619176516482995
9.9619176516482995
9.9619176516482995
9.9619176516482995
9.9619176516482995
9.9619176516482995
9.9619176516482995
9.9619176516482995
9.9700736312669829


9.9619176516482995
9.9619176516482995
9.9619176516482995
9.9619176516482995
9.9619176516482995
9.9619176516482995
9.9619176516482995
9.9619176516482995
9.9619176516482995
9.9619176516482995
9.9619176516482995
9.9619176516482995
9.9619176516482995
9.9619176516482995
9.9619176516482995
9.9619176516482995
9.9619176516482995
9.9619176516482995
9.9619176516482995
9.9700736312669829


9.9619176516482995
9.9619176516482995
9.9619176516482995
9.9619176516482995
9.9619176516482995
9.9619176516482995
9.9619176516482995
9.9619176516482995
9.9619176516482995
9.9619176516482995
9.9619176516482995
9.9619176516482995
9.9619176516482995
9.9619176516482995
9.9619176516482995
9.9619176516482995
9.9619176516482995
9.9619176516482995
9.9619176516482995
9.9700736312669829


9.9619176516482995
9.9619176516482995
9.9619176516482995
9.9619176516482995
9.9619176516482995
9.9619176516482995
9.9619176516482995
9.9619176516482995
9.9619176516482995
9.9619176516482995
9.9619176516482995
9.9619176516482995
9.9619176516482995
9.9619176516482995
9.9619176516482995
9.9619176516482995
9.9619176516482995
9.9619176516482995
9.9619176516482995
9.9700736312669829


9.9619176516482995
9.9619176516482995
9.9619176516482995
9.9619176516482995
9.9619176516482995
9.9619176516482995
9.9619176516482995
9.9619176516482995
9.9619176516482995
9.9619176516482995
9.9619176516482995
9.9619176516482995
9.9619176516482995
9.9619176516482995
9.9619176516482995
9.9619176516482995
9.9619176516482995
9.9619176516482995
9.9619176516482995
9.9700736312669829


9.9619176516482995
9.9619176516482995
9.9619176516482995
9.9619176516482995
9.9619176516482995
9.9619176516482995
9.9619176516482995
9.9619176516482995
9.9619176516482995
9.9619176516482995
9.9619176516482995
9.9619176516482995
9.9619176516482995
9.9619176516482995
9.9619176516482995
9.9619176516482995
9.9619176516482995
9.9619176516482995
9.9619176516482995
9.9700736312669829


9.9619176516482995
9.9619176516482995
9.9619176516482995
9.9619176516482995
9.9619176516482995
9.9619176516482995
9.9619176516482995
9.9619176516482995
9.9619176516482995
9.9619176516482995
9.9619176516482995
9.9619176516482995
9.9619176516482995
9.9619176516482995
9.9619176516482995
9.9619176516482995
9.9619176516482995
9.9619176516482995
9.9619176516482995
9.9700736312669829


