3.0880372782661318
3.2434756774513436
3.8211575608105863
4.0118514962525440
4.0142239605206411
4.0142239605206411
4.3683119958469785
4.3683119958469785
4.4904428944126442
4.4904428944126442
4.5138966587429694
4.9264563391868847
4.9398307446497345
4.9416096936137643
5.0265112279196398
5.3979437627765483
5.3979437627765483
5.7229824492809280
13.6591841452789600
6.5353086302817474
6.8611908963683534
6.8611908963683534
6.8611908963683534
6.8611908963683534
10.3985692459280370
10.3643922723759050
10.3565977977367010
10.3565977977367010
10.3565977977367010
10.3565977977367010
10.3565977977367010
10.3565977977367010
10.3565977977367010
10.3565977977367010
10.3565977977367010
10.3565977977367010
10.3565977977367010
10.3518704140660930
10.3516920096488880
10.3254683989159460


10.3565977977367010
10.3565977977367010
10.3565977977367010
10.3565977977367010
10.3565977977367010
10.3565977977367010
10.3565977977367010
10.3565977977367010
10.3565977977367010
10.3565977977367010
10.3565977977367010
10.3565977977367010
10.3565977977367010
10.3565977977367010
10.3565977977367010
10.3565977977367010
10.3565977977367010
10.3565977977367010
10.3565977977367010
10.3565977977367010
10.3565977977367010
10.3565977977367010
10.3565977977367010
10.3565977977367010
10.3565977977367010
10.3565977977367010
10.3565977977367010
10.3564289666785590
10.3551127724852280
10.3550309217929840
10.3549658406419990
10.3518704140660930
10.3518704140660930
10.3518611253193530
10.3516920096488880
10.3340133392749520
10.3270311419963060
10.3269495170990220
10.3254683989159460
10.0993416434104000


10.3565977977367010
10.3565977977367010
10.3565977977367010
10.3565977977367010
10.3565977977367010
10.3565977977367010
10.3565977977367010
10.3565977977367010
10.3565977977367010
10.3565977977367010
10.3565977977367010
10.3565977977367010
10.3565977977367010
10.3565977977367010
10.3565977977367010
10.3565977977367010
10.3565861310683300
10.3565159350339880
10.3551127724852280
10.3551127724852280
10.3551127724852280
10.3551127724852280
10.3550309217929840
10.3549658406419990
10.3549658406419990
10.3523612864918630
10.3518704140660930
10.3518704140660930
10.3518611253193530
10.3516920096488880
10.3451908798828320
10.3340249799197360
10.3340133392749520
10.3270311419963060
10.3270311419963060
10.3269495170990220
10.3254683989159460
10.3254683989159460
10.3249791611908410
10.0993416434104000


10.3565977977367010
10.3565977977367010
10.3565977977367010
10.3565977977367010
10.3565977977367010
10.3565977977367010
10.3565977977367010
10.3565977977367010
10.3565977977367010
10.3565666171567890
10.3565159350339880
10.3565159350339880
10.3551127724852280
10.3551127724852280
10.3551127724852280
10.3551110411299590
10.3550309217929840
10.3550309217929840
10.3518721449193600
10.3518611253193530
10.3518611253193530
10.3518611253193530
10.3516920096488880
10.3507585758748310
10.3451908798828320
10.3451908798828320
10.3340249799197360
10.3340133392749520
10.3270622184388370
10.3270311419963060
10.3270311419963060
10.3270311419963060
10.3269495170990220
10.3269495170990220
10.3254683989159460
10.3254683989159460
10.3249791611908410
10.3216784144490070
10.3140960764787760
10.0993416434104000


10.3565666171567890
10.3565159350339880
10.3565159350339880
10.3565159350339880
10.3562947741948630
10.3554157639120770
10.3551127724852280
10.3551127724852280
10.3551127724852280
10.3550461842390930
10.3550309217929840
10.3518721449193600
10.3518721449193600
10.3518611253193530
10.3518611253193530
10.3516920096488880
10.3440932782193310
10.3340791043805820
10.3293098996666440
10.3270622184388370
10.3270622184388370
10.3270622184388370
10.3270311419963060
10.3270311419963060
10.3270311419963060
10.3270311419963060
10.3270311419963060
10.3269495170990220
10.3269495170990220
10.3264601895682180
10.3255348105655130
10.3254683989159460
10.3254683989159460
10.3254683989159460
10.3249791611908410
10.3216784144490070
10.3202651294675700
10.3146972111943500
10.3140960764787760
10.0993416434104000


10.3551006905431710
10.3550309217929840
10.3518721449193600
10.3518721449193600
10.3518611253193530
10.3518392502037600
10.3455976497162700
10.3444808797340890
10.3442396755840420
10.3442003329165320
10.3438650717246170
10.3340791043805820
10.3329598929066350
10.3311754468377650
10.3293098996666440
10.3293098996666440
10.3270622184388370
10.3270311419963060
10.3269495170990220
10.3269495170990220
10.3269495170990220
10.3264601895682180
10.3264601895682180
10.3264601895682180
10.3255348105655130
10.3255348105655130
10.3254994698289690
10.3254683989159460
10.3254683989159460
10.3254683989159460
10.3249791611908410
10.3217757863893880
10.3216784144490070
10.3202651294675700
10.3202651294675700
10.3146972111943500
10.3145846534905790
10.3140960764787760
10.3045661131883490
10.0993416434104000


10.3444106871511630
10.3442396755840420
10.3438650717246170
10.3340791043805820
10.3340791043805820
10.3311754468377650
10.3293098996666440
10.3290712976849650
10.3279443961559850
10.3270311419963060
10.3270311419963060
10.3269823202851190
10.3269495170990220
10.3269495170990220
10.3264601895682180
10.3264601895682180
10.3255876537930560
10.3254683989159460
10.3254683989159460
10.3254683989159460
10.3254683989159460
10.3254683989159460
10.3254666721154550
10.3249791611908410
10.3249791611908410
10.3235863549748320
10.3234931885246070
10.3217757863893880
10.3216784144490070
10.3202651294675700
10.3202651294675700
10.3147672378073970
10.3146972111943500
10.3145846534905790
10.3145846534905790
10.3140960764787760
10.3061350271494940
10.3045661131883490
10.3044471575737050
10.0993416434104000


10.3278783533153170
10.3270311419963060
10.3269823202851190
10.3269823202851190
10.3269676167073610
10.3269495170990220
10.3264601895682180
10.3263977171845680
10.3258587280950940
10.3254683989159460
10.3254683989159460
10.3254683989159460
10.3254683989159460
10.3254683989159460
10.3254666721154550
10.3254602680010330
10.3246190402417040
10.3235013178274130
10.3216784144490070
10.3216784144490070
10.3216784144490070
10.3202651294675700
10.3202651294675700
10.3202651294675700
10.3202651294675700
10.3147672378073970
10.3146972111943500
10.3145846534905790
10.3145846534905790
10.3145846534905790
10.3140960764787760
10.3115329227459560
10.3081017294037100
10.3061350271494940
10.3046294950255480
10.3045661131883490
10.3044471575737050
10.3014289883256020
10.3011672851791940
10.0993416434104000


10.3255146709913780
10.3254683989159460
10.3254683989159460
10.3254683989159460
10.3254683989159460
10.3254683989159460
10.3254666721154550
10.3251771190127500
10.3249131500110560
10.3235013178274130
10.3235013178274130
10.3232854863531480
10.3217140171886720
10.3216784144490070
10.3216784144490070
10.3207540813640880
10.3202651294675700
10.3202651294675700
10.3146616366445800
10.3145846534905790
10.3145846534905790
10.3145846534905790
10.3145846534905790
10.3140960764787760
10.3140960764787760
10.3140960764787760
10.3115329227459560
10.3081017294037100
10.3061350271494940
10.3046294950255480
10.3045833348499030
10.3045661131883490
10.3044471575737050
10.3039732561151440
10.3019826680953630
10.3016551665292710
10.3014289883256020
10.3011672851791940
10.2907867412718290
10.0993416434104000


10.3249131500110560
10.3240100577968100
10.3235909841803600
10.3235013178274130
10.3232854863531480
10.3232854863531480
10.3231109901679810
10.3216784144490070
10.3216784144490070
10.3202651294675700
10.3202651294675700
10.3147011787697080
10.3146616366445800
10.3145846534905790
10.3145846534905790
10.3145846534905790
10.3145721915253410
10.3145594603499530
10.3090908386122490
10.3066231224516810
10.3061350271494940
10.3061350271494940
10.3061350271494940
10.3046294950255480
10.3045833348499030
10.3045833348499030
10.3045661131883490
10.3044471575737050
10.3039732561151440
10.3028192063316460
10.3019826680953630
10.3016551665292710
10.3014289883256020
10.3011672851791940
10.3010778542737180
10.2922662601579140
10.2907867412718290
10.2902995369348550
10.2776977288386890
10.0993416434104000


10.3202651294675700
10.3202107920510590
10.3157050863628450
10.3147011787697080
10.3147011787697080
10.3146668120167530
10.3145846534905790
10.3145846534905790
10.3145836837278340
10.3145594603499530
10.3145594603499530
10.3141001530482410
10.3140960764787760
10.3090908386122490
10.3061350271494940
10.3061350271494940
10.3061350271494940
10.3039900943634350
10.3039732561151440
10.3039732561151440
10.3039732561151440
10.3028192063316460
10.3028044188210030
10.3019826680953630
10.3019826680953630
10.3016551665292710
10.3014289883256020
10.3011672851791940
10.3010778542737180
10.2992596005739920
10.2964519201057140
10.2922662601579140
10.2908015132685300
10.2907867412718290
10.2902995369348550
10.2866688666914290
10.2828376185587590
10.2776977288386890
10.2776809198229540
10.0993416434104000


10.3146125008756350
10.3145839712458100
10.3145594603499530
10.3143637643804720
10.3141001530482410
10.3141001530482410
10.3063556087770150
10.3061350271494940
10.3039900943634350
10.3039900943634350
10.3039732561151440
10.3039732561151440
10.3028044188210030
10.3019826680953630
10.3014289883256020
10.3014289883256020
10.3011883143701170
10.3010778542737180
10.3010778542737180
10.3010778542737180
10.2992596005739920
10.2992596005739920
10.2979515856726760
10.2964519201057140
10.2964519201057140
10.2922662601579140
10.2908015132685300
10.2907867412718290
10.2902995369348550
10.2902395982701460
10.2867047229435150
10.2866688666914290
10.2828376185587590
10.2827978949322580
10.2825583583946810
10.2790274948793560
10.2776977288386890
10.2776809198229540
10.2775707477168470
10.0993416434104000


10.3039732561151440
10.3039732561151440
10.3025743806720310
10.3019826680953630
10.3019086525806380
10.3014569851514270
10.3014289883256020
10.3014289883256020
10.3010778542737180
10.3010778542737180
10.3010778542737180
10.2996025173873880
10.2992596005739920
10.2979515856726760
10.2922758361270910
10.2921836429064550
10.2917279489105360
10.2903053610732000
10.2902995369348550
10.2902995369348550
10.2902995369348550
10.2902395982701460
10.2902033255445640
10.2867047229435150
10.2867047229435150
10.2866688666914290
10.2836933759057770
10.2828376185587590
10.2827978949322580
10.2825583583946810
10.2825583583946810
10.2796150624932140
10.2790769107765470
10.2790274948793560
10.2776977288386890
10.2776809198229540
10.2776668339323520
10.2776320441019070
10.2775707477168470
10.0993416434104000


10.2997103137619100
10.2996025173873880
10.2996025173873880
10.2979515856726760
10.2922758361270910
10.2919640247966890
10.2917505177583270
10.2917104374998290
10.2903053610732000
10.2903053610732000
10.2902995369348550
10.2902995369348550
10.2902995369348550
10.2902395982701460
10.2902033255445640
10.2853381405149320
10.2827978949322580
10.2827978949322580
10.2827978949322580
10.2826240735593700
10.2825583583946810
10.2825583583946810
10.2825583583946810
10.2822834043345420
10.2822084806443940
10.2799924291659580
10.2796150624932140
10.2790769107765470
10.2790274948793560
10.2789971324748760
10.2789665814162670
10.2781598188003200
10.2776977288386890
10.2776809198229540
10.2776733786070800
10.2776668339323520
10.2776320441019070
10.2776011494306870
10.2775707477168470
10.0993416434104000


10.2903053610732000
10.2903044343506020
10.2903013675309120
10.2902995369348550
10.2902995369348550
10.2902995369348550
10.2902995369348550
10.2902395982701460
10.2902033255445640
10.2883891654792910
10.2828796323129690
10.2827978949322580
10.2827978949322580
10.2827978949322580
10.2825583583946810
10.2825583583946810
10.2814411513955650
10.2809914727373870
10.2795333484386280
10.2790280307152050
10.2790274948793560
10.2790274948793560
10.2790274948793560
10.2789971324748760
10.2789665814162670
10.2789665814162670
10.2788952171179220
10.2781598188003200
10.2777030111714110
10.2776977288386890
10.2776809198229540
10.2776733786070800
10.2776733786070800
10.2776668339323520
10.2776320441019070
10.2776011494306870
10.2776011494306870
10.2776011494306870
10.2775707477168470
10.0993416434104000


10.2869507144025040
10.2828796323129690
10.2827978949322580
10.2827978949322580
10.2827978949322580
10.2825583583946810
10.2822454450573130
10.2819355320847410
10.2809914727373870
10.2809914727373870
10.2809780507471590
10.2809308111116100
10.2808744006613220
10.2795493661403390
10.2795333484386280
10.2795319611120560
10.2790274948793560
10.2790274948793560
10.2790274948793560
10.2788966042635210
10.2781841703349670
10.2777030111714110
10.2777030111714110
10.2777030111714110
10.2777030111714110
10.2776977288386890
10.2776977288386890
10.2776809198229540
10.2776809198229540
10.2776733786070800
10.2776733786070800
10.2776668339323520
10.2776320441019070
10.2776011494306870
10.2776011494306870
10.2776011494306870
10.2776011494306870
10.2775707477168470
10.2775707477168470
10.0993416434104000


10.2809780507471590
10.2809780507471590
10.2809373575438380
10.2809308111116100
10.2809123457405760
10.2795333484386280
10.2790990031679780
10.2790274948793560
10.2790274948793560
10.2790274948793560
10.2790274948793560
10.2789971324748760
10.2789338859838750
10.2786947131635880
10.2781841703349670
10.2781532736478240
10.2781532736478240
10.2777030111714110
10.2776977288386890
10.2776809198229540
10.2776809198229540
10.2776809198229540
10.2776809198229540
10.2776733786070800
10.2776733786070800
10.2776733786070800
10.2776668339323520
10.2776668339323520
10.2776320441019070
10.2776076940702300
10.2776011494306870
10.2776011494306870
10.2776011494306870
10.2776011494306870
10.2775707477168470
10.2775707477168470
10.2775707477168470
10.2775707477168470
10.2775622338611950
10.0993416434104000


10.2790274948793560
10.2789976227594440
10.2789971324748760
10.2789812463761120
10.2789732672927020
10.2786947131635880
10.2781841703349670
10.2777030111714110
10.2777030111714110
10.2776977288386890
10.2776977288386890
10.2776964664809060
10.2776809198229540
10.2776809198229540
10.2776668339323520
10.2776320441019070
10.2776320441019070
10.2776320441019070
10.2776320441019070
10.2776208622215370
10.2776076940702300
10.2776076940702300
10.2776011494306870
10.2776011494306870
10.2776011494306870
10.2776011494306870
10.2776011494306870
10.2776005875663900
10.2775992878774310
10.2775707477168470
10.2775707477168470
10.2775707477168470
10.2775707477168470
10.2775707477168470
10.2775707477168470
10.2775622338611950
10.2775622338611950
10.2774192830064170
10.2772987416540150
10.0993416434104000


10.2776977288386890
10.2776977288386890
10.2776967633710330
10.2776964664809060
10.2776809198229540
10.2776730817188660
10.2776668339323520
10.2776668339323520
10.2776436296334670
10.2776349103705620
10.2776320441019070
10.2776320441019070
10.2776320441019070
10.2776320441019070
10.2776167568141560
10.2776076940702300
10.2776076940702300
10.2776016422756820
10.2776011494306870
10.2776011494306870
10.2775992878774310
10.2775992878774310
10.2775992878774310
10.2775753230772700
10.2775707477168470
10.2775707477168470
10.2775707477168470
10.2775707477168470
10.2775707477168470
10.2775707477168470
10.2775707477168470
10.2775707477168470
10.2775622338611950
10.2775622338611950
10.2775313393696180
10.2774501770382970
10.2774192830064170
10.2773227053756260
10.2772987416540150
10.0993416434104000


10.2776337369354810
10.2776320441019070
10.2776320441019070
10.2776320441019070
10.2776320441019070
10.2776320441019070
10.2776283423227000
10.2776167568141560
10.2776016422756820
10.2776016422756820
10.2776011494306870
10.2776011494306870
10.2776011494306870
10.2776011494306870
10.2775992878774310
10.2775992878774310
10.2775992878774310
10.2775970873575680
10.2775970234975990
10.2775770414272230
10.2775707477168470
10.2775707477168470
10.2775707477168470
10.2775707477168470
10.2775707477168470
10.2775707477168470
10.2775707477168470
10.2775707477168470
10.2775622338611950
10.2775622338611950
10.2775313393696180
10.2775313393696180
10.2774501770382970
10.2774192830064170
10.2773929438207660
10.2773535991301160
10.2773227053756260
10.2772987416540150
10.2772924479357850
10.0993416434104000


10.2776016422756820
10.2776016422756820
10.2776011494306870
10.2776011494306870
10.2776011494306870
10.2776011494306870
10.2776011494306870
10.2776011494306870
10.2776011494306870
10.2775992878774310
10.2775992878774310
10.2775970873575680
10.2775970873575680
10.2775970234975990
10.2775707477168470
10.2775707477168470
10.2775707477168470
10.2775622338611950
10.2775622338611950
10.2775622338611950
10.2775622338611950
10.2775313393696180
10.2775313393696180
10.2775313393696180
10.2775313393696180
10.2775125233408420
10.2775009379623090
10.2774501770382970
10.2774192830064170
10.2773929438207660
10.2773929438207660
10.2773929438207660
10.2773537423234660
10.2773535991301160
10.2773535991301160
10.2773227053756260
10.2772987416540150
10.2772987416540150
10.2772924479357850
10.0993416434104000


10.2775992878774310
10.2775992878774310
10.2775992878774310
10.2775970873575680
10.2775970234975990
10.2775970234975990
10.2775707477168470
10.2775707477168470
10.2775622338611950
10.2775622338611950
10.2775622338611950
10.2775622338611950
10.2775576789566770
10.2775318323424440
10.2775313393696180
10.2775313393696180
10.2775313393696180
10.2775313393696180
10.2774234081733060
10.2774192830064170
10.2774192830064170
10.2774192830064170
10.2773929438207660
10.2773929438207660
10.2773929438207660
10.2773929438207660
10.2773929438207660
10.2773622564936740
10.2773537423234660
10.2773535991301160
10.2773535991301160
10.2773535991301160
10.2773494739896540
10.2773227053756260
10.2772990490250730
10.2772987416540150
10.2772987416540150
10.2772987416540150
10.2772924479357850
10.0993416434104000


10.2775622338611950
10.2775622338611950
10.2775429247899690
10.2775318323424440
10.2775318323424440
10.2775313393696180
10.2775313393696180
10.2775313393696180
10.2775313393696180
10.2775313393696180
10.2775301139953630
10.2775074826705610
10.2774234081733060
10.2774234081733060
10.2774192830064170
10.2774192830064170
10.2773929438207660
10.2773929438207660
10.2773623129745120
10.2773537423234660
10.2773537423234660
10.2773537423234660
10.2773537423234660
10.2773535991301160
10.2773535991301160
10.2773535991301160
10.2773535991301160
10.2773494739896540
10.2773299426847660
10.2773296353125940
10.2773227053756260
10.2773227053756260
10.2772990490250730
10.2772990490250730
10.2772987416540150
10.2772987416540150
10.2772987416540150
10.2772924479357850
10.2772924479357850
10.0993416434104000


10.2775313393696180
10.2775301139953630
10.2775301139953630
10.2775074826705610
10.2774992196212960
10.2774234081733060
10.2774234081733060
10.2774192830064170
10.2774076977753420
10.2773929438207660
10.2773929438207660
10.2773927139140860
10.2773623129745120
10.2773537423234660
10.2773537423234660
10.2773537423234660
10.2773537423234660
10.2773299426847660
10.2773299426847660
10.2773299426847660
10.2773299426847660
10.2773299426847660
10.2773296353125940
10.2773233415792720
10.2773231983863870
10.2773227053756260
10.2773227053756260
10.2773227053756260
10.2772990490250730
10.2772990490250730
10.2772987416540150
10.2772987416540150
10.2772987416540150
10.2772987416540150
10.2772987416540150
10.2772924479357850
10.2772924479357850
10.2772924479357850
10.2772921970581770
10.0993416434104000


10.2773929438207660
10.2773929438207660
10.2773927139140860
10.2773620056018980
10.2773603434594170
10.2773601437726450
10.2773537423234660
10.2773537423234660
10.2773537423234660
10.2773344337126780
10.2773299426847660
10.2773299426847660
10.2773299426847660
10.2773299426847660
10.2773299426847660
10.2773296353125940
10.2773228485685470
10.2772990490250730
10.2772990490250730
10.2772990490250730
10.2772990490250730
10.2772990490250730
10.2772990490250730
10.2772987416540150
10.2772987416540150
10.2772987416540150
10.2772987416540150
10.2772987416540150
10.2772987416540150
10.2772987416540150
10.2772927343209710
10.2772924479357850
10.2772924479357850
10.2772924479357850
10.2772924479357850
10.2772924479357850
10.2772923047433340
10.2772921970581770
10.2772921970581770
10.0993416434104000


10.2773344337126780
10.2773299426847660
10.2773299426847660
10.2773299426847660
10.2773299426847660
10.2773299426847660
10.2773299426847660
10.2773299426847660
10.2773299426847660
10.2773230907013500
10.2772990490250730
10.2772990490250730
10.2772990490250730
10.2772990490250730
10.2772990490250730
10.2772990490250730
10.2772990490250730
10.2772990490250730
10.2772987416540150
10.2772987416540150
10.2772987416540150
10.2772987416540150
10.2772987416540150
10.2772987416540150
10.2772987416540150
10.2772927343209710
10.2772927343209710
10.2772924479357850
10.2772924479357850
10.2772924479357850
10.2772924479357850
10.2772924479357850
10.2772924479357850
10.2772924479357850
10.2772923047433340
10.2772923047433340
10.2772921970581770
10.2772921970581770
10.2772921970581770
10.0993416434104000


10.2773230907013500
10.2772990490250730
10.2772990490250730
10.2772990490250730
10.2772990490250730
10.2772990490250730
10.2772990490250730
10.2772990490250730
10.2772990490250730
10.2772990490250730
10.2772990490250730
10.2772988493394490
10.2772987626399210
10.2772987416540150
10.2772987416540150
10.2772987416540150
10.2772987416540150
10.2772987416540150
10.2772927343209710
10.2772925044291660
10.2772924479357850
10.2772924479357850
10.2772924479357850
10.2772924479357850
10.2772924479357850
10.2772924479357850
10.2772924479357850
10.2772924479357850
10.2772924479357850
10.2772924479357850
10.2772924479357850
10.2772923047433340
10.2772923047433340
10.2772923047433340
10.2772921970581770
10.2772921970581770
10.2772921970581770
10.2772921970581770
10.2772921970581770
10.0993416434104000


10.2772990490250730
10.2772990490250730
10.2772990490250730
10.2772988493394490
10.2772987416540150
10.2772987416540150
10.2772987416540150
10.2772987416540150
10.2772987416540150
10.2772987416540150
10.2772987416540150
10.2772987416540150
10.2772927343209710
10.2772927343209710
10.2772925044291660
10.2772925044291660
10.2772924479357850
10.2772924479357850
10.2772924479357850
10.2772924479357850
10.2772924479357850
10.2772924479357850
10.2772924479357850
10.2772924479357850
10.2772924479357850
10.2772924479357850
10.2772924479357850
10.2772924479357850
10.2772923047433340
10.2772923047433340
10.2772923047433340
10.2772921970581770
10.2772921970581770
10.2772921970581770
10.2772921970581770
10.2772921970581770
10.2772921970581770
10.2772921970581770
10.2772921970581770
10.0993416434104000


10.2772987416540150
10.2772987416540150
10.2772987416540150
10.2772987416540150
10.2772987416540150
10.2772927343209710
10.2772927343209710
10.2772927343209710
10.2772925044291660
10.2772925044291660
10.2772925044291660
10.2772924479357850
10.2772924479357850
10.2772924479357850
10.2772924479357850
10.2772924479357850
10.2772924479357850
10.2772924479357850
10.2772924479357850
10.2772923047433340
10.2772923047433340
10.2772923047433340
10.2772923047433340
10.2772923047433340
10.2772923047433340
10.2772923047433340
10.2772923047433340
10.2772921970581770
10.2772921970581770
10.2772921970581770
10.2772921970581770
10.2772921970581770
10.2772921970581770
10.2772921970581770
10.2772921970581770
10.2772921970581770
10.2772921970581770
10.2772921970581770
10.2772921970581770
10.0993416434104000


10.2772925044291660
10.2772925044291660
10.2772925044291660
10.2772925044291660
10.2772925044291660
10.2772924479357850
10.2772924479357850
10.2772924479357850
10.2772924479357850
10.2772924479357850
10.2772924479357850
10.2772924479357850
10.2772924479357850
10.2772924479357850
10.2772923047433340
10.2772923047433340
10.2772923047433340
10.2772923047433340
10.2772921970581770
10.2772921970581770
10.2772921970581770
10.2772921970581770
10.2772921970581770
10.2772921970581770
10.2772921970581770
10.2772921970581770
10.2772921970581770
10.2772921970581770
10.2772921970581770
10.2772921970581770
10.2772921970581770
10.2772921970581770
10.2772921970581770
10.2772921970581770
10.2772921970581770
10.2772921970581770
10.2772921970581770
10.2772921970581770
10.2772909376370250
10.0993416434104000


10.2772924479357850
10.2772924479357850
10.2772924479357850
10.2772924479357850
10.2772924479357850
10.2772924479357850
10.2772923612366040
10.2772923047433340
10.2772923047433340
10.2772923047433340
10.2772923047433340
10.2772922180441950
10.2772921970581770
10.2772921970581770
10.2772921970581770
10.2772921970581770
10.2772921970581770
10.2772921970581770
10.2772921970581770
10.2772921970581770
10.2772921970581770
10.2772921970581770
10.2772921970581770
10.2772921970581770
10.2772921970581770
10.2772921970581770
10.2772921970581770
10.2772921970581770
10.2772921970581770
10.2772921970581770
10.2772921970581770
10.2772921970581770
10.2772921970581770
10.2772921970581770
10.2772921970581770
10.2772921970581770
10.2772918331939260
10.2772909376370250
10.2772909376370250
10.0993416434104000


10.2772923047433340
10.2772923047433340
10.2772923047433340
10.2772923047433340
10.2772922180441950
10.2772921970581770
10.2772921970581770
10.2772921970581770
10.2772921970581770
10.2772921970581770
10.2772921970581770
10.2772921970581770
10.2772921970581770
10.2772921970581770
10.2772921970581770
10.2772921970581770
10.2772921970581770
10.2772921970581770
10.2772921970581770
10.2772921970581770
10.2772921970581770
10.2772921970581770
10.2772921970581770
10.2772921970581770
10.2772921970581770
10.2772921970581770
10.2772921970581770
10.2772921970581770
10.2772921970581770
10.2772921970581770
10.2772921970581770
10.2772921970581770
10.2772919106732590
10.2772918331939260
10.2772918331939260
10.2772909376370250
10.2772909376370250
10.2772909376370250
10.2772909376370250
10.0993416434104000


10.2772921970581770
10.2772921970581770
10.2772921970581770
10.2772921970581770
10.2772921970581770
10.2772921970581770
10.2772921970581770
10.2772921970581770
10.2772921970581770
10.2772921970581770
10.2772921970581770
10.2772921970581770
10.2772921970581770
10.2772921970581770
10.2772921970581770
10.2772921970581770
10.2772921970581770
10.2772921970581770
10.2772921970581770
10.2772921970581770
10.2772921970581770
10.2772921970581770
10.2772921970581770
10.2772921970581770
10.2772919106732590
10.2772919106732590
10.2772919106732590
10.2772918331939260
10.2772918331939260
10.2772918331939260
10.2772918331939260
10.2772913826297840
10.2772909376370250
10.2772909376370250
10.2772909376370250
10.2772909376370250
10.2772909376370250
10.2772909376370250
10.2772909376370250
10.0993416434104000


10.2772921970581770
10.2772921970581770
10.2772921970581770
10.2772921970581770
10.2772921970581770
10.2772921970581770
10.2772921970581770
10.2772921970581770
10.2772921970581770
10.2772921970581770
10.2772921970581770
10.2772921970581770
10.2772921970581770
10.2772921970581770
10.2772921970581770
10.2772921970581770
10.2772921970581770
10.2772919106732590
10.2772918331939260
10.2772918331939260
10.2772918331939260
10.2772918331939260
10.2772918331939260
10.2772918331939260
10.2772918331939260
10.2772918331939260
10.2772913826297840
10.2772909376370250
10.2772909376370250
10.2772909376370250
10.2772909376370250
10.2772909376370250
10.2772909376370250
10.2772909376370250
10.2772909376370250
10.2772909376370250
10.2772909376370250
10.2772909376370250
10.2772900155244590
10.0993416434104000


10.2772921970581770
10.2772921970581770
10.2772921970581770
10.2772921970581770
10.2772921970581770
10.2772921970581770
10.2772921970581770
10.2772921970581770
10.2772921970581770
10.2772921970581770
10.2772919106732590
10.2772919106732590
10.2772918331939260
10.2772918331939260
10.2772918331939260
10.2772918331939260
10.2772918331939260
10.2772913826297840
10.2772909376370250
10.2772909376370250
10.2772909376370250
10.2772909376370250
10.2772909376370250
10.2772909376370250
10.2772909376370250
10.2772909376370250
10.2772909376370250
10.2772909376370250
10.2772909376370250
10.2772909376370250
10.2772909376370250
10.2772909376370250
10.2772909376370250
10.2772909376370250
10.2772909376370250
10.2772909376370250
10.2772900155244590
10.2772900155244590
10.2772900155244590
10.0993416434104000


10.2772921195790340
10.2772919106732590
10.2772919106732590
10.2772919106732590
10.2772919106732590
10.2772919106732590
10.2772918331939260
10.2772918331939260
10.2772918331939260
10.2772918331939260
10.2772913826297840
10.2772913826297840
10.2772909376370250
10.2772909376370250
10.2772909376370250
10.2772909376370250
10.2772909376370250
10.2772909376370250
10.2772909376370250
10.2772909376370250
10.2772909376370250
10.2772909376370250
10.2772909376370250
10.2772909376370250
10.2772909376370250
10.2772909376370250
10.2772909376370250
10.2772909376370250
10.2772909376370250
10.2772909376370250
10.2772909376370250
10.2772909376370250
10.2772903228953400
10.2772900155244590
10.2772900155244590
10.2772900155244590
10.2772900155244590
10.2772900155244590
10.2772900155244590
10.0993416434104000


10.2772916900015240
10.2772913826297840
10.2772913826297840
10.2772913826297840
10.2772913826297840
10.2772909376370250
10.2772909376370250
10.2772909376370250
10.2772909376370250
10.2772909376370250
10.2772909376370250
10.2772909376370250
10.2772909376370250
10.2772909376370250
10.2772909376370250
10.2772909376370250
10.2772909376370250
10.2772909376370250
10.2772909376370250
10.2772909376370250
10.2772909376370250
10.2772909376370250
10.2772909376370250
10.2772909376370250
10.2772909376370250
10.2772909376370250
10.2772909376370250
10.2772903228953400
10.2772903228953400
10.2772900155244590
10.2772900155244590
10.2772900155244590
10.2772900155244590
10.2772900155244590
10.2772900155244590
10.2772900155244590
10.2772900155244590
10.2772900155244590
10.2772896516596980
10.0993416434104000


10.2772909376370250
10.2772909376370250
10.2772909376370250
10.2772909376370250
10.2772909376370250
10.2772909376370250
10.2772909376370250
10.2772909376370250
10.2772909376370250
10.2772909376370250
10.2772909376370250
10.2772909376370250
10.2772909376370250
10.2772909376370250
10.2772909376370250
10.2772906512520570
10.2772906512520570
10.2772903228953400
10.2772903228953400
10.2772903228953400
10.2772903228953400
10.2772903228953400
10.2772900155244590
10.2772900155244590
10.2772900155244590
10.2772900155244590
10.2772900155244590
10.2772900155244590
10.2772900155244590
10.2772900155244590
10.2772900155244590
10.2772900155244590
10.2772900155244590
10.2772900155244590
10.2772900155244590
10.2772900155244590
10.2772900155244590
10.2772896516596980
10.2772896516596980
10.0993416434104000


10.2772909376370250
10.2772909376370250
10.2772909376370250
10.2772909376370250
10.2772909376370250
10.2772909376370250
10.2772909376370250
10.2772909376370250
10.2772909376370250
10.2772909376370250
10.2772903228953400
10.2772903228953400
10.2772903228953400
10.2772903228953400
10.2772903228953400
10.2772903228953400
10.2772903228953400
10.2772900155244590
10.2772900155244590
10.2772900155244590
10.2772900155244590
10.2772900155244590
10.2772900155244590
10.2772900155244590
10.2772900155244590
10.2772900155244590
10.2772900155244590
10.2772900155244590
10.2772900155244590
10.2772900155244590
10.2772900155244590
10.2772900155244590
10.2772900155244590
10.2772900155244590
10.2772900155244590
10.2772896516596980
10.2772896516596980
10.2772896516596980
10.2772896516596980
10.0993416434104000


10.2772909376370250
10.2772903228953400
10.2772903228953400
10.2772903228953400
10.2772903228953400
10.2772903228953400
10.2772903228953400
10.2772903228953400
10.2772903228953400
10.2772903228953400
10.2772900155244590
10.2772900155244590
10.2772900155244590
10.2772900155244590
10.2772900155244590
10.2772900155244590
10.2772900155244590
10.2772900155244590
10.2772900155244590
10.2772900155244590
10.2772900155244590
10.2772900155244590
10.2772900155244590
10.2772900155244590
10.2772900155244590
10.2772900155244590
10.2772900155244590
10.2772900155244590
10.2772900155244590
10.2772900155244590
10.2772900155244590
10.2772900155244590
10.2772896516596980
10.2772896516596980
10.2772896516596980
10.2772896516596980
10.2772896516596980
10.2772896516596980
10.2772896516596980
10.0993416434104000


10.2772903228953400
10.2772900155244590
10.2772900155244590
10.2772900155244590
10.2772900155244590
10.2772900155244590
10.2772900155244590
10.2772900155244590
10.2772900155244590
10.2772900155244590
10.2772900155244590
10.2772900155244590
10.2772900155244590
10.2772900155244590
10.2772900155244590
10.2772900155244590
10.2772900155244590
10.2772900155244590
10.2772900155244590
10.2772900155244590
10.2772900155244590
10.2772900155244590
10.2772900155244590
10.2772900155244590
10.2772900155244590
10.2772900155244590
10.2772900155244590
10.2772896516596980
10.2772896516596980
10.2772896516596980
10.2772896516596980
10.2772896516596980
10.2772896516596980
10.2772896516596980
10.2772896516596980
10.2772896516596980
10.2772896516596980
10.2772896516596980
10.2772896516596980
10.0993416434104000


10.2772900155244590
10.2772900155244590
10.2772900155244590
10.2772900155244590
10.2772900155244590
10.2772900155244590
10.2772900155244590
10.2772900155244590
10.2772900155244590
10.2772900155244590
10.2772900155244590
10.2772900155244590
10.2772900155244590
10.2772900155244590
10.2772900155244590
10.2772900155244590
10.2772900155244590
10.2772900155244590
10.2772896516596980
10.2772896516596980
10.2772896516596980
10.2772896516596980
10.2772896516596980
10.2772896516596980
10.2772896516596980
10.2772896516596980
10.2772896516596980
10.2772896516596980
10.2772896516596980
10.2772896516596980
10.2772896516596980
10.2772896516596980
10.2772896516596980
10.2772896516596980
10.2772896516596980
10.2772896516596980
10.2772896516596980
10.2772896516596980
10.2772896516596980
10.0993416434104000


10.2772900155244590
10.2772900155244590
10.2772900155244590
10.2772900155244590
10.2772900155244590
10.2772900155244590
10.2772900155244590
10.2772900155244590
10.2772900155244590
10.2772900155244590
10.2772900155244590
10.2772900155244590
10.2772896516596980
10.2772896516596980
10.2772896516596980
10.2772896516596980
10.2772896516596980
10.2772896516596980
10.2772896516596980
10.2772896516596980
10.2772896516596980
10.2772896516596980
10.2772896516596980
10.2772896516596980
10.2772896516596980
10.2772896516596980
10.2772896516596980
10.2772896516596980
10.2772896516596980
10.2772896516596980
10.2772896516596980
10.2772896516596980
10.2772896516596980
10.2772896516596980
10.2772896516596980
10.2772896516596980
10.2772896516596980
10.2772896516596980
10.2772896516596980
10.0993416434104000


10.2772900155244590
10.2772900155244590
10.2772900155244590
10.2772900155244590
10.2772899380447650
10.2772897291396000
10.2772896516596980
10.2772896516596980
10.2772896516596980
10.2772896516596980
10.2772896516596980
10.2772896516596980
10.2772896516596980
10.2772896516596980
10.2772896516596980
10.2772896516596980
10.2772896516596980
10.2772896516596980
10.2772896516596980
10.2772896516596980
10.2772896516596980
10.2772896516596980
10.2772896516596980
10.2772896516596980
10.2772896516596980
10.2772896516596980
10.2772896516596980
10.2772896516596980
10.2772896516596980
10.2772896516596980
10.2772896516596980
10.2772896516596980
10.2772896516596980
10.2772896516596980
10.2772896516596980
10.2772896516596980
10.2772896516596980
10.2772896516596980
10.2772896516596980
10.0993416434104000


10.2772896516596980
10.2772896516596980
10.2772896516596980
10.2772896516596980
10.2772896516596980
10.2772896516596980
10.2772896516596980
10.2772896516596980
10.2772896516596980
10.2772896516596980
10.2772896516596980
10.2772896516596980
10.2772896516596980
10.2772896516596980
10.2772896516596980
10.2772896516596980
10.2772896516596980
10.2772896516596980
10.2772896516596980
10.2772896516596980
10.2772896516596980
10.2772896516596980
10.2772896516596980
10.2772896516596980
10.2772896516596980
10.2772896516596980
10.2772896516596980
10.2772896516596980
10.2772896516596980
10.2772896516596980
10.2772896516596980
10.2772896516596980
10.2772896516596980
10.2772896516596980
10.2772896516596980
10.2772896516596980
10.2772896516596980
10.2772896516596980
10.2772896516596980
10.0993416434104000


10.2772896516596980
10.2772896516596980
10.2772896516596980
10.2772896516596980
10.2772896516596980
10.2772896516596980
10.2772896516596980
10.2772896516596980
10.2772896516596980
10.2772896516596980
10.2772896516596980
10.2772896516596980
10.2772896516596980
10.2772896516596980
10.2772896516596980
10.2772896516596980
10.2772896516596980
10.2772896516596980
10.2772896516596980
10.2772896516596980
10.2772896516596980
10.2772896516596980
10.2772896516596980
10.2772896516596980
10.2772896516596980
10.2772896516596980
10.2772896516596980
10.2772896516596980
10.2772896516596980
10.2772896516596980
10.2772896516596980
10.2772896516596980
10.2772896516596980
10.2772896516596980
10.2772896516596980
10.2772896516596980
10.2772896516596980
10.2772896516596980
10.2772896516596980
10.0993416434104000


10.2772896516596980
10.2772896516596980
10.2772896516596980
10.2772896516596980
10.2772896516596980
10.2772896516596980
10.2772896516596980
10.2772896516596980
10.2772896516596980
10.2772896516596980
10.2772896516596980
10.2772896516596980
10.2772896516596980
10.2772896516596980
10.2772896516596980
10.2772896516596980
10.2772896516596980
10.2772896516596980
10.2772896516596980
10.2772896516596980
10.2772896516596980
10.2772896516596980
10.2772896516596980
10.2772896516596980
10.2772896516596980
10.2772896516596980
10.2772896516596980
10.2772896516596980
10.2772896516596980
10.2772896516596980
10.2772896516596980
10.2772896516596980
10.2772896516596980
10.2772896516596980
10.2772896516596980
10.2772896516596980
10.2772896516596980
10.2772896516596980
10.2772896516596980
10.0993416434104000


10.2772896516596980
10.2772896516596980
10.2772896516596980
10.2772896516596980
10.2772896516596980
10.2772896516596980
10.2772896516596980
10.2772896516596980
10.2772896516596980
10.2772896516596980
10.2772896516596980
10.2772896516596980
10.2772896516596980
10.2772896516596980
10.2772896516596980
10.2772896516596980
10.2772896516596980
10.2772896516596980
10.2772896516596980
10.2772896516596980
10.2772896516596980
10.2772896516596980
10.2772896516596980
10.2772896516596980
10.2772896516596980
10.2772896516596980
10.2772896516596980
10.2772896516596980
10.2772896516596980
10.2772896516596980
10.2772896516596980
10.2772896516596980
10.2772896516596980
10.2772896516596980
10.2772896516596980
10.2772896516596980
10.2772896516596980
10.2772896516596980
10.2772896516596980
10.0993416434104000


10.2772896516596980
10.2772896516596980
10.2772896516596980
10.2772896516596980
10.2772896516596980
10.2772896516596980
10.2772896516596980
10.2772896516596980
10.2772896516596980
10.2772896516596980
10.2772896516596980
10.2772896516596980
10.2772896516596980
10.2772896516596980
10.2772896516596980
10.2772896516596980
10.2772896516596980
10.2772896516596980
10.2772896516596980
10.2772896516596980
10.2772896516596980
10.2772896516596980
10.2772896516596980
10.2772896516596980
10.2772896516596980
10.2772896516596980
10.2772896516596980
10.2772896516596980
10.2772896516596980
10.2772896516596980
10.2772896516596980
10.2772896516596980
10.2772896516596980
10.2772896516596980
10.2772896516596980
10.2772896516596980
10.2772896516596980
10.2772896516596980
10.2772896516596980
10.0993416434104000


10.2772896516596980
10.2772896516596980
10.2772896516596980
10.2772896516596980
10.2772896516596980
10.2772896516596980
10.2772896516596980
10.2772896516596980
10.2772896516596980
10.2772896516596980
10.2772896516596980
10.2772896516596980
10.2772896516596980
10.2772896516596980
10.2772896516596980
10.2772896516596980
10.2772896516596980
10.2772896516596980
10.2772896516596980
10.2772896516596980
10.2772896516596980
10.2772896516596980
10.2772896516596980
10.2772896516596980
10.2772896516596980
10.2772896516596980
10.2772896516596980
10.2772896516596980
10.2772896516596980
10.2772896516596980
10.2772896516596980
10.2772896516596980
10.2772896516596980
10.2772896516596980
10.2772896516596980
10.2772896516596980
10.2772896516596980
10.2772896516596980
10.2772896516596980
10.0993416434104000


10.2772896516596980
10.2772896516596980
10.2772896516596980
10.2772896516596980
10.2772896516596980
10.2772896516596980
10.2772896516596980
10.2772896516596980
10.2772896516596980
10.2772896516596980
10.2772896516596980
10.2772896516596980
10.2772896516596980
10.2772896516596980
10.2772896516596980
10.2772896516596980
10.2772896516596980
10.2772896516596980
10.2772896516596980
10.2772896516596980
10.2772896516596980
10.2772896516596980
10.2772896516596980
10.2772896516596980
10.2772896516596980
10.2772896516596980
10.2772896516596980
10.2772896516596980
10.2772896516596980
10.2772896516596980
10.2772896516596980
10.2772896516596980
10.2772896516596980
10.2772896516596980
10.2772896516596980
10.2772896516596980
10.2772896516596980
10.2772896516596980
10.2772896516596980
10.0993416434104000


10.2772896516596980
10.2772896516596980
10.2772896516596980
10.2772896516596980
10.2772896516596980
10.2772896516596980
10.2772896516596980
10.2772896516596980
10.2772896516596980
10.2772896516596980
10.2772896516596980
10.2772896516596980
10.2772896516596980
10.2772896516596980
10.2772896516596980
10.2772896516596980
10.2772896516596980
10.2772896516596980
10.2772896516596980
10.2772896516596980
10.2772896516596980
10.2772896516596980
10.2772896516596980
10.2772896516596980
10.2772896516596980
10.2772896516596980
10.2772896516596980
10.2772896516596980
10.2772896516596980
10.2772896516596980
10.2772896516596980
10.2772896516596980
10.2772896516596980
10.2772896516596980
10.2772896516596980
10.2772896516596980
10.2772896516596980
10.2772896516596980
10.2772896516596980
10.0993416434104000


10.2772896516596980
10.2772896516596980
10.2772896516596980
10.2772896516596980
10.2772896516596980
10.2772896516596980
10.2772896516596980
10.2772896516596980
10.2772896516596980
10.2772896516596980
10.2772896516596980
10.2772896516596980
10.2772896516596980
10.2772896516596980
10.2772896516596980
10.2772896516596980
10.2772896516596980
10.2772896516596980
10.2772896516596980
10.2772896516596980
10.2772896516596980
10.2772896516596980
10.2772896516596980
10.2772896516596980
10.2772896516596980
10.2772896516596980
10.2772896516596980
10.2772896516596980
10.2772896516596980
10.2772896516596980
10.2772896516596980
10.2772896516596980
10.2772896516596980
10.2772896516596980
10.2772896516596980
10.2772896516596980
10.2772896516596980
10.2772896516596980
10.2772896516596980
10.0993416434104000


10.2772896516596980
10.2772896516596980
10.2772896516596980
10.2772896516596980
10.2772896516596980
10.2772896516596980
10.2772896516596980
10.2772896516596980
10.2772896516596980
10.2772896516596980
10.2772896516596980
10.2772896516596980
10.2772896516596980
10.2772896516596980
10.2772896516596980
10.2772896516596980
10.2772896516596980
10.2772896516596980
10.2772896516596980
10.2772896516596980
10.2772896516596980
10.2772896516596980
10.2772896516596980
10.2772896516596980
10.2772896516596980
10.2772896516596980
10.2772896516596980
10.2772896516596980
10.2772896516596980
10.2772896516596980
10.2772896516596980
10.2772896516596980
10.2772896516596980
10.2772896516596980
10.2772896516596980
10.2772896516596980
10.2772896516596980
10.2772896516596980
10.2772896516596980
10.0993416434104000


10.2772896516596980
10.2772896516596980
10.2772896516596980
10.2772896516596980
10.2772896516596980
10.2772896516596980
10.2772896516596980
10.2772896516596980
10.2772896516596980
10.2772896516596980
10.2772896516596980
10.2772896516596980
10.2772896516596980
10.2772896516596980
10.2772896516596980
10.2772896516596980
10.2772896516596980
10.2772896516596980
10.2772896516596980
10.2772896516596980
10.2772896516596980
10.2772896516596980
10.2772896516596980
10.2772896516596980
10.2772896516596980
10.2772896516596980
10.2772896516596980
10.2772896516596980
10.2772896516596980
10.2772896516596980
10.2772896516596980
10.2772896516596980
10.2772896516596980
10.2772896516596980
10.2772896516596980
10.2772896516596980
10.2772896516596980
10.2772896516596980
10.2772896516596980
10.0993416434104000


10.2772896516596980
10.2772896516596980
10.2772896516596980
10.2772896516596980
10.2772896516596980
10.2772896516596980
10.2772896516596980
10.2772896516596980
10.2772896516596980
10.2772896516596980
10.2772896516596980
10.2772896516596980
10.2772896516596980
10.2772896516596980
10.2772896516596980
10.2772896516596980
10.2772896516596980
10.2772896516596980
10.2772896516596980
10.2772896516596980
10.2772896516596980
10.2772896516596980
10.2772896516596980
10.2772896516596980
10.2772896516596980
10.2772896516596980
10.2772896516596980
10.2772896516596980
10.2772896516596980
10.2772896516596980
10.2772896516596980
10.2772896516596980
10.2772896516596980
10.2772896516596980
10.2772896516596980
10.2772896516596980
10.2772896516596980
10.2772896516596980
10.2772896516596980
10.0993416434104000


10.2772896516596980
10.2772896516596980
10.2772896516596980
10.2772896516596980
10.2772896516596980
10.2772896516596980
10.2772896516596980
10.2772896516596980
10.2772896516596980
10.2772896516596980
10.2772896516596980
10.2772896516596980
10.2772896516596980
10.2772896516596980
10.2772896516596980
10.2772896516596980
10.2772896516596980
10.2772896516596980
10.2772896516596980
10.2772896516596980
10.2772896516596980
10.2772896516596980
10.2772896516596980
10.2772896516596980
10.2772896516596980
10.2772896516596980
10.2772896516596980
10.2772896516596980
10.2772896516596980
10.2772896516596980
10.2772896516596980
10.2772896516596980
10.2772896516596980
10.2772896516596980
10.2772896516596980
10.2772896516596980
10.2772896516596980
10.2772896516596980
10.2772896516596980
10.0993416434104000


10.2772896516596980
10.2772896516596980
10.2772896516596980
10.2772896516596980
10.2772896516596980
10.2772896516596980
10.2772896516596980
10.2772896516596980
10.2772896516596980
10.2772896516596980
10.2772896516596980
10.2772896516596980
10.2772896516596980
10.2772896516596980
10.2772896516596980
10.2772896516596980
10.2772896516596980
10.2772896516596980
10.2772896516596980
10.2772896516596980
10.2772896516596980
10.2772896516596980
10.2772896516596980
10.2772896516596980
10.2772896516596980
10.2772896516596980
10.2772896516596980
10.2772896516596980
10.2772896516596980
10.2772896516596980
10.2772896516596980
10.2772896516596980
10.2772896516596980
10.2772896516596980
10.2772896516596980
10.2772896516596980
10.2772896516596980
10.2772896516596980
10.2772896516596980
10.0993416434104000


10.2772896516596980
10.2772896516596980
10.2772896516596980
10.2772896516596980
10.2772896516596980
10.2772896516596980
10.2772896516596980
10.2772896516596980
10.2772896516596980
10.2772896516596980
10.2772896516596980
10.2772896516596980
10.2772896516596980
10.2772896516596980
10.2772896516596980
10.2772896516596980
10.2772896516596980
10.2772896516596980
10.2772896516596980
10.2772896516596980
10.2772896516596980
10.2772896516596980
10.2772896516596980
10.2772896516596980
10.2772896516596980
10.2772896516596980
10.2772896516596980
10.2772896516596980
10.2772896516596980
10.2772896516596980
10.2772896516596980
10.2772896516596980
10.2772896516596980
10.2772896516596980
10.2772896516596980
10.2772896516596980
10.2772896516596980
10.2772896516596980
10.2772896516596980
10.0993416434104000


10.2772896516596980
10.2772896516596980
10.2772896516596980
10.2772896516596980
10.2772896516596980
10.2772896516596980
10.2772896516596980
10.2772896516596980
10.2772896516596980
10.2772896516596980
10.2772896516596980
10.2772896516596980
10.2772896516596980
10.2772896516596980
10.2772896516596980
10.2772896516596980
10.2772896516596980
10.2772896516596980
10.2772896516596980
10.2772896516596980
10.2772896516596980
10.2772896516596980
10.2772896516596980
10.2772896516596980
10.2772896516596980
10.2772896516596980
10.2772896516596980
10.2772896516596980
10.2772896516596980
10.2772896516596980
10.2772896516596980
10.2772896516596980
10.2772896516596980
10.2772896516596980
10.2772896516596980
10.2772896516596980
10.2772896516596980
10.2772896516596980
10.2772896516596980
10.0993416434104000


10.2772896516596980
10.2772896516596980
10.2772896516596980
10.2772896516596980
10.2772896516596980
10.2772896516596980
10.2772896516596980
10.2772896516596980
10.2772896516596980
10.2772896516596980
10.2772896516596980
10.2772896516596980
10.2772896516596980
10.2772896516596980
10.2772896516596980
10.2772896516596980
10.2772896516596980
10.2772896516596980
10.2772896516596980
10.2772896516596980
10.2772896516596980
10.2772896516596980
10.2772896516596980
10.2772896516596980
10.2772896516596980
10.2772896516596980
10.2772896516596980
10.2772896516596980
10.2772896516596980
10.2772896516596980
10.2772896516596980
10.2772896516596980
10.2772896516596980
10.2772896516596980
10.2772896516596980
10.2772896516596980
10.2772896516596980
10.2772896516596980
10.2772896516596980
10.0993416434104000


10.2772896516596980
10.2772896516596980
10.2772896516596980
10.2772896516596980
10.2772896516596980
10.2772896516596980
10.2772896516596980
10.2772896516596980
10.2772896516596980
10.2772896516596980
10.2772896516596980
10.2772896516596980
10.2772896516596980
10.2772896516596980
10.2772896516596980
10.2772896516596980
10.2772896516596980
10.2772896516596980
10.2772896516596980
10.2772896516596980
10.2772896516596980
10.2772896516596980
10.2772896516596980
10.2772896516596980
10.2772896516596980
10.2772896516596980
10.2772896516596980
10.2772896516596980
10.2772896516596980
10.2772896516596980
10.2772896516596980
10.2772896516596980
10.2772896516596980
10.2772896516596980
10.2772896516596980
10.2772896516596980
10.2772896516596980
10.2772896516596980
10.2772896516596980
10.0993416434104000


10.2772896516596980
10.2772896516596980
10.2772896516596980
10.2772896516596980
10.2772896516596980
10.2772896516596980
10.2772896516596980
10.2772896516596980
10.2772896516596980
10.2772896516596980
10.2772896516596980
10.2772896516596980
10.2772896516596980
10.2772896516596980
10.2772896516596980
10.2772896516596980
10.2772896516596980
10.2772896516596980
10.2772896516596980
10.2772896516596980
10.2772896516596980
10.2772896516596980
10.2772896516596980
10.2772896516596980
10.2772896516596980
10.2772896516596980
10.2772896516596980
10.2772896516596980
10.2772896516596980
10.2772896516596980
10.2772896516596980
10.2772896516596980
10.2772896516596980
10.2772896516596980
10.2772896516596980
10.2772896516596980
10.2772896516596980
10.2772896516596980
10.2772896516596980
10.0993416434104000


10.2772896516596980
10.2772896516596980
10.2772896516596980
10.2772896516596980
10.2772896516596980
10.2772896516596980
10.2772896516596980
10.2772896516596980
10.2772896516596980
10.2772896516596980
10.2772896516596980
10.2772896516596980
10.2772896516596980
10.2772896516596980
10.2772896516596980
10.2772896516596980
10.2772896516596980
10.2772896516596980
10.2772896516596980
10.2772896516596980
10.2772896516596980
10.2772896516596980
10.2772896516596980
10.2772896516596980
10.2772896516596980
10.2772896516596980
10.2772896516596980
10.2772896516596980
10.2772896516596980
10.2772896516596980
10.2772896516596980
10.2772896516596980
10.2772896516596980
10.2772896516596980
10.2772896516596980
10.2772896516596980
10.2772896516596980
10.2772896516596980
10.2772896516596980
10.0993416434104000


10.2772896516596980
10.2772896516596980
10.2772896516596980
10.2772896516596980
10.2772896516596980
10.2772896516596980
10.2772896516596980
10.2772896516596980
10.2772896516596980
10.2772896516596980
10.2772896516596980
10.2772896516596980
10.2772896516596980
10.2772896516596980
10.2772896516596980
10.2772896516596980
10.2772896516596980
10.2772896516596980
10.2772896516596980
10.2772896516596980
10.2772896516596980
10.2772896516596980
10.2772896516596980
10.2772896516596980
10.2772896516596980
10.2772896516596980
10.2772896516596980
10.2772896516596980
10.2772896516596980
10.2772896516596980
10.2772896516596980
10.2772896516596980
10.2772896516596980
10.2772896516596980
10.2772896516596980
10.2772896516596980
10.2772896516596980
10.2772896516596980
10.2772896516596980
10.0993416434104000


10.2772896516596980
10.2772896516596980
10.2772896516596980
10.2772896516596980
10.2772896516596980
10.2772896516596980
10.2772896516596980
10.2772896516596980
10.2772896516596980
10.2772896516596980
10.2772896516596980
10.2772896516596980
10.2772896516596980
10.2772896516596980
10.2772896516596980
10.2772896516596980
10.2772896516596980
10.2772896516596980
10.2772896516596980
10.2772896516596980
10.2772896516596980
10.2772896516596980
10.2772896516596980
10.2772896516596980
10.2772896516596980
10.2772896516596980
10.2772896516596980
10.2772896516596980
10.2772896516596980
10.2772896516596980
10.2772896516596980
10.2772896516596980
10.2772896516596980
10.2772896516596980
10.2772896516596980
10.2772896516596980
10.2772896516596980
10.2772896516596980
10.2772896516596980
10.0993416434104000


10.2772896516596980
10.2772896516596980
10.2772896516596980
10.2772896516596980
10.2772896516596980
10.2772896516596980
10.2772896516596980
10.2772896516596980
10.2772896516596980
10.2772896516596980
10.2772896516596980
10.2772896516596980
10.2772896516596980
10.2772896516596980
10.2772896516596980
10.2772896516596980
10.2772896516596980
10.2772896516596980
10.2772896516596980
10.2772896516596980
10.2772896516596980
10.2772896516596980
10.2772896516596980
10.2772896516596980
10.2772896516596980
10.2772896516596980
10.2772896516596980
10.2772896516596980
10.2772896516596980
10.2772896516596980
10.2772896516596980
10.2772896516596980
10.2772896516596980
10.2772896516596980
10.2772896516596980
10.2772896516596980
10.2772896516596980
10.2772896516596980
10.2772896516596980
10.0993416434104000


10.2772896516596980
10.2772896516596980
10.2772896516596980
10.2772896516596980
10.2772896516596980
10.2772896516596980
10.2772896516596980
10.2772896516596980
10.2772896516596980
10.2772896516596980
10.2772896516596980
10.2772896516596980
10.2772896516596980
10.2772896516596980
10.2772896516596980
10.2772896516596980
10.2772896516596980
10.2772896516596980
10.2772896516596980
10.2772896516596980
10.2772896516596980
10.2772896516596980
10.2772896516596980
10.2772896516596980
10.2772896516596980
10.2772896516596980
10.2772896516596980
10.2772896516596980
10.2772896516596980
10.2772896516596980
10.2772896516596980
10.2772896516596980
10.2772896516596980
10.2772896516596980
10.2772896516596980
10.2772896516596980
10.2772896516596980
10.2772896516596980
10.2772896516596980
10.0993416434104000


10.2772896516596980
10.2772896516596980
10.2772896516596980
10.2772896516596980
10.2772896516596980
10.2772896516596980
10.2772896516596980
10.2772896516596980
10.2772896516596980
10.2772896516596980
10.2772896516596980
10.2772896516596980
10.2772896516596980
10.2772896516596980
10.2772896516596980
10.2772896516596980
10.2772896516596980
10.2772896516596980
10.2772896516596980
10.2772896516596980
10.2772896516596980
10.2772896516596980
10.2772896516596980
10.2772896516596980
10.2772896516596980
10.2772896516596980
10.2772896516596980
10.2772896516596980
10.2772896516596980
10.2772896516596980
10.2772896516596980
10.2772896516596980
10.2772896516596980
10.2772896516596980
10.2772896516596980
10.2772896516596980
10.2772896516596980
10.2772896516596980
10.2772896516596980
10.0993416434104000


10.2772896516596980
10.2772896516596980
10.2772896516596980
10.2772896516596980
10.2772896516596980
10.2772896516596980
10.2772896516596980
10.2772896516596980
10.2772896516596980
10.2772896516596980
10.2772896516596980
10.2772896516596980
10.2772896516596980
10.2772896516596980
10.2772896516596980
10.2772896516596980
10.2772896516596980
10.2772896516596980
10.2772896516596980
10.2772896516596980
10.2772896516596980
10.2772896516596980
10.2772896516596980
10.2772896516596980
10.2772896516596980
10.2772896516596980
10.2772896516596980
10.2772896516596980
10.2772896516596980
10.2772896516596980
10.2772896516596980
10.2772896516596980
10.2772896516596980
10.2772896516596980
10.2772896516596980
10.2772896516596980
10.2772896516596980
10.2772896516596980
10.2772896516596980
10.0993416434104000


10.2772896516596980
10.2772896516596980
10.2772896516596980
10.2772896516596980
10.2772896516596980
10.2772896516596980
10.2772896516596980
10.2772896516596980
10.2772896516596980
10.2772896516596980
10.2772896516596980
10.2772896516596980
10.2772896516596980
10.2772896516596980
10.2772896516596980
10.2772896516596980
10.2772896516596980
10.2772896516596980
10.2772896516596980
10.2772896516596980
10.2772896516596980
10.2772896516596980
10.2772896516596980
10.2772896516596980
10.2772896516596980
10.2772896516596980
10.2772896516596980
10.2772896516596980
10.2772896516596980
10.2772896516596980
10.2772896516596980
10.2772896516596980
10.2772896516596980
10.2772896516596980
10.2772896516596980
10.2772896516596980
10.2772896516596980
10.2772896516596980
10.2772896516596980
10.0993416434104000


10.2772896516596980
10.2772896516596980
10.2772896516596980
10.2772896516596980
10.2772896516596980
10.2772896516596980
10.2772896516596980
10.2772896516596980
10.2772896516596980
10.2772896516596980
10.2772896516596980
10.2772896516596980
10.2772896516596980
10.2772896516596980
10.2772896516596980
10.2772896516596980
10.2772896516596980
10.2772896516596980
10.2772896516596980
10.2772896516596980
10.2772896516596980
10.2772896516596980
10.2772896516596980
10.2772896516596980
10.2772896516596980
10.2772896516596980
10.2772896516596980
10.2772896516596980
10.2772896516596980
10.2772896516596980
10.2772896516596980
10.2772896516596980
10.2772896516596980
10.2772896516596980
10.2772896516596980
10.2772896516596980
10.2772896516596980
10.2772896516596980
10.2772896516596980
10.0993416434104000


10.2772896516596980
10.2772896516596980
10.2772896516596980
10.2772896516596980
10.2772896516596980
10.2772896516596980
10.2772896516596980
10.2772896516596980
10.2772896516596980
10.2772896516596980
10.2772896516596980
10.2772896516596980
10.2772896516596980
10.2772896516596980
10.2772896516596980
10.2772896516596980
10.2772896516596980
10.2772896516596980
10.2772896516596980
10.2772896516596980
10.2772896516596980
10.2772896516596980
10.2772896516596980
10.2772896516596980
10.2772896516596980
10.2772896516596980
10.2772896516596980
10.2772896516596980
10.2772896516596980
10.2772896516596980
10.2772896516596980
10.2772896516596980
10.2772896516596980
10.2772896516596980
10.2772896516596980
10.2772896516596980
10.2772896516596980
10.2772896516596980
10.2772896516596980
10.0993416434104000


10.2772896516596980
10.2772896516596980
10.2772896516596980
10.2772896516596980
10.2772896516596980
10.2772896516596980
10.2772896516596980
10.2772896516596980
10.2772896516596980
10.2772896516596980
10.2772896516596980
10.2772896516596980
10.2772896516596980
10.2772896516596980
10.2772896516596980
10.2772896516596980
10.2772896516596980
10.2772896516596980
10.2772896516596980
10.2772896516596980
10.2772896516596980
10.2772896516596980
10.2772896516596980
10.2772896516596980
10.2772896516596980
10.2772896516596980
10.2772896516596980
10.2772896516596980
10.2772896516596980
10.2772896516596980
10.2772896516596980
10.2772896516596980
10.2772896516596980
10.2772896516596980
10.2772896516596980
10.2772896516596980
10.2772896516596980
10.2772896516596980
10.2772896516596980
10.0993416434104000


10.2772896516596980
10.2772896516596980
10.2772896516596980
10.2772896516596980
10.2772896516596980
10.2772896516596980
10.2772896516596980
10.2772896516596980
10.2772896516596980
10.2772896516596980
10.2772896516596980
10.2772896516596980
10.2772896516596980
10.2772896516596980
10.2772896516596980
10.2772896516596980
10.2772896516596980
10.2772896516596980
10.2772896516596980
10.2772896516596980
10.2772896516596980
10.2772896516596980
10.2772896516596980
10.2772896516596980
10.2772896516596980
10.2772896516596980
10.2772896516596980
10.2772896516596980
10.2772896516596980
10.2772896516596980
10.2772896516596980
10.2772896516596980
10.2772896516596980
10.2772896516596980
10.2772896516596980
10.2772896516596980
10.2772896516596980
10.2772896516596980
10.2772896516596980
10.0993416434104000


10.2772896516596980
10.2772896516596980
10.2772896516596980
10.2772896516596980
10.2772896516596980
10.2772896516596980
10.2772896516596980
10.2772896516596980
10.2772896516596980
10.2772896516596980
10.2772896516596980
10.2772896516596980
10.2772896516596980
10.2772896516596980
10.2772896516596980
10.2772896516596980
10.2772896516596980
10.2772896516596980
10.2772896516596980
10.2772896516596980
10.2772896516596980
10.2772896516596980
10.2772896516596980
10.2772896516596980
10.2772896516596980
10.2772896516596980
10.2772896516596980
10.2772896516596980
10.2772896516596980
10.2772896516596980
10.2772896516596980
10.2772896516596980
10.2772896516596980
10.2772896516596980
10.2772896516596980
10.2772896516596980
10.2772896516596980
10.2772896516596980
10.2772896516596980
10.0993416434104000


10.2772896516596980
10.2772896516596980
10.2772896516596980
10.2772896516596980
10.2772896516596980
10.2772896516596980
10.2772896516596980
10.2772896516596980
10.2772896516596980
10.2772896516596980
10.2772896516596980
10.2772896516596980
10.2772896516596980
10.2772896516596980
10.2772896516596980
10.2772896516596980
10.2772896516596980
10.2772896516596980
10.2772896516596980
10.2772896516596980
10.2772896516596980
10.2772896516596980
10.2772896516596980
10.2772896516596980
10.2772896516596980
10.2772896516596980
10.2772896516596980
10.2772896516596980
10.2772896516596980
10.2772896516596980
10.2772896516596980
10.2772896516596980
10.2772896516596980
10.2772896516596980
10.2772896516596980
10.2772896516596980
10.2772896516596980
10.2772896516596980
10.2772896516596980
10.0993416434104000


10.2772896516596980
10.2772896516596980
10.2772896516596980
10.2772896516596980
10.2772896516596980
10.2772896516596980
10.2772896516596980
10.2772896516596980
10.2772896516596980
10.2772896516596980
10.2772896516596980
10.2772896516596980
10.2772896516596980
10.2772896516596980
10.2772896516596980
10.2772896516596980
10.2772896516596980
10.2772896516596980
10.2772896516596980
10.2772896516596980
10.2772896516596980
10.2772896516596980
10.2772896516596980
10.2772896516596980
10.2772896516596980
10.2772896516596980
10.2772896516596980
10.2772896516596980
10.2772896516596980
10.2772896516596980
10.2772896516596980
10.2772896516596980
10.2772896516596980
10.2772896516596980
10.2772896516596980
10.2772896516596980
10.2772896516596980
10.2772896516596980
10.2772896516596980
10.0993416434104000


10.2772896516596980
10.2772896516596980
10.2772896516596980
10.2772896516596980
10.2772896516596980
10.2772896516596980
10.2772896516596980
10.2772896516596980
10.2772896516596980
10.2772896516596980
10.2772896516596980
10.2772896516596980
10.2772896516596980
10.2772896516596980
10.2772896516596980
10.2772896516596980
10.2772896516596980
10.2772896516596980
10.2772896516596980
10.2772896516596980
10.2772896516596980
10.2772896516596980
10.2772896516596980
10.2772896516596980
10.2772896516596980
10.2772896516596980
10.2772896516596980
10.2772896516596980
10.2772896516596980
10.2772896516596980
10.2772896516596980
10.2772896516596980
10.2772896516596980
10.2772896516596980
10.2772896516596980
10.2772896516596980
10.2772896516596980
10.2772896516596980
10.2772896516596980
10.0993416434104000


10.2772896516596980
10.2772896516596980
10.2772896516596980
10.2772896516596980
10.2772896516596980
10.2772896516596980
10.2772896516596980
10.2772896516596980
10.2772896516596980
10.2772896516596980
10.2772896516596980
10.2772896516596980
10.2772896516596980
10.2772896516596980
10.2772896516596980
10.2772896516596980
10.2772896516596980
10.2772896516596980
10.2772896516596980
10.2772896516596980
10.2772896516596980
10.2772896516596980
10.2772896516596980
10.2772896516596980
10.2772896516596980
10.2772896516596980
10.2772896516596980
10.2772896516596980
10.2772896516596980
10.2772896516596980
10.2772896516596980
10.2772896516596980
10.2772896516596980
10.2772896516596980
10.2772896516596980
10.2772896516596980
10.2772896516596980
10.2772896516596980
10.2772896516596980
10.0993416434104000


10.2772896516596980
10.2772896516596980
10.2772896516596980
10.2772896516596980
10.2772896516596980
10.2772896516596980
10.2772896516596980
10.2772896516596980
10.2772896516596980
10.2772896516596980
10.2772896516596980
10.2772896516596980
10.2772896516596980
10.2772896516596980
10.2772896516596980
10.2772896516596980
10.2772896516596980
10.2772896516596980
10.2772896516596980
10.2772896516596980
10.2772896516596980
10.2772896516596980
10.2772896516596980
10.2772896516596980
10.2772896516596980
10.2772896516596980
10.2772896516596980
10.2772896516596980
10.2772896516596980
10.2772896516596980
10.2772896516596980
10.2772896516596980
10.2772896516596980
10.2772896516596980
10.2772896516596980
10.2772896516596980
10.2772896516596980
10.2772896516596980
10.2772896516596980
10.0993416434104000


10.2772896516596980
10.2772896516596980
10.2772896516596980
10.2772896516596980
10.2772896516596980
10.2772896516596980
10.2772896516596980
10.2772896516596980
10.2772896516596980
10.2772896516596980
10.2772896516596980
10.2772896516596980
10.2772896516596980
10.2772896516596980
10.2772896516596980
10.2772896516596980
10.2772896516596980
10.2772896516596980
10.2772896516596980
10.2772896516596980
10.2772896516596980
10.2772896516596980
10.2772896516596980
10.2772896516596980
10.2772896516596980
10.2772896516596980
10.2772896516596980
10.2772896516596980
10.2772896516596980
10.2772896516596980
10.2772896516596980
10.2772896516596980
10.2772896516596980
10.2772896516596980
10.2772896516596980
10.2772896516596980
10.2772896516596980
10.2772896516596980
10.2772896516596980
10.0993416434104000


10.2772896516596980
10.2772896516596980
10.2772896516596980
10.2772896516596980
10.2772896516596980
10.2772896516596980
10.2772896516596980
10.2772896516596980
10.2772896516596980
10.2772896516596980
10.2772896516596980
10.2772896516596980
10.2772896516596980
10.2772896516596980
10.2772896516596980
10.2772896516596980
10.2772896516596980
10.2772896516596980
10.2772896516596980
10.2772896516596980
10.2772896516596980
10.2772896516596980
10.2772896516596980
10.2772896516596980
10.2772896516596980
10.2772896516596980
10.2772896516596980
10.2772896516596980
10.2772896516596980
10.2772896516596980
10.2772896516596980
10.2772896516596980
10.2772896516596980
10.2772896516596980
10.2772896516596980
10.2772896516596980
10.2772896516596980
10.2772896516596980
10.2772896516596980
10.0993416434104000


10.2772896516596980
10.2772896516596980
10.2772896516596980
10.2772896516596980
10.2772896516596980
10.2772896516596980
10.2772896516596980
10.2772896516596980
10.2772896516596980
10.2772896516596980
10.2772896516596980
10.2772896516596980
10.2772896516596980
10.2772896516596980
10.2772896516596980
10.2772896516596980
10.2772896516596980
10.2772896516596980
10.2772896516596980
10.2772896516596980
10.2772896516596980
10.2772896516596980
10.2772896516596980
10.2772896516596980
10.2772896516596980
10.2772896516596980
10.2772896516596980
10.2772896516596980
10.2772896516596980
10.2772896516596980
10.2772896516596980
10.2772896516596980
10.2772896516596980
10.2772896516596980
10.2772896516596980
10.2772896516596980
10.2772896516596980
10.2772896516596980
10.2772896516596980
10.0993416434104000


10.2772896516596980
10.2772896516596980
10.2772896516596980
10.2772896516596980
10.2772896516596980
10.2772896516596980
10.2772896516596980
10.2772896516596980
10.2772896516596980
10.2772896516596980
10.2772896516596980
10.2772896516596980
10.2772896516596980
10.2772896516596980
10.2772896516596980
10.2772896516596980
10.2772896516596980
10.2772896516596980
10.2772896516596980
10.2772896516596980
10.2772896516596980
10.2772896516596980
10.2772896516596980
10.2772896516596980
10.2772896516596980
10.2772896516596980
10.2772896516596980
10.2772896516596980
10.2772896516596980
10.2772896516596980
10.2772896516596980
10.2772896516596980
10.2772896516596980
10.2772896516596980
10.2772896516596980
10.2772896516596980
10.2772896516596980
10.2772896516596980
10.2772896516596980
10.0993416434104000


10.2772896516596980
10.2772896516596980
10.2772896516596980
10.2772896516596980
10.2772896516596980
10.2772896516596980
10.2772896516596980
10.2772896516596980
10.2772896516596980
10.2772896516596980
10.2772896516596980
10.2772896516596980
10.2772896516596980
10.2772896516596980
10.2772896516596980
10.2772896516596980
10.2772896516596980
10.2772896516596980
10.2772896516596980
10.2772896516596980
10.2772896516596980
10.2772896516596980
10.2772896516596980
10.2772896516596980
10.2772896516596980
10.2772896516596980
10.2772896516596980
10.2772896516596980
10.2772896516596980
10.2772896516596980
10.2772896516596980
10.2772896516596980
10.2772896516596980
10.2772896516596980
10.2772896516596980
10.2772896516596980
10.2772896516596980
10.2772896516596980
10.2772896516596980
10.0993416434104000


10.2772896516596980
10.2772896516596980
10.2772896516596980
10.2772896516596980
10.2772896516596980
10.2772896516596980
10.2772896516596980
10.2772896516596980
10.2772896516596980
10.2772896516596980
10.2772896516596980
10.2772896516596980
10.2772896516596980
10.2772896516596980
10.2772896516596980
10.2772896516596980
10.2772896516596980
10.2772896516596980
10.2772896516596980
10.2772896516596980
10.2772896516596980
10.2772896516596980
10.2772896516596980
10.2772896516596980
10.2772896516596980
10.2772896516596980
10.2772896516596980
10.2772896516596980
10.2772896516596980
10.2772896516596980
10.2772896516596980
10.2772896516596980
10.2772896516596980
10.2772896516596980
10.2772896516596980
10.2772896516596980
10.2772896516596980
10.2772896516596980
10.2772896516596980
10.0993416434104000


10.2772896516596980
10.2772896516596980
10.2772896516596980
10.2772896516596980
10.2772896516596980
10.2772896516596980
10.2772896516596980
10.2772896516596980
10.2772896516596980
10.2772896516596980
10.2772896516596980
10.2772896516596980
10.2772896516596980
10.2772896516596980
10.2772896516596980
10.2772896516596980
10.2772896516596980
10.2772896516596980
10.2772896516596980
10.2772896516596980
10.2772896516596980
10.2772896516596980
10.2772896516596980
10.2772896516596980
10.2772896516596980
10.2772896516596980
10.2772896516596980
10.2772896516596980
10.2772896516596980
10.2772896516596980
10.2772896516596980
10.2772896516596980
10.2772896516596980
10.2772896516596980
10.2772896516596980
10.2772896516596980
10.2772896516596980
10.2772896516596980
10.2772896516596980
10.0993416434104000


10.2772896516596980
10.2772896516596980
10.2772896516596980
10.2772896516596980
10.2772896516596980
10.2772896516596980
10.2772896516596980
10.2772896516596980
10.2772896516596980
10.2772896516596980
10.2772896516596980
10.2772896516596980
10.2772896516596980
10.2772896516596980
10.2772896516596980
10.2772896516596980
10.2772896516596980
10.2772896516596980
10.2772896516596980
10.2772896516596980
10.2772896516596980
10.2772896516596980
10.2772896516596980
10.2772896516596980
10.2772896516596980
10.2772896516596980
10.2772896516596980
10.2772896516596980
10.2772896516596980
10.2772896516596980
10.2772896516596980
10.2772896516596980
10.2772896516596980
10.2772896516596980
10.2772896516596980
10.2772896516596980
10.2772896516596980
10.2772896516596980
10.2772896516596980
10.0993416434104000


10.2772896516596980
10.2772896516596980
10.2772896516596980
10.2772896516596980
10.2772896516596980
10.2772896516596980
10.2772896516596980
10.2772896516596980
10.2772896516596980
10.2772896516596980
10.2772896516596980
10.2772896516596980
10.2772896516596980
10.2772896516596980
10.2772896516596980
10.2772896516596980
10.2772896516596980
10.2772896516596980
10.2772896516596980
10.2772896516596980
10.2772896516596980
10.2772896516596980
10.2772896516596980
10.2772896516596980
10.2772896516596980
10.2772896516596980
10.2772896516596980
10.2772896516596980
10.2772896516596980
10.2772896516596980
10.2772896516596980
10.2772896516596980
10.2772896516596980
10.2772896516596980
10.2772896516596980
10.2772896516596980
10.2772896516596980
10.2772896516596980
10.2772896516596980
10.0993416434104000


10.2772896516596980
10.2772896516596980
10.2772896516596980
10.2772896516596980
10.2772896516596980
10.2772896516596980
10.2772896516596980
10.2772896516596980
10.2772896516596980
10.2772896516596980
10.2772896516596980
10.2772896516596980
10.2772896516596980
10.2772896516596980
10.2772896516596980
10.2772896516596980
10.2772896516596980
10.2772896516596980
10.2772896516596980
10.2772896516596980
10.2772896516596980
10.2772896516596980
10.2772896516596980
10.2772896516596980
10.2772896516596980
10.2772896516596980
10.2772896516596980
10.2772896516596980
10.2772896516596980
10.2772896516596980
10.2772896516596980
10.2772896516596980
10.2772896516596980
10.2772896516596980
10.2772896516596980
10.2772896516596980
10.2772896516596980
10.2772896516596980
10.2772896516596980
10.0993416434104000


10.2772896516596980
10.2772896516596980
10.2772896516596980
10.2772896516596980
10.2772896516596980
10.2772896516596980
10.2772896516596980
10.2772896516596980
10.2772896516596980
10.2772896516596980
10.2772896516596980
10.2772896516596980
10.2772896516596980
10.2772896516596980
10.2772896516596980
10.2772896516596980
10.2772896516596980
10.2772896516596980
10.2772896516596980
10.2772896516596980
10.2772896516596980
10.2772896516596980
10.2772896516596980
10.2772896516596980
10.2772896516596980
10.2772896516596980
10.2772896516596980
10.2772896516596980
10.2772896516596980
10.2772896516596980
10.2772896516596980
10.2772896516596980
10.2772896516596980
10.2772896516596980
10.2772896516596980
10.2772896516596980
10.2772896516596980
10.2772896516596980
10.2772896516596980
10.0993416434104000


10.2772896516596980
10.2772896516596980
10.2772896516596980
10.2772896516596980
10.2772896516596980
10.2772896516596980
10.2772896516596980
10.2772896516596980
10.2772896516596980
10.2772896516596980
10.2772896516596980
10.2772896516596980
10.2772896516596980
10.2772896516596980
10.2772896516596980
10.2772896516596980
10.2772896516596980
10.2772896516596980
10.2772896516596980
10.2772896516596980
10.2772896516596980
10.2772896516596980
10.2772896516596980
10.2772896516596980
10.2772896516596980
10.2772896516596980
10.2772896516596980
10.2772896516596980
10.2772896516596980
10.2772896516596980
10.2772896516596980
10.2772896516596980
10.2772896516596980
10.2772896516596980
10.2772896516596980
10.2772896516596980
10.2772896516596980
10.2772896516596980
10.2772896516596980
10.0993416434104000


10.2772896516596980
10.2772896516596980
10.2772896516596980
10.2772896516596980
10.2772896516596980
10.2772896516596980
10.2772896516596980
10.2772896516596980
10.2772896516596980
10.2772896516596980
10.2772896516596980
10.2772896516596980
10.2772896516596980
10.2772896516596980
10.2772896516596980
10.2772896516596980
10.2772896516596980
10.2772896516596980
10.2772896516596980
10.2772896516596980
10.2772896516596980
10.2772896516596980
10.2772896516596980
10.2772896516596980
10.2772896516596980
10.2772896516596980
10.2772896516596980
10.2772896516596980
10.2772896516596980
10.2772896516596980
10.2772896516596980
10.2772896516596980
10.2772896516596980
10.2772896516596980
10.2772896516596980
10.2772896516596980
10.2772896516596980
10.2772896516596980
10.2772896516596980
10.0993416434104000


10.2772896516596980
10.2772896516596980
10.2772896516596980
10.2772896516596980
10.2772896516596980
10.2772896516596980
10.2772896516596980
10.2772896516596980
10.2772896516596980
10.2772896516596980
10.2772896516596980
10.2772896516596980
10.2772896516596980
10.2772896516596980
10.2772896516596980
10.2772896516596980
10.2772896516596980
10.2772896516596980
10.2772896516596980
10.2772896516596980
10.2772896516596980
10.2772896516596980
10.2772896516596980
10.2772896516596980
10.2772896516596980
10.2772896516596980
10.2772896516596980
10.2772896516596980
10.2772896516596980
10.2772896516596980
10.2772896516596980
10.2772896516596980
10.2772896516596980
10.2772896516596980
10.2772896516596980
10.2772896516596980
10.2772896516596980
10.2772896516596980
10.2772896516596980
10.0993416434104000


10.2772896516596980
10.2772896516596980
10.2772896516596980
10.2772896516596980
10.2772896516596980
10.2772896516596980
10.2772896516596980
10.2772896516596980
10.2772896516596980
10.2772896516596980
10.2772896516596980
10.2772896516596980
10.2772896516596980
10.2772896516596980
10.2772896516596980
10.2772896516596980
10.2772896516596980
10.2772896516596980
10.2772896516596980
10.2772896516596980
10.2772896516596980
10.2772896516596980
10.2772896516596980
10.2772896516596980
10.2772896516596980
10.2772896516596980
10.2772896516596980
10.2772896516596980
10.2772896516596980
10.2772896516596980
10.2772896516596980
10.2772896516596980
10.2772896516596980
10.2772896516596980
10.2772896516596980
10.2772896516596980
10.2772896516596980
10.2772896516596980
10.2772896516596980
10.0993416434104000


10.2772896516596980
10.2772896516596980
10.2772896516596980
10.2772896516596980
10.2772896516596980
10.2772896516596980
10.2772896516596980
10.2772896516596980
10.2772896516596980
10.2772896516596980
10.2772896516596980
10.2772896516596980
10.2772896516596980
10.2772896516596980
10.2772896516596980
10.2772896516596980
10.2772896516596980
10.2772896516596980
10.2772896516596980
10.2772896516596980
10.2772896516596980
10.2772896516596980
10.2772896516596980
10.2772896516596980
10.2772896516596980
10.2772896516596980
10.2772896516596980
10.2772896516596980
10.2772896516596980
10.2772896516596980
10.2772896516596980
10.2772896516596980
10.2772896516596980
10.2772896516596980
10.2772896516596980
10.2772896516596980
10.2772896516596980
10.2772896516596980
10.2772896516596980
10.0993416434104000


10.2772896516596980
10.2772896516596980
10.2772896516596980
10.2772896516596980
10.2772896516596980
10.2772896516596980
10.2772896516596980
10.2772896516596980
10.2772896516596980
10.2772896516596980
10.2772896516596980
10.2772896516596980
10.2772896516596980
10.2772896516596980
10.2772896516596980
10.2772896516596980
10.2772896516596980
10.2772896516596980
10.2772896516596980
10.2772896516596980
10.2772896516596980
10.2772896516596980
10.2772896516596980
10.2772896516596980
10.2772896516596980
10.2772896516596980
10.2772896516596980
10.2772896516596980
10.2772896516596980
10.2772896516596980
10.2772896516596980
10.2772896516596980
10.2772896516596980
10.2772896516596980
10.2772896516596980
10.2772896516596980
10.2772896516596980
10.2772896516596980
10.2772896516596980
10.0993416434104000


10.2772896516596980
10.2772896516596980
10.2772896516596980
10.2772896516596980
10.2772896516596980
10.2772896516596980
10.2772896516596980
10.2772896516596980
10.2772896516596980
10.2772896516596980
10.2772896516596980
10.2772896516596980
10.2772896516596980
10.2772896516596980
10.2772896516596980
10.2772896516596980
10.2772896516596980
10.2772896516596980
10.2772896516596980
10.2772896516596980
10.2772896516596980
10.2772896516596980
10.2772896516596980
10.2772896516596980
10.2772896516596980
10.2772896516596980
10.2772896516596980
10.2772896516596980
10.2772896516596980
10.2772896516596980
10.2772896516596980
10.2772896516596980
10.2772896516596980
10.2772896516596980
10.2772896516596980
10.2772896516596980
10.2772896516596980
10.2772896516596980
10.2772896516596980
10.0993416434104000


10.2772896516596980
10.2772896516596980
10.2772896516596980
10.2772896516596980
10.2772896516596980
10.2772896516596980
10.2772896516596980
10.2772896516596980
10.2772896516596980
10.2772896516596980
10.2772896516596980
10.2772896516596980
10.2772896516596980
10.2772896516596980
10.2772896516596980
10.2772896516596980
10.2772896516596980
10.2772896516596980
10.2772896516596980
10.2772896516596980
10.2772896516596980
10.2772896516596980
10.2772896516596980
10.2772896516596980
10.2772896516596980
10.2772896516596980
10.2772896516596980
10.2772896516596980
10.2772896516596980
10.2772896516596980
10.2772896516596980
10.2772896516596980
10.2772896516596980
10.2772896516596980
10.2772896516596980
10.2772896516596980
10.2772896516596980
10.2772896516596980
10.2772896516596980
10.0993416434104000


