1.8524713174245155
1.8517928675351403
1.8517928675351403
1.8517928675351403
1.8517928675351403
1.8517928675351403
1.8517928675351403
1.8517928675351403
1.8517928675351403
1.8517928675351403
1.8517928675351403
1.8517928675351403
1.8517928675351403
1.8517928675351403
1.8517928675351403
1.8517928675351403
1.8517928675351403
1.8517928675351403
1.8517928675351403
1.8517928675351403
1.8517928675351403
1.8517928675351403
1.8517928675351403
1.8517928675351403
1.8517928675351403
1.8517928675351403
1.8517928675351403
1.8517928675351403
1.8517928675351403
1.8517928675351403
1.8517928675351403
1.8517928675351403
1.8517928675351403
1.8517928675351403
1.8517928675351403
1.8517928675351403
1.8517928675351403
1.8517928675351403
1.8517928675351403
1.8517928675351403
1.8517928675351403
1.8517928675351403
1.8517928675351403
1.8517928675351403
1.8517928675351403
1.8517928675351403
1.8517928675351403
1.8517928675351403
1.8517928675351403
1.8517928675351403
1.8517928675351403
1.8517928675351403
1.8517928675351403
1.8517928675351403
1.8517928675351403
1.8517928675351403
1.8517928675351403
1.8517928675351403
1.8517928675351403
1.8517928675351403
1.8517928675351403
1.8517928675351403
1.8517928675351403
1.8517928675351403
1.8517928675351403
1.8517928675351403
1.8517928675351403
1.8517928675351403
1.8517928675351403
1.8517928675351403
1.8517928675351403
1.8517928675351403
1.8517928675351403
1.8517928675351403
1.8517928675351403
1.8517928675351403
1.8517928675351403
1.8517928675351403
1.8517928675351403
1.8517928675351403
1.8517928675351403
1.8517928675351403
1.8517928675351403
1.8517928675351403
1.8517928675351403
1.8517928675351403
1.8517928675351403
1.8517928675351403
1.8517928675351403
1.8517928675351403
1.8517928675351403
1.8517928675351403
1.8517928675351403
1.8517928675351403
1.8517928675351403
1.8517928675351403
1.8517928675351403
1.8517928675351403
1.8517928675351403
1.8517928675351403
