1.7391814511770443
1.7391814958805292
1.7391814958805292
1.7391814958805292
1.5456609441536946
1.7391814958805292
1.7391814511770443
1.7391814958805292
1.7391814511770443
1.7391814511770443
1.7391814511770443
1.7391814511770443
1.7391814511770443
1.7391804975026994
1.7391804975026994
1.7391804975026994
1.7391804975026994
1.7392339032660098
1.7392339032660098
1.7392293733128719
1.7392293733128719
1.7392300885686305
1.7392300885686305
1.7392339032660098
1.7392339032660098
1.7392339032660098
1.7392339032660098
1.7392339032660098
1.7392339032660098
1.7392339032660098
1.7392339032660098
1.7392339032660098
1.7392339032660098
1.7392339032660098
1.7392339032660098
1.7392339032660098
1.7392339032660098
1.7392339032660098
1.7392339032660098
1.7392339032660098
1.7392339032660098
1.7392339032660098
1.7392339032660098
1.7392339032660098
1.7392339032660098
1.7392339032660098
1.7392339032660098
1.7392339032660098
1.7392339032660098
1.7392339032660098
1.7392339032660098
1.7392339032660098
1.7392339032660098
1.7392339032660098
1.7392339032660098
1.7392339032660098
1.7392339032660098
1.7392339032660098
1.7392339032660098
1.7392339032660098
1.7392339032660098
1.7392339032660098
1.7392339032660098
1.7392339032660098
1.7392339032660098
1.7392339032660098
1.7392339032660098
1.7392339032660098
1.7392339032660098
1.7392339032660098
1.7392339032660098
1.7392339032660098
1.7392339032660098
1.7392339032660098
1.7392339032660098
1.7392339032660098
1.7392339032660098
1.7392339032660098
1.7392339032660098
1.7392339032660098
1.7392339032660098
1.7392339032660098
1.7392339032660098
1.7392339032660098
1.7392339032660098
1.7392339032660098
1.7392339032660098
1.7392339032660098
1.7392339032660098
1.7392339032660098
1.7392339032660098
1.7392339032660098
1.7392339032660098
1.7392339032660098
1.7392339032660098
1.7392339032660098
1.7392339032660098
1.7392339032660098
1.7392339032660098
1.7392339032660098
