1.9275636949409156
1.5247752375833761
1.5349344919602421
1.9275636949409156
1.9275636949409156
1.9275636949409156
1.5349344919602421
1.5349344919602421
1.5349344919602421
1.5349344919602421
1.5349344919602421
1.5349344919602421
1.9099726501099066
1.5349344919602421
1.5349344919602421
1.5349344919602421
1.5349344919602421
1.5349344919602421
1.5349344919602421
1.5349344919602421
1.5349344919602421
1.5349344919602421
1.5349344919602421
1.5349344919602421
1.5349344919602421
1.5349344919602421
1.5349344919602421
1.5349344919602421
1.5349344919602421
1.5349344919602421
1.5349344919602421
1.5349344919602421
1.5349344919602421
1.5349344919602421
1.5349344919602421
1.5349344919602421
1.5349344919602421
1.5349344919602421
1.5349344919602421
1.5349344919602421
1.5349344919602421
1.5349344919602421
1.5349344919602421
1.5349344919602421
1.5349344919602421
1.5349344919602421
1.5349344919602421
1.5349344919602421
1.5349344919602421
1.5349344919602421
1.5349344919602421
1.5349344919602421
1.5349344919602421
1.5349344919602421
1.5349344919602421
1.5349344919602421
1.5349344919602421
1.5349344919602421
1.5349344919602421
1.5349344919602421
1.5349344919602421
1.5349344919602421
1.5349344919602421
1.5349344919602421
1.5349344919602421
1.5349344919602421
1.5349344919602421
1.5349344919602421
1.5349344919602421
1.5349344919602421
1.5349344919602421
1.5349344919602421
1.5349344919602421
1.5349344919602421
1.5349344919602421
1.5349344919602421
1.5349344919602421
1.5349344919602421
1.5349344919602421
1.5349344919602421
1.5349344919602421
1.5349344919602421
1.5349344919602421
1.5349344919602421
1.5349344919602421
1.5349344919602421
1.5349344919602421
1.5349344919602421
1.5349344919602421
1.5349344919602421
1.5349344919602421
1.5349344919602421
1.5349344919602421
1.5349344919602421
1.5349344919602421
1.5349344919602421
1.5349344919602421
1.5349344919602421
1.5349344919602421
1.5349344919602421
