1.5821248168386464
1.9883748289458403
1.5935881612774181
1.5935892788645409
1.5935892788645409
1.5935892788645409
1.5935892788645409
1.8321248242892272
1.8321248242892272
1.8321248242892272
1.8321248242892272
1.8321248242892272
1.9217259264506676
1.9217259264506676
1.9217259264506676
1.9217259264506676
1.9217259264506676
1.9217259264506676
1.9217259264506676
1.9217259264506676
1.9217259264506676
1.9217259264506676
1.9217259264506676
1.9217259264506676
1.9217259264506676
1.9217259264506676
1.9217259264506676
1.9217259264506676
1.9217259264506676
1.8321133801970892
1.8323540041552187
1.8323540041552187
1.8323540041552187
1.8323540041552187
1.8321518251941151
1.8321518251941151
1.8321518251941151
1.8321518251941151
1.8321157792841130
1.8321157792841130
1.8321157792841130
1.8321136782203220
1.8321136782203220
1.8321136782203220
1.8321136782203220
1.8321441957993565
1.8321441957993565
1.8321441957993565
1.8321441957993565
1.8321441957993565
1.8321441957993565
1.8323599646198738
1.8323599646198738
1.8323599646198738
1.8323599646198738
1.8323599646198738
1.8323580572711842
1.8321136484179987
1.8321136484179987
1.8321136484179987
1.8321136484179987
1.8321136484179987
1.8323542425738049
1.8323542425738049
1.8323542425738049
1.8323542425738049
1.8323542425738049
1.8323594132768932
1.8321139166389082
1.8321139166389082
1.8321139166389082
1.8321139166389082
1.8321139166389082
1.8321139166389082
1.8321139166389082
1.8321139166389082
1.8321139166389082
1.8321139166389082
1.8321139166389082
1.8321139166389082
1.8321139166389082
1.8323542425738049
1.8323542425738049
1.8323542425738049
1.8323542425738049
1.8323542425738049
1.8323542425738049
1.8323542425738049
1.8323542425738049
1.8323542425738049
1.8323542425738049
1.8323542425738049
1.8323542425738049
1.8323542425738049
1.8323542425738049
1.8323542425738049
1.8323542425738049
1.8323542425738049
1.8323542425738049
1.8323542425738049
