1.7773711913040635
1.7526145950738965
1.7526145950738965
1.7526145950738965
1.7526145950738965
1.7526145950738965
1.7526145950738965
1.7526145950738965
1.7526145950738965
1.7526145950738965
1.7526145950738965
1.7526145950738965
1.7526145950738965
1.7526145950738965
1.7526145950738965
1.7526145950738965
1.7526145950738965
1.7526145950738965
1.7526145950738965
1.7526145950738965
1.7526145950738965
1.7526145950738965
1.7526145950738965
1.7526145950738965
1.7526145950738965
1.7526145950738965
1.7526145950738965
1.7526145950738965
1.7526145950738965
1.7526145950738965
1.7526145950738965
1.7526145950738965
1.7526145950738965
1.7526145950738965
1.7526145950738965
1.7526145950738965
1.7526145950738965
1.7526145950738965
1.7526145950738965
1.7526145950738965
1.7526145950738965
1.7526145950738965
1.7526145950738965
1.7526145950738965
1.7526145950738965
1.7526145950738965
1.7526145950738965
1.7526145950738965
1.7526145950738965
1.7526145950738965
1.7526145950738965
1.7526145950738965
1.7526145950738965
1.7526145950738965
1.7526145950738965
1.7526145950738965
1.7526145950738965
1.7526145950738965
1.7526145950738965
1.7526145950738965
1.7526145950738965
1.7526145950738965
1.7526145950738965
1.7526145950738965
1.7526145950738965
1.7526145950738965
1.7526145950738965
1.7526145950738965
1.7526145950738965
1.7526145950738965
1.7526145950738965
1.7526145950738965
1.7526145950738965
1.7526145950738965
1.7526145950738965
1.7526145950738965
1.7526145950738965
1.7526145950738965
1.7526145950738965
1.7526145950738965
1.7526145950738965
1.7526145950738965
1.7526145950738965
1.7526145950738965
1.7526145950738965
1.7526145950738965
1.7526145950738965
1.7526145950738965
1.7526145950738965
1.7526145950738965
1.7526145950738965
1.7526145950738965
1.7526145950738965
1.7526145950738965
1.7526145950738965
1.7526145950738965
1.7526145950738965
1.7526145950738965
1.7526145950738965
1.7526145950738965
