12.4217373552489540
12.3790625529524620
12.3790625529524620
12.3945801338762220
12.3945801338762220
12.4014705772217550
12.4014705772217550
12.4014705772217550
12.4014705772217550
12.4009602452144010
12.4009602452144010
12.4009602452144010
12.4001555257868080
12.4001555257868080
12.4001555257868080
12.4001555257868080
12.4001555257868080
12.4001555257868080
12.4001555257868080
12.4001028678504960
12.4000544945495720
12.4000544945495720
12.4000544945495720
12.4000544945495720
12.4000544945495720
12.3999875952168260
12.3999875952168260
12.3999875952168260
12.3999995509913920
12.3999995509913920
12.3999995509913920
12.3999995509913920
12.3999995509913920
12.3999995509913920
12.3999995509913920
12.3999995509913920
12.3999995509913920
12.3999995509913920
12.3999995509913920
12.3999995509913920
12.3999995509913920
12.3999995509913920
12.3999995509913920
12.3999995509913920
12.3999995509913920
12.3999995509913920
12.3999995509913920
12.3999995509913920
12.3999995509913920
12.3999995509913920
12.3999995995394220
12.3999995995394220
12.3999995995394220
12.3999995995394220
12.3999995995394220
12.3999995995394220
12.3999995995394220
12.3999995995394220
12.3999995995394220
12.3999995995394220
12.3999995995394220
12.3999995995394220
12.3999995995394220
12.3999995995394220
12.3999995995394220
12.3999995995394220
12.3999995995394220
12.3999995995394220
12.3999995995394220
12.3999995995394220
12.3999995995394220
12.3999995995394220
12.3999995995394220
12.3999995995394220
12.3999995995394220
12.3999995995394220
12.3999995995394220
12.3999995995394220
12.3999995995394220
12.3999995995394220
12.3999995995394220
12.3999995995394220
12.3999995995394220
12.3999995995394220
12.3999995995394220
12.3999995995394220
12.3999995995394220
12.3999995995394220
12.3999995995394220
12.3999995995394220
12.3999995995394220
12.3999995995394220
12.3999995995394220
12.3999995995394220
12.3999995995394220
12.3999995995394220
12.3999995995394220
12.3999995995394220
12.3999995995394220
12.3999995995394220
