9.1765496545001746
9.1765498348042307
9.1765498348042307
9.1765281983175324
9.1765512772366780
9.1767128296706915
9.1767083220692953
9.1767083220692953
9.1767083220692953
9.1767083220692953
9.1767085023733515
9.1767085023733515
9.1767077811571287
9.1767077811571287
9.1767359085898370
9.1767085023733515
9.1767085023733515
9.1767085023733515
9.1767085023733515
9.1767085023733515
9.1767085023733515
9.1767085023733515
9.1767085023733515
9.1767077811571287
9.1767359085898370
9.1767359085898370
9.1767359085898370
9.1767359085898370
9.1767359085898370
9.1767359085898370
9.1767359085898370
9.1767359085898370
9.1767359085898370
9.1767359085898370
9.1767359085898370
9.1767359085898370
9.1767359085898370
9.1767359085898370
9.1767359085898370
9.1767359085898370
9.1767359085898370
9.1767359085898370
9.1767359085898370
9.1767359085898370
9.1767359085898370
9.1767359085898370
9.1767359085898370
9.1767359085898370
9.1767359085898370
9.1767359085898370
9.1767359085898370
9.1767359085898370
9.1767359085898370
9.1767359085898370
9.1767359085898370
9.1767359085898370
9.1767359085898370
9.1767359085898370
9.1767359085898370
9.1767359085898370
9.1767359085898370
9.1767359085898370
9.1767359085898370
9.1767359085898370
9.1767359085898370
9.1767359085898370
9.1767359085898370
9.1767359085898370
9.1767359085898370
9.1767359085898370
9.1767359085898370
9.1767359085898370
9.1767359085898370
9.1767359085898370
9.1767359085898370
9.1767359085898370
9.1767359085898370
9.1767359085898370
9.1767359085898370
9.1767359085898370
9.1767359085898370
9.1767359085898370
9.1767359085898370
9.1767359085898370
9.1767359085898370
9.1767359085898370
9.1767359085898370
9.1767359085898370
9.1767359085898370
9.1767359085898370
9.1767359085898370
9.1767359085898370
9.1767359085898370
9.1767359085898370
9.1767359085898370
9.1767359085898370
9.1767359085898370
9.1767359085898370
9.1767359085898370
9.1767359085898370
