12.4033592588406540
12.4032077624457030
12.4020799674070760
12.4020799674070760
12.4020799674070760
12.4015235311999450
12.4015235311999450
12.4012648226018310
12.4012648226018310
12.4012478888984390
12.4011663622028310
12.4011663622028310
12.4011464833166030
12.4011408876816920
12.4010501204003790
12.4008706012624420
12.4008671040406320
12.4008615084634070
12.4008615084634070
12.4008615084634070
12.4008615084634070
12.4008615084634070
12.4008320908003850
12.4007854389738660
12.4007854389738660
12.4007854389738660
12.4007854389738660
12.4007854389738660
12.4007854389738660
12.4007854389738660
12.4007854389738660
12.4007842972431600
12.4007839166663490
12.4007839166663490
12.4007839166663490
12.4007839166663490
12.4007839166663490
12.4007839166663490
12.4007839166663490
12.4007839166663490
12.4007839166663490
12.4007839166663490
12.4007839166663490
12.4007839166663490
12.4007839166663490
12.4007839166663490
12.4007839166663490
12.4007839166663490
12.4007839166663490
12.4007839166663490
12.4007839166663490
12.4007839166663490
12.4007839166663490
12.4007839166663490
12.4007839166663490
12.4007839166663490
12.4007839166663490
12.4007839166663490
12.4007839166663490
12.4007839166663490
12.4007839166663490
12.4007839166663490
12.4007839166663490
12.4007839166663490
12.4007839166663490
12.4007839166663490
12.4007839166663490
12.4007839166663490
12.4007839166663490
12.4007839166663490
12.4007839166663490
12.4007839166663490
12.4007839166663490
12.4007839166663490
12.4007839166663490
12.4007839166663490
12.4007839166663490
12.4007839166663490
12.4007839166663490
12.4007839166663490
12.4007839166663490
12.4007839166663490
12.4007839166663490
12.4007839166663490
12.4007839166663490
12.4007839166663490
12.4007839166663490
12.4007839166663490
12.4007839166663490
12.4007839166663490
12.4007839166663490
12.4007839166663490
12.4007839166663490
12.4007839166663490
12.4007839166663490
12.4007839166663490
12.4007839166663490
12.4007839166663490
12.4007839166663490
12.4007839166663490
