7.9493539124534696
8.6222329623172556
8.6222327820132012
8.6222329623172556
8.6222329623172556
8.6222329623172556
8.6222329623172556
8.6222327820132012
8.6222329623172556
8.6222329623172556
8.6222271925874701
8.6222271925874701
8.6222271925874701
8.6222271925874701
8.6222098833981118
8.6222098833981118
8.6222041136683245
8.6222041136683245
8.6222041136683245
8.6222041136683245
8.6222041136683245
8.6221983439385390
8.6221983439385390
8.6221983439385390
8.6221983439385390
8.6221983439385390
8.6221983439385390
8.6221983439385390
8.6221983439385390
8.6221983439385390
8.6221983439385390
8.6221983439385390
8.6221983439385390
8.6221983439385390
8.6221983439385390
8.6221983439385390
8.6221983439385390
8.6221983439385390
8.6221983439385390
8.6221983439385390
8.6221983439385390
8.6221983439385390
8.6221983439385390
8.6221983439385390
8.6221983439385390
8.6221983439385390
8.6221983439385390
8.6221983439385390
8.6221983439385390
8.6221983439385390
8.6221983439385390
8.6221983439385390
8.6221983439385390
8.6221983439385390
8.6221983439385390
8.6221983439385390
8.6221983439385390
8.6221983439385390
8.6221983439385390
8.6221983439385390
8.6221983439385390
8.6221983439385390
8.6221983439385390
8.6221983439385390
8.6221983439385390
8.6221983439385390
8.6221983439385390
8.6221983439385390
8.6221983439385390
8.6221983439385390
8.6221983439385390
8.6221983439385390
8.6221983439385390
8.6221983439385390
8.6221983439385390
8.6221983439385390
8.6221983439385390
8.6221983439385390
8.6221983439385390
8.6221983439385390
8.6221983439385390
8.6221983439385390
8.6221983439385390
8.6221983439385390
8.6221983439385390
8.6221983439385390
8.6221983439385390
8.6221983439385390
8.6221983439385390
8.6221983439385390
8.6221983439385390
8.6221983439385390
8.6221983439385390
8.6221983439385390
8.6221983439385390
8.6221983439385390
8.6221983439385390
8.6221983439385390
8.6221983439385390
8.6221983439385390
