8.8984713971159266
8.8984713971159266
8.8984722986362055
8.8984722986362055
8.8984722986362055
8.8984722986362055
8.8984722986362055
8.8984713971159266
8.8984713971159266
8.8984722986362055
8.8984715774199827
8.8984715774199827
8.8984713971159266
8.8984713971159266
8.8984713971159266
8.8984713971159266
8.8984713971159266
8.8984713971159266
8.8984713971159266
8.8984713971159266
8.8984713971159266
8.8984713971159266
8.8984713971159266
8.8984713971159266
8.8984713971159266
8.8984713971159266
8.8984713971159266
8.8984713971159266
8.8984713971159266
8.8984713971159266
8.8984713971159266
8.8984713971159266
8.8984713971159266
8.8984713971159266
8.8984713971159266
8.8984713971159266
8.8984713971159266
8.8984713971159266
8.8984713971159266
8.8984713971159266
8.8984713971159266
8.8984713971159266
8.8984713971159266
8.8984713971159266
8.8984713971159266
8.8984713971159266
8.8984713971159266
8.8984713971159266
8.8984713971159266
8.8984713971159266
8.8984713971159266
8.8984713971159266
8.8984713971159266
8.8984713971159266
8.8984713971159266
8.8984713971159266
8.8984713971159266
8.8984713971159266
8.8984713971159266
8.8984713971159266
8.8984713971159266
8.8984713971159266
8.8984713971159266
8.8984713971159266
8.8984713971159266
8.8984713971159266
8.8984713971159266
8.8984713971159266
8.8984713971159266
8.8984713971159266
8.8984713971159266
8.8984713971159266
8.8984713971159266
8.8984713971159266
8.8984713971159266
8.8984713971159266
8.8984713971159266
8.8984713971159266
8.8984713971159266
8.8984713971159266
8.8984713971159266
8.8984713971159266
8.8984713971159266
8.8984713971159266
8.8984713971159266
8.8984713971159266
8.8984713971159266
8.8984713971159266
8.8984713971159266
8.8984713971159266
8.8984713971159266
8.8984713971159266
8.8984713971159266
8.8984713971159266
8.8984713971159266
8.8984713971159266
8.8984713971159266
8.8984713971159266
8.8984713971159266
8.8984713971159266
