7.5412135089368597
12.0657184384348640
12.5863046479488520
12.5768778518912680
12.5768778518912680
12.5768778518912680
12.5768778518912680
12.4457386142571490
12.4414163266436050
12.4321210270469780
12.4317059464829500
12.4317059464829500
12.4317059464829500
12.4317059464829500
12.4315468452371490
12.4315246617381130
12.4314607243655150
12.4314597217277530
12.4314597217277530
12.4314597217277530
12.4314137325281050
12.4313994196205330
12.4313994196205330
12.4313994196205330
12.4313957847118300
12.4313504538592050
12.4313504538592050
12.4313504538592050
12.4313487931653020
12.4313487931653020
12.4313487931653020
12.4313487931653020
12.4313487931653020
12.4313487931653020
12.4313487931653020
12.4313487931653020
12.4313487931653020
12.4313487931653020
12.4313487931653020
12.4313487931653020
12.4313487931653020
12.4313487931653020
12.4313487931653020
12.4313487931653020
12.4313487931653020
12.4313487931653020
12.4313487931653020
12.4313487931653020
12.4313487931653020
12.4313487931653020
12.4313487931653020
12.4313487931653020
12.4313487931653020
12.4313487931653020
12.4313487931653020
12.4313487931653020
12.4313487931653020
12.4313487931653020
12.4313487931653020
12.4313487931653020
12.4313487931653020
12.4313487931653020
12.4313487931653020
12.4313487931653020
12.4313487931653020
12.4313487931653020
12.4313487931653020
12.4313487931653020
12.4313487931653020
12.4313487931653020
12.4313487931653020
12.4313487931653020
12.4313487931653020
12.4313487931653020
12.4313487931653020
12.4313487931653020
12.4313487931653020
12.4313487931653020
12.4313487931653020
12.4313487931653020
12.4313487931653020
12.4313487931653020
12.4313487931653020
12.4313487931653020
12.4313487931653020
12.4313487931653020
12.4313487931653020
12.4313487931653020
12.4313487931653020
12.4313487931653020
12.4313487931653020
12.4313487931653020
12.4313487931653020
12.4313487931653020
12.4313487931653020
12.4313487931653020
12.4313487931653020
12.4313487931653020
12.4313487931653020
12.4313487931653020
