8.8689855536516173
9.1961982889830551
9.1961982889830551
9.1968879519965618
9.1968879519965618
9.1962026162803951
9.1962026162803951
9.1962026162803951
9.1962026162803951
9.1961982889830551
9.1961982889830551
9.1961982889830551
9.1961494265839274
9.1961494265839274
9.1961494265839274
9.1961494265839274
9.1961494265839274
9.1961494265839274
9.1961494265839274
9.1961494265839274
9.1968884929087302
9.1968884929087302
9.1968884929087302
9.1968884929087302
9.1968884929087302
9.1968475638880598
9.1968475638880598
9.1968475638880598
9.1961499674960958
9.1961499674960958
9.1961499674960958
9.1961499674960958
9.1961499674960958
9.1961499674960958
9.1961499674960958
9.1961499674960958
9.1961499674960958
9.1961499674960958
9.1961499674960958
9.1961499674960958
9.1961499674960958
9.1961499674960958
9.1961499674960958
9.1961499674960958
9.1961499674960958
9.1961499674960958
9.1961499674960958
9.1961499674960958
9.1961499674960958
9.1961499674960958
9.1961038096578047
9.1961038096578047
9.1961038096578047
9.1961038096578047
9.1961038096578047
9.1961038096578047
9.1961038096578047
9.1961038096578047
9.1961038096578047
9.1961038096578047
9.1961038096578047
9.1961038096578047
9.1961038096578047
9.1961038096578047
9.1961038096578047
9.1961038096578047
9.1961038096578047
9.1961038096578047
9.1961038096578047
9.1961038096578047
9.1961038096578047
9.1961038096578047
9.1961038096578047
9.1961038096578047
9.1961038096578047
9.1961038096578047
9.1961038096578047
9.1961038096578047
9.1961038096578047
9.1961038096578047
9.1961038096578047
9.1961038096578047
9.1961038096578047
9.1961038096578047
9.1961038096578047
9.1961038096578047
9.1961038096578047
9.1961038096578047
9.1961038096578047
9.1961038096578047
9.1961038096578047
9.1961038096578047
9.1961038096578047
9.1961038096578047
9.1961038096578047
9.1961038096578047
9.1961038096578047
9.1961038096578047
9.1961038096578047
9.1961038096578047
