11.6287341529491940
11.6290411887212630
11.6290411887212630
11.6308570429037040
11.6815393167530000
11.6829233771382480
11.6902504976650170
11.6928344887396070
11.6928344887396070
11.6973774091602320
11.7002699069403420
11.7002699069403420
11.7004133331383020
11.7004133331383020
11.7022091268444800
11.7061298876906110
11.7061298876906110
11.7061298876906110
11.7061298876906110
11.7064272102103550
11.7064272102103550
11.7064272102103550
11.7064272102103550
11.7065707079613760
11.7068122974481690
11.7068122974481690
11.7068122974481690
11.7068122974481690
11.7068122974481690
11.7068122974481690
11.7068122974481690
11.7068122974481690
11.7068122974481690
11.7068122974481690
11.7068122974481690
11.7068122974481690
11.7068122974481690
11.7068122974481690
11.7068122974481690
11.7068122974481690
11.7068122974481690
11.7068122974481690
11.7068122974481690
11.7068122974481690
11.7068122974481690
11.7068122974481690
11.7068122974481690
11.7068122974481690
11.7068122974481690
11.7068122974481690
11.7068122974481690
11.7068122974481690
11.7068122974481690
11.7068122974481690
11.7068122974481690
11.7068122974481690
11.7068122974481690
11.7068122974481690
11.7068122974481690
11.7068122974481690
11.7068122974481690
11.7068122974481690
11.7068122974481690
11.7068122974481690
11.7068122974481690
11.7068122974481690
11.7068122974481690
11.7068122974481690
11.7068122974481690
11.7068122974481690
11.7068122974481690
11.7068122974481690
11.7068122974481690
11.7068122974481690
11.7068122974481690
11.7068122974481690
11.7068122974481690
11.7068122974481690
11.7068122974481690
11.7068122974481690
11.7068122974481690
11.7068122974481690
11.7068122974481690
11.7068122974481690
11.7068122974481690
11.7068122974481690
11.7068122974481690
11.7068122974481690
11.7068122974481690
11.7068122974481690
11.7068122974481690
11.7068122974481690
11.7068122974481690
11.7068122974481690
11.7068122974481690
11.7068122974481690
11.7068122974481690
11.7068122974481690
11.7068122974481690
11.7068122974481690
