1.3380931448368176
1.3556549804107840
1.3555287824728723
1.3556550072328748
1.3556550072328748
1.3556550072328748
1.3556550072328748
1.3556549893514809
1.3555288092949631
1.3556549804107840
1.3556550161735719
1.3556550161735719
1.3556550161735719
1.3556550161735719
1.3556549804107840
1.3556549804107840
1.3556550161735719
1.3556550072328748
1.3556550072328748
1.3556550072328748
1.3556550161735719
1.3556550161735719
1.3556550161735719
1.3556550161735719
1.3556550429956629
1.3556550429956629
1.3556550429956629
1.3556550429956629
1.3556550429956629
1.3556550429956629
1.3556550429956629
1.3556550429956629
1.3556550429956629
1.3556550429956629
1.3556550429956629
1.3556550429956629
1.3556550429956629
1.3556550429956629
1.3556550429956629
1.3556550429956629
1.3556550429956629
1.3556550429956629
1.3556550429956629
1.3556550429956629
1.3556550429956629
1.3556550429956629
1.3556550429956629
1.3556550429956629
1.3556550429956629
1.3556550429956629
1.3556550429956629
1.3556550429956629
1.3556550429956629
1.3556550429956629
1.3556550429956629
1.3556550429956629
1.3556550429956629
1.3556550429956629
1.3556550429956629
1.3556550429956629
1.3556550429956629
1.3556550429956629
1.3556550429956629
1.3556550429956629
1.3556550429956629
1.3556550429956629
1.3556550429956629
1.3556550429956629
1.3556550429956629
1.3556550429956629
1.3556550429956629
1.3556550429956629
1.3556550429956629
1.3556550429956629
1.3556550429956629
1.3556550429956629
1.3556550429956629
1.3556550429956629
1.3556550429956629
1.3556550429956629
1.3556550429956629
1.3556550429956629
1.3556550429956629
1.3556550429956629
1.3556550429956629
1.3556550429956629
1.3556550429956629
1.3556550429956629
1.3556550429956629
1.3556550429956629
1.3556550429956629
1.3556550429956629
1.3556550429956629
1.3556550429956629
1.3556550429956629
1.3556550429956629
1.3556550429956629
1.3556550429956629
1.3556550429956629
1.3556550429956629
