1.3139137272213020
1.3139159445141537
1.3139152918432739
1.3139152918432739
1.3139152918432739
1.3139137898061810
1.3139137898061810
1.3139137987468779
1.3139137987468779
1.3139152918432739
1.3139152024363041
1.3139152024363041
1.3139137629840900
1.3139137629840900
1.3139152739618800
1.3139151666735163
1.3139151666735163
1.3139151666735163
1.3139151666735163
1.3139151666735163
1.3139151666735163
1.3139151666735163
1.3139151666735163
1.3139152739618800
1.3139152739618800
1.3139152739618800
1.3139152739618800
1.3139152739618800
1.3139152739618800
1.3139152739618800
1.3139152739618800
1.3139152739618800
1.3139152739618800
1.3139152739618800
1.3139152739618800
1.3139152739618800
1.3139152739618800
1.3139152739618800
1.3139152739618800
1.3139152739618800
1.3139152739618800
1.3139152739618800
1.3139152739618800
1.3139152739618800
1.3139152739618800
1.3139152739618800
1.3139152739618800
1.3139152739618800
1.3139152739618800
1.3139152739618800
1.3139152739618800
1.3139152739618800
1.3139152739618800
1.3139152739618800
1.3139152739618800
1.3139152739618800
1.3139152739618800
1.3139152739618800
1.3139152739618800
1.3139152739618800
1.3139152739618800
1.3139152739618800
1.3139152739618800
1.3139152739618800
1.3139152739618800
1.3139152739618800
1.3139152739618800
1.3139152739618800
1.3139152739618800
1.3139152739618800
1.3139152739618800
1.3139152739618800
1.3139152739618800
1.3139152739618800
1.3139152739618800
1.3139152739618800
1.3139152739618800
1.3139152739618800
1.3139152739618800
1.3139152739618800
1.3139152739618800
1.3139152739618800
1.3139152739618800
1.3139152739618800
1.3139152739618800
1.3139152739618800
1.3139152739618800
1.3139152739618800
1.3139152739618800
1.3139152739618800
1.3139152739618800
1.3139152739618800
1.3139152739618800
1.3139152739618800
1.3139152739618800
1.3139152739618800
1.3139152739618800
1.3139152739618800
1.3139152739618800
1.3139152739618800
