1.3194382554125266
1.3194382554125266
1.3194382554125266
1.3194388991427093
1.3194382554125266
1.3194382554125266
1.3194382643532236
1.3194382643532236
1.3194382643532236
1.3194382643532236
1.3194382643532236
1.3194382643532236
1.3194382643532236
1.3194382643532236
1.3194388991427093
1.3194382643532236
1.3194382643532236
1.3194382643532236
1.3194382643532236
1.3194382643532236
1.3194382643532236
1.3194382643532236
1.3194382643532236
1.3194382643532236
1.3194382643532236
1.3194382643532236
1.3194382643532236
1.3194382643532236
1.3194382643532236
1.3194382643532236
1.3194382643532236
1.3194382643532236
1.3194382643532236
1.3194382643532236
1.3194382643532236
1.3194382643532236
1.3194382643532236
1.3194382643532236
1.3194382643532236
1.3194382643532236
1.3194382643532236
1.3194382643532236
1.3194382643532236
1.3194382643532236
1.3194382643532236
1.3194382643532236
1.3194382643532236
1.3194382643532236
1.3194382643532236
1.3194382643532236
1.3194382643532236
1.3194382643532236
1.3194382643532236
1.3194382643532236
1.3194382643532236
1.3194382643532236
1.3194382643532236
1.3194382643532236
1.3194382643532236
1.3194382643532236
1.3194382643532236
1.3194382643532236
1.3194382643532236
1.3194382643532236
1.3194382643532236
1.3194382643532236
1.3194382643532236
1.3194382643532236
1.3194382643532236
1.3194382643532236
1.3194382643532236
1.3194382643532236
1.3194382643532236
1.3194382643532236
1.3194382643532236
1.3194382643532236
1.3194382643532236
1.3194382643532236
1.3194382643532236
1.3194382643532236
1.3194382643532236
1.3194382643532236
1.3194382643532236
1.3194382643532236
1.3194382643532236
1.3194382643532236
1.3194382643532236
1.3194382643532236
1.3194382643532236
1.3194382643532236
1.3194382643532236
1.3194382643532236
1.3194382643532236
1.3194382643532236
1.3194382643532236
1.3194382643532236
1.3194382643532236
1.3194382643532236
1.3194382643532236
1.3194382643532236
