1.3442925794211800
1.4147795413368804
1.4147795413368804
1.4146050904573528
1.4146050904573528
1.4146050815166558
1.4146050815166558
1.4146050815166558
1.4146050815166558
1.4147795413368804
1.4147795413368804
1.4147795413368804
1.4147796039217593
1.4147796039217593
1.4147796039217593
1.4147796039217593
1.4147796039217593
1.4147796039217593
1.4147796039217593
1.4147886966105907
1.4145964448033705
1.4145964448033705
1.4145964448033705
1.4145964448033705
1.4145964448033705
1.4145959351836424
1.4145959351836424
1.4145959351836424
1.4147887055512878
1.4147887055512878
1.4147887055512878
1.4147887055512878
1.4147887055512878
1.4147887055512878
1.4147887055512878
1.4147887055512878
1.4147887055512878
1.4147887055512878
1.4147887055512878
1.4147887055512878
1.4147887055512878
1.4147887055512878
1.4147887055512878
1.4147887055512878
1.4147887055512878
1.4147887055512878
1.4147887055512878
1.4147887055512878
1.4147887055512878
1.4147887055512878
1.4147882048722566
1.4147882048722566
1.4147882048722566
1.4147882048722566
1.4147882048722566
1.4147882048722566
1.4147882048722566
1.4147882048722566
1.4147882048722566
1.4147882048722566
1.4147882048722566
1.4147882048722566
1.4147882048722566
1.4147882048722566
1.4147882048722566
1.4147882048722566
1.4147882048722566
1.4147882048722566
1.4147882048722566
1.4147882048722566
1.4147882048722566
1.4147882048722566
1.4147882048722566
1.4147882048722566
1.4147882048722566
1.4147882048722566
1.4147882048722566
1.4147882048722566
1.4147882048722566
1.4147882048722566
1.4147882048722566
1.4147882048722566
1.4147882048722566
1.4147882048722566
1.4147882048722566
1.4147882048722566
1.4147882048722566
1.4147882048722566
1.4147882048722566
1.4147882048722566
1.4147882048722566
1.4147882048722566
1.4147882048722566
1.4147882048722566
1.4147882048722566
1.4147882048722566
1.4147882048722566
1.4147882048722566
1.4147882048722566
1.4147882048722566
