1.4447632316638002
1.4446554566364127
1.4446554566364127
1.4446554545740919
1.4446554545740919
1.4446401129698787
1.4446401129698787
1.4446401129698787
1.4446401129698787
1.4446418288207599
1.4446418288207599
1.4446418288207599
1.4446401655590584
1.4446401655590584
1.4446401655590584
1.4446401655590584
1.4446401655590584
1.4446401655590584
1.4446401655590584
1.4446417007506400
1.4446551067636939
1.4446551067636939
1.4446551067636939
1.4446551067636939
1.4446551067636939
1.4446551330582837
1.4446551330582837
1.4446551330582837
1.4446417495245263
1.4446417495245263
1.4446417495245263
1.4446417495245263
1.4446417495245263
1.4446417495245263
1.4446417495245263
1.4446417495245263
1.4446417495245263
1.4446417495245263
1.4446417495245263
1.4446417495245263
1.4446417495245263
1.4446417495245263
1.4446417495245263
1.4446417495245263
1.4446417495245263
1.4446417495245263
1.4446417495245263
1.4446417495245263
1.4446417495245263
1.4446417495245263
1.4446415911382910
1.4446415911382910
1.4446415911382910
1.4446415911382910
1.4446415911382910
1.4446415911382910
1.4446415911382910
1.4446415911382910
1.4446415911382910
1.4446415911382910
1.4446415911382910
1.4446415911382910
1.4446415911382910
1.4446415911382910
1.4446415911382910
1.4446415911382910
1.4446415911382910
1.4446415911382910
1.4446415911382910
1.4446415911382910
1.4446415911382910
1.4446415911382910
1.4446415911382910
1.4446415911382910
1.4446415911382910
1.4446415911382910
1.4446415911382910
1.4446415911382910
1.4446415911382910
1.4446415911382910
1.4446415911382910
1.4446415911382910
1.4446415911382910
1.4446415911382910
1.4446415911382910
1.4446415911382910
1.4446415911382910
1.4446415911382910
1.4446415911382910
1.4446415911382910
1.4446415911382910
1.4446415911382910
1.4446415911382910
1.4446415911382910
1.4446415911382910
1.4446415911382910
1.4446415911382910
1.4446415911382910
1.4446415911382910
1.4446415911382910
