1.4450815815002198
1.4450751184962725
1.4447855350442389
1.4447855624731052
1.4447855624731052
1.4447855624731052
1.4447855624731052
1.4448588678711316
1.4448664710291168
1.4448664710291168
1.4448666294153520
1.4448666294153520
1.4448666294153520
1.4448666294153520
1.4448666558130578
1.4448666294153520
1.4448666294153520
1.4448666298278161
1.4448666298278161
1.4448666298278161
1.4448666558130578
1.4448666294153520
1.4448666294153520
1.4448666294153520
1.4448666298278161
1.4448666558130578
1.4448666558130578
1.4448666558130578
1.4448666562255221
1.4448666562255221
1.4448666562255221
1.4448666562255221
1.4448666562255221
1.4448666562255221
1.4448666562255221
1.4448666562255221
1.4448666562255221
1.4448666562255221
1.4448666562255221
1.4448666562255221
1.4448666562255221
1.4448666562255221
1.4448666562255221
1.4448666562255221
1.4448666562255221
1.4448666562255221
1.4448666562255221
1.4448666562255221
1.4448666562255221
1.4448666562255221
1.4448666562255221
1.4448666562255221
1.4448666562255221
1.4448666562255221
1.4448666562255221
1.4448666562255221
1.4448666562255221
1.4448666562255221
1.4448666562255221
1.4448666562255221
1.4448666562255221
1.4448666562255221
1.4448666562255221
1.4448666562255221
1.4448666562255221
1.4448666562255221
1.4448666562255221
1.4448666562255221
1.4448666562255221
1.4448666562255221
1.4448666562255221
1.4448666562255221
1.4448666562255221
1.4448666562255221
1.4448666562255221
1.4448666562255221
1.4448666562255221
1.4448666562255221
1.4448666562255221
1.4448666562255221
1.4448666562255221
1.4448666562255221
1.4448666562255221
1.4448666562255221
1.4448666562255221
1.4448666562255221
1.4448666562255221
1.4448666562255221
1.4448666562255221
1.4448666562255221
1.4448666562255221
1.4448666562255221
1.4448666562255221
1.4448666562255221
1.4448666562255221
1.4448666562255221
1.4448666562255221
1.4448666562255221
1.4448666562255221
1.4448666562255221
