1.4453206842893567
1.4453208612364787
1.4453208612364787
1.4453208612364787
1.4453141034237773
1.4453141034237773
1.4453149873344597
1.4453139264766552
1.4453139264766552
1.4453149873344597
1.4453141034237773
1.4453141034237773
1.4453140294895777
1.4453140294895777
1.4453141034237773
1.4453141034237773
1.4453141034237773
1.4453141034237773
1.4453141034237773
1.4453141034237773
1.4453141034237773
1.4453141034237773
1.4453141034237773
1.4453140294895777
1.4453140294895777
1.4453140294895777
1.4453140294895777
1.4453140294895777
1.4453140294895777
1.4453140294895777
1.4453140294895777
1.4453140294895777
1.4453140294895777
1.4453140294895777
1.4453140294895777
1.4453140294895777
1.4453140294895777
1.4453140294895777
1.4453140294895777
1.4453140294895777
1.4453140294895777
1.4453140294895777
1.4453140294895777
1.4453140294895777
1.4453140294895777
1.4453140294895777
1.4453140294895777
1.4453140294895777
1.4453140294895777
1.4453140294895777
1.4453140294895777
1.4453140294895777
1.4453140294895777
1.4453140294895777
1.4453140294895777
1.4453140294895777
1.4453140294895777
1.4453140294895777
1.4453140294895777
1.4453140294895777
1.4453140294895777
1.4453140294895777
1.4453140294895777
1.4453140294895777
1.4453140294895777
1.4453140294895777
1.4453140294895777
1.4453140294895777
1.4453140294895777
1.4453140294895777
1.4453140294895777
1.4453140294895777
1.4453140294895777
1.4453140294895777
1.4453140294895777
1.4453140294895777
1.4453140294895777
1.4453140294895777
1.4453140294895777
1.4453140294895777
1.4453140294895777
1.4453140294895777
1.4453140294895777
1.4453140294895777
1.4453140294895777
1.4453140294895777
1.4453140294895777
1.4453140294895777
1.4453140294895777
1.4453140294895777
1.4453140294895777
1.4453140294895777
1.4453140294895777
1.4453140294895777
1.4453140294895777
1.4453140294895777
1.4453140294895777
1.4453140294895777
1.4453140294895777
1.4453140294895777
