1.4466975331508378
1.4466975331508378
1.4466982676463802
1.4466982676463802
1.4466982676463802
1.4466985976177036
1.4466985976177036
1.4466985890590724
1.4466985890590724
1.4466985877185639
1.4466985889559563
1.4466985889559563
1.4466985889559563
1.4466985889559563
1.4466985844188507
1.4466986623745759
1.4466986623745759
1.4466986623745759
1.4466986623745759
1.4466986623745759
1.4466986623745759
1.4466986623745759
1.4466986623745759
1.4466986623745759
1.4466986623745759
1.4466986623745759
1.4466986623745759
1.4466986623745759
1.4466986623745759
1.4466986623745759
1.4466986623745759
1.4466986623745759
1.4466986623745759
1.4466986623745759
1.4466986623745759
1.4466986623745759
1.4466986623745759
1.4466986623745759
1.4466986623745759
1.4466986623745759
1.4466986623745759
1.4466986623745759
1.4466986623745759
1.4466986623745759
1.4466986623745759
1.4466986623745759
1.4466986623745759
1.4466986623745759
1.4466986623745759
1.4466986623745759
1.4466986623745759
1.4466986623745759
1.4466986623745759
1.4466986623745759
1.4466986623745759
1.4466986623745759
1.4466986623745759
1.4466986623745759
1.4466986623745759
1.4466986623745759
1.4466986623745759
1.4466986623745759
1.4466986623745759
1.4466986623745759
1.4466986623745759
1.4466986623745759
1.4466986623745759
1.4466986623745759
1.4466986623745759
1.4466986623745759
1.4466986623745759
1.4466986623745759
1.4466986623745759
1.4466986623745759
1.4466986623745759
1.4466986623745759
1.4466986623745759
1.4466986623745759
1.4466986623745759
1.4466986623745759
1.4466986623745759
1.4466986623745759
1.4466986623745759
1.4466986623745759
1.4466986623745759
1.4466986623745759
1.4466986623745759
1.4466986623745759
1.4466986623745759
1.4466986623745759
1.4466986623745759
1.4466986623745759
1.4466986623745759
1.4466986623745759
1.4466986623745759
1.4466986623745759
1.4466986623745759
1.4466986623745759
1.4466986623745759
1.4466986623745759
