1.4673347375525456
1.4676708249417194
1.4676708249417194
1.4676690734055362
1.4676690734055362
1.4677306001290857
1.4677306001290857
1.4677306001290857
1.4677306001290857
1.4676686632021863
1.4676686632021863
1.4676686632021863
1.4676690735000095
1.4676690735000095
1.4676690735000095
1.4676690735000095
1.4676690735000095
1.4676690735000095
1.4676690735000095
1.4676686598956186
1.4676712256977327
1.4676712256977327
1.4676712256977327
1.4676712256977327
1.4676712256977327
1.4676713948995290
1.4676713948995290
1.4676713948995290
1.4676686598011452
1.4676686598011452
1.4676686598011452
1.4676686598011452
1.4676686598011452
1.4676686598011452
1.4676686598011452
1.4676686598011452
1.4676686598011452
1.4676686598011452
1.4676686598011452
1.4676686598011452
1.4676686598011452
1.4676686598011452
1.4676686598011452
1.4676686598011452
1.4676686598011452
1.4676686598011452
1.4676686598011452
1.4676686598011452
1.4676686598011452
1.4676686598011452
1.4676686652806004
1.4676686652806004
1.4676686652806004
1.4676686652806004
1.4676686652806004
1.4676686652806004
1.4676686652806004
1.4676686652806004
1.4676686652806004
1.4676686652806004
1.4676686652806004
1.4676686652806004
1.4676686652806004
1.4676686652806004
1.4676686652806004
1.4676686652806004
1.4676686652806004
1.4676686652806004
1.4676686652806004
1.4676686652806004
1.4676686652806004
1.4676686652806004
1.4676686652806004
1.4676686652806004
1.4676686652806004
1.4676686652806004
1.4676686652806004
1.4676686652806004
1.4676686652806004
1.4676686652806004
1.4676686652806004
1.4676686652806004
1.4676686652806004
1.4676686652806004
1.4676686652806004
1.4676686652806004
1.4676686652806004
1.4676686652806004
1.4676686652806004
1.4676686652806004
1.4676686652806004
1.4676686652806004
1.4676686652806004
1.4676686652806004
1.4676686652806004
1.4676686652806004
1.4676686652806004
1.4676686652806004
1.4676686652806004
1.4676686652806004
