1.4678176871883180
1.4677991500025733
1.4677991481131061
1.4677991637956846
1.4677991637956846
1.4677991637956846
1.4677991637956846
1.4677991500025733
1.4677991500025733
1.4677991500025733
1.4677991500025733
1.4677991500025733
1.4677991500025733
1.4677991500025733
1.4677991500025733
1.4677991500025733
1.4677991500025733
1.4677991500025733
1.4677991500025733
1.4677991500025733
1.4677991500025733
1.4677991500025733
1.4677991500025733
1.4677991500025733
1.4677991500025733
1.4677991500025733
1.4677991500025733
1.4677991500025733
1.4677991500025733
1.4677991500025733
1.4677991500025733
1.4677991500025733
1.4677991500025733
1.4677991500025733
1.4677991500025733
1.4677991500025733
1.4677991500025733
1.4677991500025733
1.4677991500025733
1.4677991500025733
1.4677991500025733
1.4677991500025733
1.4677991500025733
1.4677991500025733
1.4677991500025733
1.4677991500025733
1.4677991500025733
1.4677991500025733
1.4677991500025733
1.4677991500025733
1.4677991500025733
1.4677991500025733
1.4677991500025733
1.4677991500025733
1.4677991500025733
1.4677991500025733
1.4677991500025733
1.4677991500025733
1.4677991500025733
1.4677991500025733
1.4677991500025733
1.4677991500025733
1.4677991500025733
1.4677991500025733
1.4677991500025733
1.4677991500025733
1.4677991500025733
1.4677991500025733
1.4677991500025733
1.4677991500025733
1.4677991500025733
1.4677991500025733
1.4677991500025733
1.4677991500025733
1.4677991500025733
1.4677991500025733
1.4677991500025733
1.4677991500025733
1.4677991500025733
1.4677991500025733
1.4677991500025733
1.4677991500025733
1.4677991500025733
1.4677991500025733
1.4677991500025733
1.4677991500025733
1.4677991500025733
1.4677991500025733
1.4677991500025733
1.4677991500025733
1.4677991500025733
1.4677991500025733
1.4677991500025733
1.4677991500025733
1.4677991500025733
1.4677991500025733
1.4677991500025733
1.4677991500025733
1.4677991500025733
1.4677991500025733
