1.4651882751184189
1.4651882751184189
1.4651882751184189
1.4651882751184189
1.4651882751184189
1.4651882751184189
1.4651882761576258
1.4651882758742059
1.4651882758742059
1.4651917580679583
1.4651917577845384
1.4651917577845384
1.4651917580679583
1.4651917580679583
1.4651916126734499
1.4651916126734499
1.4651916126734499
1.4651916126734499
1.4651916126734499
1.4651917577845384
1.4651917577845384
1.4651917577845384
1.4651917577845384
1.4651917580679583
1.4651917580679583
1.4651917580679583
1.4651917580679583
1.4651917580679583
1.4651917580679583
1.4651917580679583
1.4651917580679583
1.4651917580679583
1.4651917580679583
1.4651917580679583
1.4651917580679583
1.4651917580679583
1.4651917580679583
1.4651917580679583
1.4651917580679583
1.4651917580679583
1.4651917580679583
1.4651917580679583
1.4651917580679583
1.4651917580679583
1.4651917580679583
1.4651917580679583
1.4651917580679583
1.4651917580679583
1.4651917580679583
1.4651917580679583
1.4651917580679583
1.4651917580679583
1.4651917580679583
1.4651917580679583
1.4651917580679583
1.4651917580679583
1.4651917580679583
1.4651917580679583
1.4651917580679583
1.4651917580679583
1.4651917580679583
1.4651917580679583
1.4651917580679583
1.4651917580679583
1.4651917580679583
1.4651917580679583
1.4651917580679583
1.4651917580679583
1.4651917580679583
1.4651917580679583
1.4651917580679583
1.4651917580679583
1.4651917580679583
1.4651917580679583
1.4651917580679583
1.4651917580679583
1.4651917580679583
1.4651917580679583
1.4651917580679583
1.4651917580679583
1.4651917580679583
1.4651917580679583
1.4651917580679583
1.4651917580679583
1.4651917580679583
1.4651917580679583
1.4651917580679583
1.4651917580679583
1.4651917580679583
1.4651917580679583
1.4651917580679583
1.4651917580679583
1.4651917580679583
1.4651917580679583
1.4651917580679583
1.4651917580679583
1.4651917580679583
1.4651917580679583
1.4651917580679583
1.4651917580679583
