1.4657087399384003
1.4657087399384003
1.4657088748463654
1.4657088748463654
1.4657088748463654
1.4657088718232176
1.4657088718232176
1.4657087399384003
1.4657087399384003
1.4657087781056397
1.4657087399384003
1.4657087399384003
1.4657086779638731
1.4657086779638731
1.4657086783417665
1.4657086607697207
1.4657086607697207
1.4657086607697207
1.4657086607697207
1.4657086607697207
1.4657086607697207
1.4657086607697207
1.4657086433866215
1.4657086295935104
1.4657086295935104
1.4657086295935104
1.4657086295935104
1.4657086295935104
1.4657086295935104
1.4657086295935104
1.4657086295935104
1.4657086290266701
1.4657086288377235
1.4657086288377235
1.4657086288377235
1.4657086288377235
1.4657086288377235
1.4657086288377235
1.4657086288377235
1.4657086288377235
1.4657086288377235
1.4657086288377235
1.4657086288377235
1.4657086288377235
1.4657086288377235
1.4657086288377235
1.4657086288377235
1.4657086288377235
1.4657086288377235
1.4657086288377235
1.4657086288377235
1.4657086288377235
1.4657086288377235
1.4657086288377235
1.4657086288377235
1.4657086288377235
1.4657086288377235
1.4657086288377235
1.4657086288377235
1.4657086288377235
1.4657086288377235
1.4657086288377235
1.4657086288377235
1.4657086288377235
1.4657086288377235
1.4657086288377235
1.4657086288377235
1.4657086288377235
1.4657086288377235
1.4657086288377235
1.4657086288377235
1.4657086288377235
1.4657086288377235
1.4657086288377235
1.4657086288377235
1.4657086288377235
1.4657086288377235
1.4657086288377235
1.4657086288377235
1.4657086288377235
1.4657086288377235
1.4657086288377235
1.4657086288377235
1.4657086288377235
1.4657086288377235
1.4657086288377235
1.4657086288377235
1.4657086288377235
1.4657086288377235
1.4657086288377235
1.4657086288377235
1.4657086288377235
1.4657086288377235
1.4657086288377235
1.4657086288377235
1.4657086288377235
1.4657086288377235
1.4657086288377235
1.4657086288377235
1.4657086288377235
