0.3354301137933959
0.4038301950558598
0.4468818452127168
0.4468818452127168
1.2168204584851658
1.2313574226853761
1.5878439852784871
1.6134237823992790
2.2057341592688005
2.5172574997328416
2.7624368910238606
2.8379611359997186
2.8717117416163584
2.8806021893865830
3.0547337715778240
3.3274999261764759
3.4769732489387244
4.2141131366319335
4.4272226097453879
4.4272226097453879
4.5632129547520339
5.2249991790521371
5.2249991790521371
5.2249991790521371
5.2249991790521371
5.2249991790521371
5.2327192796445505
5.2327192796445505
5.2395000030735384
5.2403089492028876
5.3387904883272617
5.3387904883272617
5.3387904883272617
5.8062135866903031
5.8078459748983926
5.8095004387631599
6.8289619328145719
6.8392615423343903
6.8414009928385644
7.5412135089368597


4.4263791409143476
4.4272226097453879
4.4272226097453879
4.5632129547520339
4.7717027000275438
4.8723950451731817
5.0954817800778587
5.2249991790521371
5.2249991790521371
5.2257648414003652
5.2395000030735384
5.2403089492028876
5.3053607700097283
5.3387904883272617
5.3387904883272617
5.3387904883272617
5.8062135866903031
5.8062135866903031
5.8078459748983926
5.8078459748983926
5.8078459748983926
5.8082625039821822
5.8090838292132565
5.8095004387631599
5.8126483165219236
6.0577766560257160
6.3736387091176008
6.8288383964002319
6.8289619328145719
6.8289619328145719
6.8289619328145719
6.8289619328145719
6.8392615423343903
6.8414009928385644
6.8486634524735681
6.8499901574850615
7.5302859033948879
7.5374683051013216
7.5412135089368597
12.0657184384348640


6.0577766560257160
6.3746054041296585
6.8288383964002319
6.8289619328145719
6.8289619328145719
6.8289619328145719
6.8289619328145719
6.8289619328145719
6.8315645870663282
6.8329640226641306
6.8392615423343903
6.8414009928385644
6.8414009928385644
6.8486634524735681
6.8486634524735681
6.8499901574850615
7.3615575384197296
7.5302859033948879
7.5374683051013216
7.5412135089368597
13.5371617203593400
12.9761636535126890
12.0657184384348640
12.0657184384348640
12.0657184384348640
12.0657184384348640
12.0657184384348640
12.0657184384348640
12.0657184384348640
12.0657184384348640
12.0657184384348640
12.0657184384348640
12.0657184384348640
12.0657184384348640
12.0657184384348640
12.0657184384348640
12.0657184384348640
12.0684763736204520
12.1047128326051910
12.5863046479488520


12.0657184384348640
12.0657184384348640
12.0657184384348640
12.0657184384348640
12.0657184384348640
12.0657184384348640
12.0657184384348640
12.0657184384348640
12.0657184384348640
12.0657184384348640
12.0657184384348640
12.0657184384348640
12.0657184384348640
12.0657184384348640
12.0657184384348640
12.0657184384348640
12.0657184384348640
12.0657184384348640
12.0657184384348640
12.0657184384348640
12.0657184384348640
12.0657184384348640
12.0657184384348640
12.0657184384348640
12.0657184384348640
12.0657184384348640
12.0657184384348640
12.0657184384348640
12.0657184384348640
12.0657184384348640
12.0657184384348640
12.0657184384348640
12.0684763736204520
12.0684763736204520
12.0775116836696340
12.1047128326051910
12.5909408626943670
12.5866632676860810
12.5863046479488520
12.5768778518912680


12.0657184384348640
12.0657184384348640
12.0657184384348640
12.0657184384348640
12.0657184384348640
12.0657184384348640
12.0657184384348640
12.0657184384348640
12.0657184384348640
12.0657184384348640
12.0657184384348640
12.0657184384348640
12.0657184384348640
12.0657184384348640
12.0657184384348640
12.0657184384348640
12.0657184384348640
12.0657184384348640
12.0657184384348640
12.0657184384348640
12.0657920569427740
12.0660075330674100
12.0684030644460130
12.0684763736204520
12.0684763736204520
12.0684763736204520
12.0684763736204520
12.0684763736204520
12.0686002386558190
12.0775116836696340
12.0957738515412570
12.1044230874508330
12.1047128326051910
12.5955972817798860
12.5909697538143580
12.5909408626943670
12.5866632676860810
12.5863046479488520
12.5772584510047290
12.5768778518912680


12.0657184384348640
12.0657184384348640
12.0657184384348640
12.0657184384348640
12.0657184384348640
12.0657184384348640
12.0657184384348640
12.0657184384348640
12.0657184384348640
12.0686002386558190
12.0686002386558190
12.0775116836696340
12.0775116836696340
12.0805827385260600
12.0806704603055780
12.0862007877325070
12.0957738515412570
12.0957738515412570
12.0957738515412570
12.0957738515412570
12.1043548944065530
12.1044230874508330
12.1047128326051910
12.1047128326051910
12.5957349095896450
12.5955972817798860
12.5955972817798860
12.5955972817798860
12.5909697538143580
12.5909697538143580
12.5909443435485460
12.5909443435485460
12.5909408626943670
12.5866632676860810
12.5863046479488520
12.5772584510047290
12.5772549735916460
12.5770257152030890
12.5769449708284340
12.5768778518912680


12.0657497118256870
12.0715368205170770
12.0775116836696340
12.0775116836696340
12.0775116836696340
12.0805820357308140
12.0957219591796490
12.0957429849793210
12.0957738515412570
12.0957738515412570
12.1047005913923690
12.6316659960930960
12.6223624707989060
12.6032897492847520
12.6017005341731440
12.5909697538143580
12.5909697538143580
12.5909697538143580
12.5909697538143580
12.5909443435485460
12.5909443435485460
12.5909443435485460
12.5909443435485460
12.5909443435485460
12.5909408626943670
12.5909408626943670
12.5909408626943670
12.5905633726014990
12.5867132237588030
12.5866632676860810
12.5866632676860810
12.5863046479488520
12.5772584510047290
12.5772584510047290
12.5772549735916460
12.5771936235872590
12.5770257152030890
12.5770097968939340
12.5769449708284340
12.5768778518912680


12.6316652686651060
12.6223624707989060
12.6063361506069460
12.6032897492847520
12.5912401660021300
12.5909697538143580
12.5909697538143580
12.5909697538143580
12.5909443435485460
12.5909443435485460
12.5909415885887640
12.5905633726014990
12.5867132237588030
12.5866632676860810
12.5866632676860810
12.5866632676860810
12.5866632676860810
12.5866632676860810
12.5866632676860810
12.5863046479488520
12.5862824000489900
12.2218892073457570
12.5772584510047290
12.5772584510047290
12.5772584510047290
12.5772584510047290
12.5772584510047290
12.5772584510047290
12.5772584510047290
12.5772549735916460
12.5771936235872590
12.5771936235872590
12.5770257152030890
12.5770097968939340
12.5769449708284340
12.5769449708284340
12.5769000816582040
12.5768778518912680
12.5768778518912680
12.4457386142571490


12.5906356151847180
12.5906352693476440
12.5906304569508640
12.5867132237588030
12.5867132237588030
12.5866632676860810
12.5866632676860810
12.5864143484889030
12.5773728583987480
12.5773355205706230
12.5772584510047290
12.5772584510047290
12.5772584510047290
12.5772584510047290
12.5772584510047290
12.5772549735916460
12.5772549735916460
12.5772549735916460
12.5772371436062680
12.5771936235872590
12.5771936235872590
12.5771936235872590
12.5771936235872590
12.5771866168898240
12.5770257152030890
12.5770257152030890
12.5770257152030890
12.5770257152030890
12.5770097968939340
12.5769840108423030
12.5769449708284340
12.5769449708284340
12.5769113108515020
12.5769000816582040
12.5768778518912680
12.5768778518912680
12.5768388127410250
12.4457386142571490
12.4455981710276230
12.4414163266436050


12.5772584510047290
12.5772584510047290
12.5772584510047290
12.5772584510047290
12.5772584510047290
12.5772557875750920
12.5772549735916460
12.5772549735916460
12.5772371436062680
12.5771962869985890
12.5771642596609080
12.5770356358229130
12.5770257152030890
12.5770257152030890
12.5770097968939340
12.5769884900966180
12.5769840108423030
12.5769840108423030
12.5769840108423030
12.5769729643237070
12.5769449708284340
12.5769449708284340
12.5769449708284340
12.5769449708284340
12.5769113108515020
12.5769113108515020
12.5769086475006480
12.5769000816582040
12.5768778518912680
12.5768778518912680
12.5768778518912680
12.5768388127410250
12.5768388127410250
12.5767757583460810
12.4457386142571490
12.4456366577855140
12.4455981710276230
12.4414163266436050
12.4411068258108500
12.4321210270469780


12.5772371436062680
12.5771642596609080
12.5770391290058840
12.5770356358229130
12.5770257152030890
12.5770257152030890
12.5769840108423030
12.5769840108423030
12.5769840108423030
12.5769734731772970
12.5769449708284340
12.5769113108515020
12.5769086475006480
12.5769000816582040
12.5768778518912680
12.5768778518912680
12.5768778518912680
12.5768778518912680
12.5768778518912680
12.5768778518912680
12.5768778518912680
12.5768751367461110
12.5768388127410250
12.5768388127410250
12.5768388127410250
12.5768388127410250
12.5767757583460810
12.5767757583460810
12.5767206421120580
12.4549036472665760
12.4457386142571490
12.4456366577855140
12.4455981710276230
12.4414163266436050
12.4411068258108500
12.4321210270469780
12.4321210270469780
12.4318502844804330
12.4318251666781960
12.4317059464829500


12.5769366953226860
12.5769278320373060
12.5769113108515020
12.5769086475006480
12.5769086475006480
12.5769086475006480
12.5768778518912680
12.5768778518912680
12.5768778518912680
12.5768641970919660
12.5768464578944240
12.5768388127410250
12.5767757583460810
12.5767206421120580
12.4549036472665760
12.4549036472665760
12.4457386142571490
12.4457386142571490
12.4457386142571490
12.4457386142571490
12.4457209478591790
12.4456366577855140
12.4455981710276230
12.4455981710276230
12.4455289310240750
12.4452466886138760
12.4414163266436050
12.4413434731706120
12.4412935801235940
12.4411068258108500
12.4408246566889260
12.4321210270469780
12.4321210270469780
12.4320955159107460
12.4320703975081060
12.4318757950109810
12.4318502844804330
12.4318251666781960
12.4317192569092720
12.4317059464829500


12.5768388127410250
12.5767757583460810
12.5767757583460810
12.5767739602896550
12.4457386142571490
12.4457386142571490
12.4457386142571490
12.4457386142571490
12.4456614958691850
12.4456008063657840
12.4455981710276230
12.4452466886138760
12.4413434731706120
12.4412935801235940
12.4411068258108500
12.4411068258108500
12.4411068258108500
12.4408246566889260
12.4408246566889260
12.4408246566889260
12.4321725663758200
12.4321210270469780
12.4321210270469780
12.4321210270469780
12.4321210270469780
12.4321210270469780
12.4321183945882850
12.4320955159107460
12.4320955159107460
12.4320703975081060
12.4318757950109810
12.4318502844804330
12.4318251666781960
12.4318251666781960
12.4317950030478560
12.4317698851836140
12.4317192569092720
12.4317059464829500
12.4317059464829500
12.4317059464829500


12.4453309581859890
12.4453185626147660
12.4413434731706120
12.4413434731706120
12.4411068258108500
12.4408850246459080
12.4408246566889260
12.4408246566889260
12.4322000875610590
12.4321173919148470
12.4320955159107460
12.4320955159107460
12.4320703975081060
12.4320703975081060
12.4320703975081060
12.4320492155385680
12.4318757950109810
12.4318757950109810
12.4318757950109810
12.4318502844804330
12.4318502844804330
12.4318288016981860
12.4318251666781960
12.4318251666781960
12.4318251666781960
12.4318251666781960
12.4318251666781960
12.4317950030478560
12.4317907965338000
12.4317698851836140
12.4317698851836140
12.4317648623932020
12.4317336965658520
12.4317192569092720
12.4317059464829500
12.4317059464829500
12.4317059464829500
12.4317059464829500
12.4317059464829500
12.4317059464829500


12.4320703975081060
12.4320703975081060
12.4320534510216250
12.4320482128535450
12.4318757950109810
12.4318757950109810
12.4318757950109810
12.4318698541682020
12.4318251666781960
12.4318251666781960
12.4317950030478560
12.4317907965338000
12.4317847424922420
12.4317741211172890
12.4317698851836140
12.4317698851836140
12.4317698851836140
12.4317698851836140
12.4317698851836140
12.4317698851836140
12.4317698851836140
12.4317648623932020
12.4317648623932020
12.4317336965658520
12.4317336965658520
12.4317336965658520
12.4317336965658520
12.4317192569092720
12.4317059464829500
12.4317059464829500
12.4317059464829500
12.4317059464829500
12.4317059464829500
12.4317059464829500
12.4317059464829500
12.4317059464829500
12.4317059464829500
12.4317059464829500
12.4315691440683410
12.4315468452371490


12.4317847424922420
12.4317847424922420
12.4317791825496330
12.4317751237655370
12.4317698851836140
12.4317698851836140
12.4317698851836140
12.4317698851836140
12.4317698851836140
12.4317453111575470
12.4317451910655310
12.4317430693255540
12.4317294897884260
12.4317192569092720
12.4317059464829500
12.4317059464829500
12.4317059464829500
12.4317059464829500
12.4317059464829500
12.4317059464829500
12.4317059464829500
12.4317059464829500
12.4317059464829500
12.4317059464829500
12.4317059464829500
12.4317059464829500
12.4317059464829500
12.4317059464829500
12.4317059464829500
12.4317059464829500
12.4317059464829500
12.4317059464829500
12.4317059464829500
12.4316956859875670
12.4315691440683410
12.4315468452371490
12.4315468452371490
12.4315468452371490
12.4315298997036000
12.4315246617381130


12.4317540647747380
12.4317451910655310
12.4317294897884260
12.4317294897884260
12.4317085788517400
12.4317059464829500
12.4317059464829500
12.4317059464829500
12.4317059464829500
12.4317059464829500
12.4317059464829500
12.4317059464829500
12.4317059464829500
12.4317059464829500
12.4317059464829500
12.4317059464829500
12.4317059464829500
12.4317059464829500
12.4317059464829500
12.4317059464829500
12.4317059464829500
12.4317059464829500
12.4317059464829500
12.4317059464829500
12.4317059464829500
12.4316956859875670
12.4316949517267990
12.4316133212793400
12.4315691440683410
12.4315468452371490
12.4315468452371490
12.4315468452371490
12.4315468452371490
12.4315298997036000
12.4315298997036000
12.4315288970795810
12.4315246617381130
12.4315246617381130
12.4315246617381130
12.4314607243655150


12.4317059464829500
12.4317059464829500
12.4317059464829500
12.4317059464829500
12.4317059464829500
12.4317059464829500
12.4317059464829500
12.4317059464829500
12.4317059464829500
12.4317059464829500
12.4317059464829500
12.4316956859875670
12.4316133212793400
12.4315938375735900
12.4315691440683410
12.4315468452371490
12.4315468452371490
12.4315468452371490
12.4315468452371490
12.4315468452371490
12.4315468452371490
12.4315468452371490
12.4315468452371490
12.4315468452371490
12.4315468452371490
12.4315468452371490
12.4315468452371490
12.4315298997036000
12.4315298997036000
12.4315298997036000
12.4315288970795810
12.4315246617381130
12.4315246617381130
12.4315246617381130
12.4314750373101380
12.4314607243655150
12.4314607243655150
12.4314607243655150
12.4314607243655150
12.4314597217277530


12.4316956859875670
12.4316589535377170
12.4316133212793400
12.4316133212793400
12.4315938375735900
12.4315938375735900
12.4315468452371490
12.4315468452371490
12.4315468452371490
12.4315468452371490
12.4315298997036000
12.4315298997036000
12.4315298997036000
12.4315298997036000
12.4315298997036000
12.4315288970795810
12.4315288970795810
12.4315288970795810
12.4315246617381130
12.4315246617381130
12.4315246617381130
12.4315246617381130
12.4315246617381130
12.4315246617381130
12.4315246617381130
12.4315220294245390
12.4315220294245390
12.4314776696149580
12.4314776696149580
12.4314750373101380
12.4314750373101380
12.4314607243655150
12.4314607243655150
12.4314607243655150
12.4314607243655150
12.4314607243655150
12.4314607243655150
12.4314597217277530
12.4314597217277530
12.4314597217277530


12.4315298997036000
12.4315298997036000
12.4315288970795810
12.4315288970795810
12.4315288970795810
12.4315288970795810
12.4315246617381130
12.4315246617381130
12.4315246617381130
12.4315220294245390
12.4314829076541500
12.4314776696149580
12.4314776696149580
12.4314750373101380
12.4314750373101380
12.4314750373101380
12.4314750373101380
12.4314750373101380
12.4314750373101380
12.4314685944717040
12.4314633566612030
12.4314607243655150
12.4314607243655150
12.4314607243655150
12.4314607243655150
12.4314607243655150
12.4314607243655150
12.4314607243655150
12.4314607243655150
12.4314607243655150
12.4314607243655150
12.4314607243655150
12.4314607243655150
12.4314607243655150
12.4314597217277530
12.4314597217277530
12.4314597217277530
12.4314597217277530
12.4314597217277530
12.4314597217277530


12.4314829076541500
12.4314776696149580
12.4314776696149580
12.4314776696149580
12.4314750373101380
12.4314750373101380
12.4314750373101380
12.4314750373101380
12.4314750373101380
12.4314633566612030
12.4314633566612030
12.4314607243655150
12.4314607243655150
12.4314607243655150
12.4314607243655150
12.4314607243655150
12.4314607243655150
12.4314607243655150
12.4314607243655150
12.4314607243655150
12.4314607243655150
12.4314607243655150
12.4314607243655150
12.4314607243655150
12.4314607243655150
12.4314607243655150
12.4314607243655150
12.4314607243655150
12.4314607243655150
12.4314597217277530
12.4314597217277530
12.4314597217277530
12.4314597217277530
12.4314597217277530
12.4314597217277530
12.4314597217277530
12.4314597217277530
12.4314597217277530
12.4314597217277530
12.4314137325281050


12.4314607243655150
12.4314607243655150
12.4314607243655150
12.4314607243655150
12.4314607243655150
12.4314607243655150
12.4314607243655150
12.4314607243655150
12.4314607243655150
12.4314607243655150
12.4314607243655150
12.4314607243655150
12.4314597217277530
12.4314597217277530
12.4314597217277530
12.4314597217277530
12.4314597217277530
12.4314597217277530
12.4314597217277530
12.4314597217277530
12.4314597217277530
12.4314597217277530
12.4314597217277530
12.4314597217277530
12.4314597217277530
12.4314597217277530
12.4314597217277530
12.4314597217277530
12.4314597217277530
12.4314597217277530
12.4314597217277530
12.4314597217277530
12.4314597217277530
12.4314597217277530
12.4314597217277530
12.4314137325281050
12.4314137325281050
12.4314137325281050
12.4314137325281050
12.4313994196205330


12.4314607243655150
12.4314607243655150
12.4314597217277530
12.4314597217277530
12.4314597217277530
12.4314597217277530
12.4314597217277530
12.4314597217277530
12.4314597217277530
12.4314597217277530
12.4314597217277530
12.4314597217277530
12.4314597217277530
12.4314597217277530
12.4314597217277530
12.4314597217277530
12.4314597217277530
12.4314597217277530
12.4314597217277530
12.4314597217277530
12.4314597217277530
12.4314597217277530
12.4314597217277530
12.4314597217277530
12.4314597217277530
12.4314597217277530
12.4314597217277530
12.4314597217277530
12.4314597217277530
12.4314590636540600
12.4314570894321510
12.4314137325281050
12.4314137325281050
12.4314137325281050
12.4314137325281050
12.4314137325281050
12.4314137325281050
12.4313994196205330
12.4313994196205330
12.4313994196205330


12.4314597217277530
12.4314597217277530
12.4314597217277530
12.4314597217277530
12.4314597217277530
12.4314597217277530
12.4314597217277530
12.4314597217277530
12.4314597217277530
12.4314597217277530
12.4314597217277530
12.4314597217277530
12.4314597217277530
12.4314590636540600
12.4314590636540600
12.4314590636540600
12.4314570894321510
12.4314570894321510
12.4314570894321510
12.4314570894321510
12.4314163648149860
12.4314137325281050
12.4314137325281050
12.4314137325281050
12.4314137325281050
12.4314137325281050
12.4314137325281050
12.4314137325281050
12.4314137325281050
12.4314137325281050
12.4314137325281050
12.4314137325281050
12.4314127298941840
12.4314127298941840
12.4313994196205330
12.4313994196205330
12.4313994196205330
12.4313994196205330
12.4313994196205330
12.4313994196205330


12.4314597217277530
12.4314597217277530
12.4314597217277530
12.4314597217277530
12.4314590636540600
12.4314570894321510
12.4314570894321510
12.4314570894321510
12.4314570894321510
12.4314143905997800
12.4314137325281050
12.4314137325281050
12.4314137325281050
12.4314137325281050
12.4314137325281050
12.4314137325281050
12.4314137325281050
12.4314137325281050
12.4314137325281050
12.4314137325281050
12.4314137325281050
12.4314137325281050
12.4314127298941840
12.4314127298941840
12.4314127298941840
12.4314127298941840
12.4314127298941840
12.4314127298941840
12.4314100976088360
12.4313994196205330
12.4313994196205330
12.4313994196205330
12.4313994196205330
12.4313994196205330
12.4313994196205330
12.4313994196205330
12.4313994196205330
12.4313994196205330
12.4313994196205330
12.4313957847118300


12.4314143905997800
12.4314137325281050
12.4314137325281050
12.4314137325281050
12.4314137325281050
12.4314137325281050
12.4314137325281050
12.4314137325281050
12.4314137325281050
12.4314127298941840
12.4314127298941840
12.4314120718230310
12.4314114137514550
12.4314100976088360
12.4313994196205330
12.4313994196205330
12.4313994196205330
12.4313994196205330
12.4313994196205330
12.4313994196205330
12.4313994196205330
12.4313994196205330
12.4313994196205330
12.4313994196205330
12.4313994196205330
12.4313994196205330
12.4313994196205330
12.4313994196205330
12.4313994196205330
12.4313994196205330
12.4313994196205330
12.4313994196205330
12.4313994196205330
12.4313994196205330
12.4313984169887060
12.4313957847118300
12.4313957847118300
12.4313957847118300
12.4313524280598850
12.4313504538592050


12.4314120718230310
12.4314120718230310
12.4314114137514550
12.4314114137514550
12.4313994196205330
12.4313994196205330
12.4313994196205330
12.4313994196205330
12.4313994196205330
12.4313994196205330
12.4313994196205330
12.4313994196205330
12.4313994196205330
12.4313994196205330
12.4313994196205330
12.4313994196205330
12.4313994196205330
12.4313994196205330
12.4313994196205330
12.4313994196205330
12.4313994196205330
12.4313994196205330
12.4313994196205330
12.4313994196205330
12.4313994196205330
12.4313994196205330
12.4313994196205330
12.4313994196205330
12.4313984169887060
12.4313957847118300
12.4313957847118300
12.4313957847118300
12.4313957847118300
12.4313524280598850
12.4313524280598850
12.4313524280598850
12.4313514254321530
12.4313504538592050
12.4313504538592050
12.4313504538592050


12.4313994196205330
12.4313994196205330
12.4313994196205330
12.4313994196205330
12.4313994196205330
12.4313994196205330
12.4313994196205330
12.4313994196205330
12.4313994196205330
12.4313994196205330
12.4313994196205330
12.4313994196205330
12.4313994196205330
12.4313984169887060
12.4313957847118300
12.4313957847118300
12.4313957847118300
12.4313957847118300
12.4313957847118300
12.4313957847118300
12.4313957847118300
12.4313957847118300
12.4313957847118300
12.4313957847118300
12.4313957847118300
12.4313957847118300
12.4313957847118300
12.4313524280598850
12.4313524280598850
12.4313524280598850
12.4313524280598850
12.4313524280598850
12.4313524280598850
12.4313514254321530
12.4313504538592050
12.4313504538592050
12.4313504538592050
12.4313504538592050
12.4313504538592050
12.4313504538592050


12.4313994196205330
12.4313994196205330
12.4313994196205330
12.4313994196205330
12.4313984169887060
12.4313977589192760
12.4313974454123880
12.4313957847118300
12.4313957847118300
12.4313957847118300
12.4313957847118300
12.4313957847118300
12.4313524280598850
12.4313524280598850
12.4313524280598850
12.4313524280598850
12.4313524280598850
12.4313524280598850
12.4313524280598850
12.4313524280598850
12.4313524280598850
12.4313524280598850
12.4313524280598850
12.4313524280598850
12.4313524280598850
12.4313524280598850
12.4313514254321530
12.4313504538592050
12.4313504538592050
12.4313504538592050
12.4313504538592050
12.4313504538592050
12.4313504538592050
12.4313504538592050
12.4313504538592050
12.4313504538592050
12.4313504538592050
12.4313504538592050
12.4313487931653020
12.4313487931653020


12.4313957847118300
12.4313957847118300
12.4313524280598850
12.4313524280598850
12.4313524280598850
12.4313524280598850
12.4313524280598850
12.4313524280598850
12.4313524280598850
12.4313524280598850
12.4313524280598850
12.4313504538592050
12.4313504538592050
12.4313504538592050
12.4313504538592050
12.4313504538592050
12.4313504538592050
12.4313504538592050
12.4313504538592050
12.4313504538592050
12.4313504538592050
12.4313504538592050
12.4313504538592050
12.4313504538592050
12.4313504538592050
12.4313504538592050
12.4313504538592050
12.4313504538592050
12.4313504538592050
12.4313504538592050
12.4313504538592050
12.4313504538592050
12.4313504538592050
12.4313504538592050
12.4313504538592050
12.4313487931653020
12.4313487931653020
12.4313487931653020
12.4313487931653020
12.4313487931653020


12.4313511119261300
12.4313504538592050
12.4313504538592050
12.4313504538592050
12.4313504538592050
12.4313504538592050
12.4313504538592050
12.4313504538592050
12.4313504538592050
12.4313504538592050
12.4313504538592050
12.4313504538592050
12.4313504538592050
12.4313504538592050
12.4313504538592050
12.4313504538592050
12.4313504538592050
12.4313504538592050
12.4313504538592050
12.4313504538592050
12.4313504538592050
12.4313504538592050
12.4313504538592050
12.4313504538592050
12.4313504538592050
12.4313504538592050
12.4313504538592050
12.4313504538592050
12.4313504538592050
12.4313504538592050
12.4313504538592050
12.4313487931653020
12.4313487931653020
12.4313487931653020
12.4313487931653020
12.4313487931653020
12.4313487931653020
12.4313487931653020
12.4313487931653020
12.4313487931653020


12.4313504538592050
12.4313504538592050
12.4313504538592050
12.4313504538592050
12.4313504538592050
12.4313504538592050
12.4313504538592050
12.4313504538592050
12.4313504538592050
12.4313504538592050
12.4313504538592050
12.4313504538592050
12.4313504538592050
12.4313504538592050
12.4313504538592050
12.4313504538592050
12.4313504538592050
12.4313504538592050
12.4313504538592050
12.4313504538592050
12.4313487931653020
12.4313487931653020
12.4313487931653020
12.4313487931653020
12.4313487931653020
12.4313487931653020
12.4313487931653020
12.4313487931653020
12.4313487931653020
12.4313487931653020
12.4313487931653020
12.4313487931653020
12.4313487931653020
12.4313487931653020
12.4313487931653020
12.4313487931653020
12.4313487931653020
12.4313487931653020
12.4313487931653020
12.4313487931653020


12.4313504538592050
12.4313504538592050
12.4313504538592050
12.4313504538592050
12.4313504538592050
12.4313504538592050
12.4313504538592050
12.4313504538592050
12.4313504538592050
12.4313487931653020
12.4313487931653020
12.4313487931653020
12.4313487931653020
12.4313487931653020
12.4313487931653020
12.4313487931653020
12.4313487931653020
12.4313487931653020
12.4313487931653020
12.4313487931653020
12.4313487931653020
12.4313487931653020
12.4313487931653020
12.4313487931653020
12.4313487931653020
12.4313487931653020
12.4313487931653020
12.4313487931653020
12.4313487931653020
12.4313487931653020
12.4313487931653020
12.4313487931653020
12.4313487931653020
12.4313487931653020
12.4313487931653020
12.4313487931653020
12.4313487931653020
12.4313487931653020
12.4313487931653020
12.4313487931653020


12.4313487931653020
12.4313487931653020
12.4313487931653020
12.4313487931653020
12.4313487931653020
12.4313487931653020
12.4313487931653020
12.4313487931653020
12.4313487931653020
12.4313487931653020
12.4313487931653020
12.4313487931653020
12.4313487931653020
12.4313487931653020
12.4313487931653020
12.4313487931653020
12.4313487931653020
12.4313487931653020
12.4313487931653020
12.4313487931653020
12.4313487931653020
12.4313487931653020
12.4313487931653020
12.4313487931653020
12.4313487931653020
12.4313487931653020
12.4313487931653020
12.4313487931653020
12.4313487931653020
12.4313487931653020
12.4313487931653020
12.4313487931653020
12.4313487931653020
12.4313487931653020
12.4313487931653020
12.4313487931653020
12.4313487931653020
12.4313487931653020
12.4313487931653020
12.4313487931653020


12.4313487931653020
12.4313487931653020
12.4313487931653020
12.4313487931653020
12.4313487931653020
12.4313487931653020
12.4313487931653020
12.4313487931653020
12.4313487931653020
12.4313487931653020
12.4313487931653020
12.4313487931653020
12.4313487931653020
12.4313487931653020
12.4313487931653020
12.4313487931653020
12.4313487931653020
12.4313487931653020
12.4313487931653020
12.4313487931653020
12.4313487931653020
12.4313487931653020
12.4313487931653020
12.4313487931653020
12.4313487931653020
12.4313487931653020
12.4313487931653020
12.4313487931653020
12.4313487931653020
12.4313487931653020
12.4313487931653020
12.4313487931653020
12.4313487931653020
12.4313487931653020
12.4313487931653020
12.4313487931653020
12.4313487931653020
12.4313487931653020
12.4313487931653020
12.4313487931653020


12.4313487931653020
12.4313487931653020
12.4313487931653020
12.4313487931653020
12.4313487931653020
12.4313487931653020
12.4313487931653020
12.4313487931653020
12.4313487931653020
12.4313487931653020
12.4313487931653020
12.4313487931653020
12.4313487931653020
12.4313487931653020
12.4313487931653020
12.4313487931653020
12.4313487931653020
12.4313487931653020
12.4313487931653020
12.4313487931653020
12.4313487931653020
12.4313487931653020
12.4313487931653020
12.4313487931653020
12.4313487931653020
12.4313487931653020
12.4313487931653020
12.4313487931653020
12.4313487931653020
12.4313487931653020
12.4313487931653020
12.4313487931653020
12.4313487931653020
12.4313487931653020
12.4313487931653020
12.4313487931653020
12.4313487931653020
12.4313487931653020
12.4313487931653020
12.4313487931653020


12.4313487931653020
12.4313487931653020
12.4313487931653020
12.4313487931653020
12.4313487931653020
12.4313487931653020
12.4313487931653020
12.4313487931653020
12.4313487931653020
12.4313487931653020
12.4313487931653020
12.4313487931653020
12.4313487931653020
12.4313487931653020
12.4313487931653020
12.4313487931653020
12.4313487931653020
12.4313487931653020
12.4313487931653020
12.4313487931653020
12.4313487931653020
12.4313487931653020
12.4313487931653020
12.4313487931653020
12.4313487931653020
12.4313487931653020
12.4313487931653020
12.4313487931653020
12.4313487931653020
12.4313487931653020
12.4313487931653020
12.4313487931653020
12.4313487931653020
12.4313487931653020
12.4313487931653020
12.4313487931653020
12.4313487931653020
12.4313487931653020
12.4313487931653020
12.4313487931653020


12.4313487931653020
12.4313487931653020
12.4313487931653020
12.4313487931653020
12.4313487931653020
12.4313487931653020
12.4313487931653020
12.4313487931653020
12.4313487931653020
12.4313487931653020
12.4313487931653020
12.4313487931653020
12.4313487931653020
12.4313487931653020
12.4313487931653020
12.4313487931653020
12.4313487931653020
12.4313487931653020
12.4313487931653020
12.4313487931653020
12.4313487931653020
12.4313487931653020
12.4313487931653020
12.4313487931653020
12.4313487931653020
12.4313487931653020
12.4313487931653020
12.4313487931653020
12.4313487931653020
12.4313487931653020
12.4313487931653020
12.4313487931653020
12.4313487931653020
12.4313487931653020
12.4313487931653020
12.4313487931653020
12.4313487931653020
12.4313487931653020
12.4313487931653020
12.4313487931653020


12.4313487931653020
12.4313487931653020
12.4313487931653020
12.4313487931653020
12.4313487931653020
12.4313487931653020
12.4313487931653020
12.4313487931653020
12.4313487931653020
12.4313487931653020
12.4313487931653020
12.4313487931653020
12.4313487931653020
12.4313487931653020
12.4313487931653020
12.4313487931653020
12.4313487931653020
12.4313487931653020
12.4313487931653020
12.4313487931653020
12.4313487931653020
12.4313487931653020
12.4313487931653020
12.4313487931653020
12.4313487931653020
12.4313487931653020
12.4313487931653020
12.4313487931653020
12.4313487931653020
12.4313487931653020
12.4313487931653020
12.4313487931653020
12.4313487931653020
12.4313487931653020
12.4313487931653020
12.4313487931653020
12.4313487931653020
12.4313487931653020
12.4313487931653020
12.4313487931653020


12.4313487931653020
12.4313487931653020
12.4313487931653020
12.4313487931653020
12.4313487931653020
12.4313487931653020
12.4313487931653020
12.4313487931653020
12.4313487931653020
12.4313487931653020
12.4313487931653020
12.4313487931653020
12.4313487931653020
12.4313487931653020
12.4313487931653020
12.4313487931653020
12.4313487931653020
12.4313487931653020
12.4313487931653020
12.4313487931653020
12.4313487931653020
12.4313487931653020
12.4313487931653020
12.4313487931653020
12.4313487931653020
12.4313487931653020
12.4313487931653020
12.4313487931653020
12.4313487931653020
12.4313487931653020
12.4313487931653020
12.4313487931653020
12.4313487931653020
12.4313487931653020
12.4313487931653020
12.4313487931653020
12.4313487931653020
12.4313487931653020
12.4313487931653020
12.4313487931653020


12.4313487931653020
12.4313487931653020
12.4313487931653020
12.4313487931653020
12.4313487931653020
12.4313487931653020
12.4313487931653020
12.4313487931653020
12.4313487931653020
12.4313487931653020
12.4313487931653020
12.4313487931653020
12.4313487931653020
12.4313487931653020
12.4313487931653020
12.4313487931653020
12.4313487931653020
12.4313487931653020
12.4313487931653020
12.4313487931653020
12.4313487931653020
12.4313487931653020
12.4313487931653020
12.4313487931653020
12.4313487931653020
12.4313487931653020
12.4313487931653020
12.4313487931653020
12.4313487931653020
12.4313487931653020
12.4313487931653020
12.4313487931653020
12.4313487931653020
12.4313487931653020
12.4313487931653020
12.4313487931653020
12.4313487931653020
12.4313487931653020
12.4313487931653020
12.4313487931653020


12.4313487931653020
12.4313487931653020
12.4313487931653020
12.4313487931653020
12.4313487931653020
12.4313487931653020
12.4313487931653020
12.4313487931653020
12.4313487931653020
12.4313487931653020
12.4313487931653020
12.4313487931653020
12.4313487931653020
12.4313487931653020
12.4313487931653020
12.4313487931653020
12.4313487931653020
12.4313487931653020
12.4313487931653020
12.4313487931653020
12.4313487931653020
12.4313487931653020
12.4313487931653020
12.4313487931653020
12.4313487931653020
12.4313487931653020
12.4313487931653020
12.4313487931653020
12.4313487931653020
12.4313487931653020
12.4313487931653020
12.4313487931653020
12.4313487931653020
12.4313487931653020
12.4313487931653020
12.4313487931653020
12.4313487931653020
12.4313487931653020
12.4313487931653020
12.4313487931653020


12.4313487931653020
12.4313487931653020
12.4313487931653020
12.4313487931653020
12.4313487931653020
12.4313487931653020
12.4313487931653020
12.4313487931653020
12.4313487931653020
12.4313487931653020
12.4313487931653020
12.4313487931653020
12.4313487931653020
12.4313487931653020
12.4313487931653020
12.4313487931653020
12.4313487931653020
12.4313487931653020
12.4313487931653020
12.4313487931653020
12.4313487931653020
12.4313487931653020
12.4313487931653020
12.4313487931653020
12.4313487931653020
12.4313487931653020
12.4313487931653020
12.4313487931653020
12.4313487931653020
12.4313487931653020
12.4313487931653020
12.4313487931653020
12.4313487931653020
12.4313487931653020
12.4313487931653020
12.4313487931653020
12.4313487931653020
12.4313487931653020
12.4313487931653020
12.4313487931653020


12.4313487931653020
12.4313487931653020
12.4313487931653020
12.4313487931653020
12.4313487931653020
12.4313487931653020
12.4313487931653020
12.4313487931653020
12.4313487931653020
12.4313487931653020
12.4313487931653020
12.4313487931653020
12.4313487931653020
12.4313487931653020
12.4313487931653020
12.4313487931653020
12.4313487931653020
12.4313487931653020
12.4313487931653020
12.4313487931653020
12.4313487931653020
12.4313487931653020
12.4313487931653020
12.4313487931653020
12.4313487931653020
12.4313487931653020
12.4313487931653020
12.4313487931653020
12.4313487931653020
12.4313487931653020
12.4313487931653020
12.4313487931653020
12.4313487931653020
12.4313487931653020
12.4313487931653020
12.4313487931653020
12.4313487931653020
12.4313487931653020
12.4313487931653020
12.4313487931653020


12.4313487931653020
12.4313487931653020
12.4313487931653020
12.4313487931653020
12.4313487931653020
12.4313487931653020
12.4313487931653020
12.4313487931653020
12.4313487931653020
12.4313487931653020
12.4313487931653020
12.4313487931653020
12.4313487931653020
12.4313487931653020
12.4313487931653020
12.4313487931653020
12.4313487931653020
12.4313487931653020
12.4313487931653020
12.4313487931653020
12.4313487931653020
12.4313487931653020
12.4313487931653020
12.4313487931653020
12.4313487931653020
12.4313487931653020
12.4313487931653020
12.4313487931653020
12.4313487931653020
12.4313487931653020
12.4313487931653020
12.4313487931653020
12.4313487931653020
12.4313487931653020
12.4313487931653020
12.4313487931653020
12.4313487931653020
12.4313487931653020
12.4313487931653020
12.4313487931653020


12.4313487931653020
12.4313487931653020
12.4313487931653020
12.4313487931653020
12.4313487931653020
12.4313487931653020
12.4313487931653020
12.4313487931653020
12.4313487931653020
12.4313487931653020
12.4313487931653020
12.4313487931653020
12.4313487931653020
12.4313487931653020
12.4313487931653020
12.4313487931653020
12.4313487931653020
12.4313487931653020
12.4313487931653020
12.4313487931653020
12.4313487931653020
12.4313487931653020
12.4313487931653020
12.4313487931653020
12.4313487931653020
12.4313487931653020
12.4313487931653020
12.4313487931653020
12.4313487931653020
12.4313487931653020
12.4313487931653020
12.4313487931653020
12.4313487931653020
12.4313487931653020
12.4313487931653020
12.4313487931653020
12.4313487931653020
12.4313487931653020
12.4313487931653020
12.4313487931653020


12.4313487931653020
12.4313487931653020
12.4313487931653020
12.4313487931653020
12.4313487931653020
12.4313487931653020
12.4313487931653020
12.4313487931653020
12.4313487931653020
12.4313487931653020
12.4313487931653020
12.4313487931653020
12.4313487931653020
12.4313487931653020
12.4313487931653020
12.4313487931653020
12.4313487931653020
12.4313487931653020
12.4313487931653020
12.4313487931653020
12.4313487931653020
12.4313487931653020
12.4313487931653020
12.4313487931653020
12.4313487931653020
12.4313487931653020
12.4313487931653020
12.4313487931653020
12.4313487931653020
12.4313487931653020
12.4313487931653020
12.4313487931653020
12.4313487931653020
12.4313487931653020
12.4313487931653020
12.4313487931653020
12.4313487931653020
12.4313487931653020
12.4313487931653020
12.4313487931653020


12.4313487931653020
12.4313487931653020
12.4313487931653020
12.4313487931653020
12.4313487931653020
12.4313487931653020
12.4313487931653020
12.4313487931653020
12.4313487931653020
12.4313487931653020
12.4313487931653020
12.4313487931653020
12.4313487931653020
12.4313487931653020
12.4313487931653020
12.4313487931653020
12.4313487931653020
12.4313487931653020
12.4313487931653020
12.4313487931653020
12.4313487931653020
12.4313487931653020
12.4313487931653020
12.4313487931653020
12.4313487931653020
12.4313487931653020
12.4313487931653020
12.4313487931653020
12.4313487931653020
12.4313487931653020
12.4313487931653020
12.4313487931653020
12.4313487931653020
12.4313487931653020
12.4313487931653020
12.4313487931653020
12.4313487931653020
12.4313487931653020
12.4313487931653020
12.4313487931653020


12.4313487931653020
12.4313487931653020
12.4313487931653020
12.4313487931653020
12.4313487931653020
12.4313487931653020
12.4313487931653020
12.4313487931653020
12.4313487931653020
12.4313487931653020
12.4313487931653020
12.4313487931653020
12.4313487931653020
12.4313487931653020
12.4313487931653020
12.4313487931653020
12.4313487931653020
12.4313487931653020
12.4313487931653020
12.4313487931653020
12.4313487931653020
12.4313487931653020
12.4313487931653020
12.4313487931653020
12.4313487931653020
12.4313487931653020
12.4313487931653020
12.4313487931653020
12.4313487931653020
12.4313487931653020
12.4313487931653020
12.4313487931653020
12.4313487931653020
12.4313487931653020
12.4313487931653020
12.4313487931653020
12.4313487931653020
12.4313487931653020
12.4313487931653020
12.4313487931653020


12.4313487931653020
12.4313487931653020
12.4313487931653020
12.4313487931653020
12.4313487931653020
12.4313487931653020
12.4313487931653020
12.4313487931653020
12.4313487931653020
12.4313487931653020
12.4313487931653020
12.4313487931653020
12.4313487931653020
12.4313487931653020
12.4313487931653020
12.4313487931653020
12.4313487931653020
12.4313487931653020
12.4313487931653020
12.4313487931653020
12.4313487931653020
12.4313487931653020
12.4313487931653020
12.4313487931653020
12.4313487931653020
12.4313487931653020
12.4313487931653020
12.4313487931653020
12.4313487931653020
12.4313487931653020
12.4313487931653020
12.4313487931653020
12.4313487931653020
12.4313487931653020
12.4313487931653020
12.4313487931653020
12.4313487931653020
12.4313487931653020
12.4313487931653020
12.4313487931653020


12.4313487931653020
12.4313487931653020
12.4313487931653020
12.4313487931653020
12.4313487931653020
12.4313487931653020
12.4313487931653020
12.4313487931653020
12.4313487931653020
12.4313487931653020
12.4313487931653020
12.4313487931653020
12.4313487931653020
12.4313487931653020
12.4313487931653020
12.4313487931653020
12.4313487931653020
12.4313487931653020
12.4313487931653020
12.4313487931653020
12.4313487931653020
12.4313487931653020
12.4313487931653020
12.4313487931653020
12.4313487931653020
12.4313487931653020
12.4313487931653020
12.4313487931653020
12.4313487931653020
12.4313487931653020
12.4313487931653020
12.4313487931653020
12.4313487931653020
12.4313487931653020
12.4313487931653020
12.4313487931653020
12.4313487931653020
12.4313487931653020
12.4313487931653020
12.4313487931653020


12.4313487931653020
12.4313487931653020
12.4313487931653020
12.4313487931653020
12.4313487931653020
12.4313487931653020
12.4313487931653020
12.4313487931653020
12.4313487931653020
12.4313487931653020
12.4313487931653020
12.4313487931653020
12.4313487931653020
12.4313487931653020
12.4313487931653020
12.4313487931653020
12.4313487931653020
12.4313487931653020
12.4313487931653020
12.4313487931653020
12.4313487931653020
12.4313487931653020
12.4313487931653020
12.4313487931653020
12.4313487931653020
12.4313487931653020
12.4313487931653020
12.4313487931653020
12.4313487931653020
12.4313487931653020
12.4313487931653020
12.4313487931653020
12.4313487931653020
12.4313487931653020
12.4313487931653020
12.4313487931653020
12.4313487931653020
12.4313487931653020
12.4313487931653020
12.4313487931653020


12.4313487931653020
12.4313487931653020
12.4313487931653020
12.4313487931653020
12.4313487931653020
12.4313487931653020
12.4313487931653020
12.4313487931653020
12.4313487931653020
12.4313487931653020
12.4313487931653020
12.4313487931653020
12.4313487931653020
12.4313487931653020
12.4313487931653020
12.4313487931653020
12.4313487931653020
12.4313487931653020
12.4313487931653020
12.4313487931653020
12.4313487931653020
12.4313487931653020
12.4313487931653020
12.4313487931653020
12.4313487931653020
12.4313487931653020
12.4313487931653020
12.4313487931653020
12.4313487931653020
12.4313487931653020
12.4313487931653020
12.4313487931653020
12.4313487931653020
12.4313487931653020
12.4313487931653020
12.4313487931653020
12.4313487931653020
12.4313487931653020
12.4313487931653020
12.4313487931653020


12.4313487931653020
12.4313487931653020
12.4313487931653020
12.4313487931653020
12.4313487931653020
12.4313487931653020
12.4313487931653020
12.4313487931653020
12.4313487931653020
12.4313487931653020
12.4313487931653020
12.4313487931653020
12.4313487931653020
12.4313487931653020
12.4313487931653020
12.4313487931653020
12.4313487931653020
12.4313487931653020
12.4313487931653020
12.4313487931653020
12.4313487931653020
12.4313487931653020
12.4313487931653020
12.4313487931653020
12.4313487931653020
12.4313487931653020
12.4313487931653020
12.4313487931653020
12.4313487931653020
12.4313487931653020
12.4313487931653020
12.4313487931653020
12.4313487931653020
12.4313487931653020
12.4313487931653020
12.4313487931653020
12.4313487931653020
12.4313487931653020
12.4313487931653020
12.4313487931653020


12.4313487931653020
12.4313487931653020
12.4313487931653020
12.4313487931653020
12.4313487931653020
12.4313487931653020
12.4313487931653020
12.4313487931653020
12.4313487931653020
12.4313487931653020
12.4313487931653020
12.4313487931653020
12.4313487931653020
12.4313487931653020
12.4313487931653020
12.4313487931653020
12.4313487931653020
12.4313487931653020
12.4313487931653020
12.4313487931653020
12.4313487931653020
12.4313487931653020
12.4313487931653020
12.4313487931653020
12.4313487931653020
12.4313487931653020
12.4313487931653020
12.4313487931653020
12.4313487931653020
12.4313487931653020
12.4313487931653020
12.4313487931653020
12.4313487931653020
12.4313487931653020
12.4313487931653020
12.4313487931653020
12.4313487931653020
12.4313487931653020
12.4313487931653020
12.4313487931653020


12.4313487931653020
12.4313487931653020
12.4313487931653020
12.4313487931653020
12.4313487931653020
12.4313487931653020
12.4313487931653020
12.4313487931653020
12.4313487931653020
12.4313487931653020
12.4313487931653020
12.4313487931653020
12.4313487931653020
12.4313487931653020
12.4313487931653020
12.4313487931653020
12.4313487931653020
12.4313487931653020
12.4313487931653020
12.4313487931653020
12.4313487931653020
12.4313487931653020
12.4313487931653020
12.4313487931653020
12.4313487931653020
12.4313487931653020
12.4313487931653020
12.4313487931653020
12.4313487931653020
12.4313487931653020
12.4313487931653020
12.4313487931653020
12.4313487931653020
12.4313487931653020
12.4313487931653020
12.4313487931653020
12.4313487931653020
12.4313487931653020
12.4313487931653020
12.4313487931653020


12.4313487931653020
12.4313487931653020
12.4313487931653020
12.4313487931653020
12.4313487931653020
12.4313487931653020
12.4313487931653020
12.4313487931653020
12.4313487931653020
12.4313487931653020
12.4313487931653020
12.4313487931653020
12.4313487931653020
12.4313487931653020
12.4313487931653020
12.4313487931653020
12.4313487931653020
12.4313487931653020
12.4313487931653020
12.4313487931653020
12.4313487931653020
12.4313487931653020
12.4313487931653020
12.4313487931653020
12.4313487931653020
12.4313487931653020
12.4313487931653020
12.4313487931653020
12.4313487931653020
12.4313487931653020
12.4313487931653020
12.4313487931653020
12.4313487931653020
12.4313487931653020
12.4313487931653020
12.4313487931653020
12.4313487931653020
12.4313487931653020
12.4313487931653020
12.4313487931653020


12.4313487931653020
12.4313487931653020
12.4313487931653020
12.4313487931653020
12.4313487931653020
12.4313487931653020
12.4313487931653020
12.4313487931653020
12.4313487931653020
12.4313487931653020
12.4313487931653020
12.4313487931653020
12.4313487931653020
12.4313487931653020
12.4313487931653020
12.4313487931653020
12.4313487931653020
12.4313487931653020
12.4313487931653020
12.4313487931653020
12.4313487931653020
12.4313487931653020
12.4313487931653020
12.4313487931653020
12.4313487931653020
12.4313487931653020
12.4313487931653020
12.4313487931653020
12.4313487931653020
12.4313487931653020
12.4313487931653020
12.4313487931653020
12.4313487931653020
12.4313487931653020
12.4313487931653020
12.4313487931653020
12.4313487931653020
12.4313487931653020
12.4313487931653020
12.4313487931653020


12.4313487931653020
12.4313487931653020
12.4313487931653020
12.4313487931653020
12.4313487931653020
12.4313487931653020
12.4313487931653020
12.4313487931653020
12.4313487931653020
12.4313487931653020
12.4313487931653020
12.4313487931653020
12.4313487931653020
12.4313487931653020
12.4313487931653020
12.4313487931653020
12.4313487931653020
12.4313487931653020
12.4313487931653020
12.4313487931653020
12.4313487931653020
12.4313487931653020
12.4313487931653020
12.4313487931653020
12.4313487931653020
12.4313487931653020
12.4313487931653020
12.4313487931653020
12.4313487931653020
12.4313487931653020
12.4313487931653020
12.4313487931653020
12.4313487931653020
12.4313487931653020
12.4313487931653020
12.4313487931653020
12.4313487931653020
12.4313487931653020
12.4313487931653020
12.4313487931653020


12.4313487931653020
12.4313487931653020
12.4313487931653020
12.4313487931653020
12.4313487931653020
12.4313487931653020
12.4313487931653020
12.4313487931653020
12.4313487931653020
12.4313487931653020
12.4313487931653020
12.4313487931653020
12.4313487931653020
12.4313487931653020
12.4313487931653020
12.4313487931653020
12.4313487931653020
12.4313487931653020
12.4313487931653020
12.4313487931653020
12.4313487931653020
12.4313487931653020
12.4313487931653020
12.4313487931653020
12.4313487931653020
12.4313487931653020
12.4313487931653020
12.4313487931653020
12.4313487931653020
12.4313487931653020
12.4313487931653020
12.4313487931653020
12.4313487931653020
12.4313487931653020
12.4313487931653020
12.4313487931653020
12.4313487931653020
12.4313487931653020
12.4313487931653020
12.4313487931653020


12.4313487931653020
12.4313487931653020
12.4313487931653020
12.4313487931653020
12.4313487931653020
12.4313487931653020
12.4313487931653020
12.4313487931653020
12.4313487931653020
12.4313487931653020
12.4313487931653020
12.4313487931653020
12.4313487931653020
12.4313487931653020
12.4313487931653020
12.4313487931653020
12.4313487931653020
12.4313487931653020
12.4313487931653020
12.4313487931653020
12.4313487931653020
12.4313487931653020
12.4313487931653020
12.4313487931653020
12.4313487931653020
12.4313487931653020
12.4313487931653020
12.4313487931653020
12.4313487931653020
12.4313487931653020
12.4313487931653020
12.4313487931653020
12.4313487931653020
12.4313487931653020
12.4313487931653020
12.4313487931653020
12.4313487931653020
12.4313487931653020
12.4313487931653020
12.4313487931653020


12.4313487931653020
12.4313487931653020
12.4313487931653020
12.4313487931653020
12.4313487931653020
12.4313487931653020
12.4313487931653020
12.4313487931653020
12.4313487931653020
12.4313487931653020
12.4313487931653020
12.4313487931653020
12.4313487931653020
12.4313487931653020
12.4313487931653020
12.4313487931653020
12.4313487931653020
12.4313487931653020
12.4313487931653020
12.4313487931653020
12.4313487931653020
12.4313487931653020
12.4313487931653020
12.4313487931653020
12.4313487931653020
12.4313487931653020
12.4313487931653020
12.4313487931653020
12.4313487931653020
12.4313487931653020
12.4313487931653020
12.4313487931653020
12.4313487931653020
12.4313487931653020
12.4313487931653020
12.4313487931653020
12.4313487931653020
12.4313487931653020
12.4313487931653020
12.4313487931653020


12.4313487931653020
12.4313487931653020
12.4313487931653020
12.4313487931653020
12.4313487931653020
12.4313487931653020
12.4313487931653020
12.4313487931653020
12.4313487931653020
12.4313487931653020
12.4313487931653020
12.4313487931653020
12.4313487931653020
12.4313487931653020
12.4313487931653020
12.4313487931653020
12.4313487931653020
12.4313487931653020
12.4313487931653020
12.4313487931653020
12.4313487931653020
12.4313487931653020
12.4313487931653020
12.4313487931653020
12.4313487931653020
12.4313487931653020
12.4313487931653020
12.4313487931653020
12.4313487931653020
12.4313487931653020
12.4313487931653020
12.4313487931653020
12.4313487931653020
12.4313487931653020
12.4313487931653020
12.4313487931653020
12.4313487931653020
12.4313487931653020
12.4313487931653020
12.4313487931653020


12.4313487931653020
12.4313487931653020
12.4313487931653020
12.4313487931653020
12.4313487931653020
12.4313487931653020
12.4313487931653020
12.4313487931653020
12.4313487931653020
12.4313487931653020
12.4313487931653020
12.4313487931653020
12.4313487931653020
12.4313487931653020
12.4313487931653020
12.4313487931653020
12.4313487931653020
12.4313487931653020
12.4313487931653020
12.4313487931653020
12.4313487931653020
12.4313487931653020
12.4313487931653020
12.4313487931653020
12.4313487931653020
12.4313487931653020
12.4313487931653020
12.4313487931653020
12.4313487931653020
12.4313487931653020
12.4313487931653020
12.4313487931653020
12.4313487931653020
12.4313487931653020
12.4313487931653020
12.4313487931653020
12.4313487931653020
12.4313487931653020
12.4313487931653020
12.4313487931653020


12.4313487931653020
12.4313487931653020
12.4313487931653020
12.4313487931653020
12.4313487931653020
12.4313487931653020
12.4313487931653020
12.4313487931653020
12.4313487931653020
12.4313487931653020
12.4313487931653020
12.4313487931653020
12.4313487931653020
12.4313487931653020
12.4313487931653020
12.4313487931653020
12.4313487931653020
12.4313487931653020
12.4313487931653020
12.4313487931653020
12.4313487931653020
12.4313487931653020
12.4313487931653020
12.4313487931653020
12.4313487931653020
12.4313487931653020
12.4313487931653020
12.4313487931653020
12.4313487931653020
12.4313487931653020
12.4313487931653020
12.4313487931653020
12.4313487931653020
12.4313487931653020
12.4313487931653020
12.4313487931653020
12.4313487931653020
12.4313487931653020
12.4313487931653020
12.4313487931653020


12.4313487931653020
12.4313487931653020
12.4313487931653020
12.4313487931653020
12.4313487931653020
12.4313487931653020
12.4313487931653020
12.4313487931653020
12.4313487931653020
12.4313487931653020
12.4313487931653020
12.4313487931653020
12.4313487931653020
12.4313487931653020
12.4313487931653020
12.4313487931653020
12.4313487931653020
12.4313487931653020
12.4313487931653020
12.4313487931653020
12.4313487931653020
12.4313487931653020
12.4313487931653020
12.4313487931653020
12.4313487931653020
12.4313487931653020
12.4313487931653020
12.4313487931653020
12.4313487931653020
12.4313487931653020
12.4313487931653020
12.4313487931653020
12.4313487931653020
12.4313487931653020
12.4313487931653020
12.4313487931653020
12.4313487931653020
12.4313487931653020
12.4313487931653020
12.4313487931653020


12.4313487931653020
12.4313487931653020
12.4313487931653020
12.4313487931653020
12.4313487931653020
12.4313487931653020
12.4313487931653020
12.4313487931653020
12.4313487931653020
12.4313487931653020
12.4313487931653020
12.4313487931653020
12.4313487931653020
12.4313487931653020
12.4313487931653020
12.4313487931653020
12.4313487931653020
12.4313487931653020
12.4313487931653020
12.4313487931653020
12.4313487931653020
12.4313487931653020
12.4313487931653020
12.4313487931653020
12.4313487931653020
12.4313487931653020
12.4313487931653020
12.4313487931653020
12.4313487931653020
12.4313487931653020
12.4313487931653020
12.4313487931653020
12.4313487931653020
12.4313487931653020
12.4313487931653020
12.4313487931653020
12.4313487931653020
12.4313487931653020
12.4313487931653020
12.4313487931653020


12.4313487931653020
12.4313487931653020
12.4313487931653020
12.4313487931653020
12.4313487931653020
12.4313487931653020
12.4313487931653020
12.4313487931653020
12.4313487931653020
12.4313487931653020
12.4313487931653020
12.4313487931653020
12.4313487931653020
12.4313487931653020
12.4313487931653020
12.4313487931653020
12.4313487931653020
12.4313487931653020
12.4313487931653020
12.4313487931653020
12.4313487931653020
12.4313487931653020
12.4313487931653020
12.4313487931653020
12.4313487931653020
12.4313487931653020
12.4313487931653020
12.4313487931653020
12.4313487931653020
12.4313487931653020
12.4313487931653020
12.4313487931653020
12.4313487931653020
12.4313487931653020
12.4313487931653020
12.4313487931653020
12.4313487931653020
12.4313487931653020
12.4313487931653020
12.4313487931653020


12.4313487931653020
12.4313487931653020
12.4313487931653020
12.4313487931653020
12.4313487931653020
12.4313487931653020
12.4313487931653020
12.4313487931653020
12.4313487931653020
12.4313487931653020
12.4313487931653020
12.4313487931653020
12.4313487931653020
12.4313487931653020
12.4313487931653020
12.4313487931653020
12.4313487931653020
12.4313487931653020
12.4313487931653020
12.4313487931653020
12.4313487931653020
12.4313487931653020
12.4313487931653020
12.4313487931653020
12.4313487931653020
12.4313487931653020
12.4313487931653020
12.4313487931653020
12.4313487931653020
12.4313487931653020
12.4313487931653020
12.4313487931653020
12.4313487931653020
12.4313487931653020
12.4313487931653020
12.4313487931653020
12.4313487931653020
12.4313487931653020
12.4313487931653020
12.4313487931653020


12.4313487931653020
12.4313487931653020
12.4313487931653020
12.4313487931653020
12.4313487931653020
12.4313487931653020
12.4313487931653020
12.4313487931653020
12.4313487931653020
12.4313487931653020
12.4313487931653020
12.4313487931653020
12.4313487931653020
12.4313487931653020
12.4313487931653020
12.4313487931653020
12.4313487931653020
12.4313487931653020
12.4313487931653020
12.4313487931653020
12.4313487931653020
12.4313487931653020
12.4313487931653020
12.4313487931653020
12.4313487931653020
12.4313487931653020
12.4313487931653020
12.4313487931653020
12.4313487931653020
12.4313487931653020
12.4313487931653020
12.4313487931653020
12.4313487931653020
12.4313487931653020
12.4313487931653020
12.4313487931653020
12.4313487931653020
12.4313487931653020
12.4313487931653020
12.4313487931653020


12.4313487931653020
12.4313487931653020
12.4313487931653020
12.4313487931653020
12.4313487931653020
12.4313487931653020
12.4313487931653020
12.4313487931653020
12.4313487931653020
12.4313487931653020
12.4313487931653020
12.4313487931653020
12.4313487931653020
12.4313487931653020
12.4313487931653020
12.4313487931653020
12.4313487931653020
12.4313487931653020
12.4313487931653020
12.4313487931653020
12.4313487931653020
12.4313487931653020
12.4313487931653020
12.4313487931653020
12.4313487931653020
12.4313487931653020
12.4313487931653020
12.4313487931653020
12.4313487931653020
12.4313487931653020
12.4313487931653020
12.4313487931653020
12.4313487931653020
12.4313487931653020
12.4313487931653020
12.4313487931653020
12.4313487931653020
12.4313487931653020
12.4313487931653020
12.4313487931653020


12.4313487931653020
12.4313487931653020
12.4313487931653020
12.4313487931653020
12.4313487931653020
12.4313487931653020
12.4313487931653020
12.4313487931653020
12.4313487931653020
12.4313487931653020
12.4313487931653020
12.4313487931653020
12.4313487931653020
12.4313487931653020
12.4313487931653020
12.4313487931653020
12.4313487931653020
12.4313487931653020
12.4313487931653020
12.4313487931653020
12.4313487931653020
12.4313487931653020
12.4313487931653020
12.4313487931653020
12.4313487931653020
12.4313487931653020
12.4313487931653020
12.4313487931653020
12.4313487931653020
12.4313487931653020
12.4313487931653020
12.4313487931653020
12.4313487931653020
12.4313487931653020
12.4313487931653020
12.4313487931653020
12.4313487931653020
12.4313487931653020
12.4313487931653020
12.4313487931653020


12.4313487931653020
12.4313487931653020
12.4313487931653020
12.4313487931653020
12.4313487931653020
12.4313487931653020
12.4313487931653020
12.4313487931653020
12.4313487931653020
12.4313487931653020
12.4313487931653020
12.4313487931653020
12.4313487931653020
12.4313487931653020
12.4313487931653020
12.4313487931653020
12.4313487931653020
12.4313487931653020
12.4313487931653020
12.4313487931653020
12.4313487931653020
12.4313487931653020
12.4313487931653020
12.4313487931653020
12.4313487931653020
12.4313487931653020
12.4313487931653020
12.4313487931653020
12.4313487931653020
12.4313487931653020
12.4313487931653020
12.4313487931653020
12.4313487931653020
12.4313487931653020
12.4313487931653020
12.4313487931653020
12.4313487931653020
12.4313487931653020
12.4313487931653020
12.4313487931653020


12.4313487931653020
12.4313487931653020
12.4313487931653020
12.4313487931653020
12.4313487931653020
12.4313487931653020
12.4313487931653020
12.4313487931653020
12.4313487931653020
12.4313487931653020
12.4313487931653020
12.4313487931653020
12.4313487931653020
12.4313487931653020
12.4313487931653020
12.4313487931653020
12.4313487931653020
12.4313487931653020
12.4313487931653020
12.4313487931653020
12.4313487931653020
12.4313487931653020
12.4313487931653020
12.4313487931653020
12.4313487931653020
12.4313487931653020
12.4313487931653020
12.4313487931653020
12.4313487931653020
12.4313487931653020
12.4313487931653020
12.4313487931653020
12.4313487931653020
12.4313487931653020
12.4313487931653020
12.4313487931653020
12.4313487931653020
12.4313487931653020
12.4313487931653020
12.4313487931653020


12.4313487931653020
12.4313487931653020
12.4313487931653020
12.4313487931653020
12.4313487931653020
12.4313487931653020
12.4313487931653020
12.4313487931653020
12.4313487931653020
12.4313487931653020
12.4313487931653020
12.4313487931653020
12.4313487931653020
12.4313487931653020
12.4313487931653020
12.4313487931653020
12.4313487931653020
12.4313487931653020
12.4313487931653020
12.4313487931653020
12.4313487931653020
12.4313487931653020
12.4313487931653020
12.4313487931653020
12.4313487931653020
12.4313487931653020
12.4313487931653020
12.4313487931653020
12.4313487931653020
12.4313487931653020
12.4313487931653020
12.4313487931653020
12.4313487931653020
12.4313487931653020
12.4313487931653020
12.4313487931653020
12.4313487931653020
12.4313487931653020
12.4313487931653020
12.4313487931653020


12.4313487931653020
12.4313487931653020
12.4313487931653020
12.4313487931653020
12.4313487931653020
12.4313487931653020
12.4313487931653020
12.4313487931653020
12.4313487931653020
12.4313487931653020
12.4313487931653020
12.4313487931653020
12.4313487931653020
12.4313487931653020
12.4313487931653020
12.4313487931653020
12.4313487931653020
12.4313487931653020
12.4313487931653020
12.4313487931653020
12.4313487931653020
12.4313487931653020
12.4313487931653020
12.4313487931653020
12.4313487931653020
12.4313487931653020
12.4313487931653020
12.4313487931653020
12.4313487931653020
12.4313487931653020
12.4313487931653020
12.4313487931653020
12.4313487931653020
12.4313487931653020
12.4313487931653020
12.4313487931653020
12.4313487931653020
12.4313487931653020
12.4313487931653020
12.4313487931653020


12.4313487931653020
12.4313487931653020
12.4313487931653020
12.4313487931653020
12.4313487931653020
12.4313487931653020
12.4313487931653020
12.4313487931653020
12.4313487931653020
12.4313487931653020
12.4313487931653020
12.4313487931653020
12.4313487931653020
12.4313487931653020
12.4313487931653020
12.4313487931653020
12.4313487931653020
12.4313487931653020
12.4313487931653020
12.4313487931653020
12.4313487931653020
12.4313487931653020
12.4313487931653020
12.4313487931653020
12.4313487931653020
12.4313487931653020
12.4313487931653020
12.4313487931653020
12.4313487931653020
12.4313487931653020
12.4313487931653020
12.4313487931653020
12.4313487931653020
12.4313487931653020
12.4313487931653020
12.4313487931653020
12.4313487931653020
12.4313487931653020
12.4313487931653020
12.4313487931653020


12.4313487931653020
12.4313487931653020
12.4313487931653020
12.4313487931653020
12.4313487931653020
12.4313487931653020
12.4313487931653020
12.4313487931653020
12.4313487931653020
12.4313487931653020
12.4313487931653020
12.4313487931653020
12.4313487931653020
12.4313487931653020
12.4313487931653020
12.4313487931653020
12.4313487931653020
12.4313487931653020
12.4313487931653020
12.4313487931653020
12.4313487931653020
12.4313487931653020
12.4313487931653020
12.4313487931653020
12.4313487931653020
12.4313487931653020
12.4313487931653020
12.4313487931653020
12.4313487931653020
12.4313487931653020
12.4313487931653020
12.4313487931653020
12.4313487931653020
12.4313487931653020
12.4313487931653020
12.4313487931653020
12.4313487931653020
12.4313487931653020
12.4313487931653020
12.4313487931653020


12.4313487931653020
12.4313487931653020
12.4313487931653020
12.4313487931653020
12.4313487931653020
12.4313487931653020
12.4313487931653020
12.4313487931653020
12.4313487931653020
12.4313487931653020
12.4313487931653020
12.4313487931653020
12.4313487931653020
12.4313487931653020
12.4313487931653020
12.4313487931653020
12.4313487931653020
12.4313487931653020
12.4313487931653020
12.4313487931653020
12.4313487931653020
12.4313487931653020
12.4313487931653020
12.4313487931653020
12.4313487931653020
12.4313487931653020
12.4313487931653020
12.4313487931653020
12.4313487931653020
12.4313487931653020
12.4313487931653020
12.4313487931653020
12.4313487931653020
12.4313487931653020
12.4313487931653020
12.4313487931653020
12.4313487931653020
12.4313487931653020
12.4313487931653020
12.4313487931653020


12.4313487931653020
12.4313487931653020
12.4313487931653020
12.4313487931653020
12.4313487931653020
12.4313487931653020
12.4313487931653020
12.4313487931653020
12.4313487931653020
12.4313487931653020
12.4313487931653020
12.4313487931653020
12.4313487931653020
12.4313487931653020
12.4313487931653020
12.4313487931653020
12.4313487931653020
12.4313487931653020
12.4313487931653020
12.4313487931653020
12.4313487931653020
12.4313487931653020
12.4313487931653020
12.4313487931653020
12.4313487931653020
12.4313487931653020
12.4313487931653020
12.4313487931653020
12.4313487931653020
12.4313487931653020
12.4313487931653020
12.4313487931653020
12.4313487931653020
12.4313487931653020
12.4313487931653020
12.4313487931653020
12.4313487931653020
12.4313487931653020
12.4313487931653020
12.4313487931653020


12.4313487931653020
12.4313487931653020
12.4313487931653020
12.4313487931653020
12.4313487931653020
12.4313487931653020
12.4313487931653020
12.4313487931653020
12.4313487931653020
12.4313487931653020
12.4313487931653020
12.4313487931653020
12.4313487931653020
12.4313487931653020
12.4313487931653020
12.4313487931653020
12.4313487931653020
12.4313487931653020
12.4313487931653020
12.4313487931653020
12.4313487931653020
12.4313487931653020
12.4313487931653020
12.4313487931653020
12.4313487931653020
12.4313487931653020
12.4313487931653020
12.4313487931653020
12.4313487931653020
12.4313487931653020
12.4313487931653020
12.4313487931653020
12.4313487931653020
12.4313487931653020
12.4313487931653020
12.4313487931653020
12.4313487931653020
12.4313487931653020
12.4313487931653020
12.4313487931653020


12.4313487931653020
12.4313487931653020
12.4313487931653020
12.4313487931653020
12.4313487931653020
12.4313487931653020
12.4313487931653020
12.4313487931653020
12.4313487931653020
12.4313487931653020
12.4313487931653020
12.4313487931653020
12.4313487931653020
12.4313487931653020
12.4313487931653020
12.4313487931653020
12.4313487931653020
12.4313487931653020
12.4313487931653020
12.4313487931653020
12.4313487931653020
12.4313487931653020
12.4313487931653020
12.4313487931653020
12.4313487931653020
12.4313487931653020
12.4313487931653020
12.4313487931653020
12.4313487931653020
12.4313487931653020
12.4313487931653020
12.4313487931653020
12.4313487931653020
12.4313487931653020
12.4313487931653020
12.4313487931653020
12.4313487931653020
12.4313487931653020
12.4313487931653020
12.4313487931653020


12.4313487931653020
12.4313487931653020
12.4313487931653020
12.4313487931653020
12.4313487931653020
12.4313487931653020
12.4313487931653020
12.4313487931653020
12.4313487931653020
12.4313487931653020
12.4313487931653020
12.4313487931653020
12.4313487931653020
12.4313487931653020
12.4313487931653020
12.4313487931653020
12.4313487931653020
12.4313487931653020
12.4313487931653020
12.4313487931653020
12.4313487931653020
12.4313487931653020
12.4313487931653020
12.4313487931653020
12.4313487931653020
12.4313487931653020
12.4313487931653020
12.4313487931653020
12.4313487931653020
12.4313487931653020
12.4313487931653020
12.4313487931653020
12.4313487931653020
12.4313487931653020
12.4313487931653020
12.4313487931653020
12.4313487931653020
12.4313487931653020
12.4313487931653020
12.4313487931653020


12.4313487931653020
12.4313487931653020
12.4313487931653020
12.4313487931653020
12.4313487931653020
12.4313487931653020
12.4313487931653020
12.4313487931653020
12.4313487931653020
12.4313487931653020
12.4313487931653020
12.4313487931653020
12.4313487931653020
12.4313487931653020
12.4313487931653020
12.4313487931653020
12.4313487931653020
12.4313487931653020
12.4313487931653020
12.4313487931653020
12.4313487931653020
12.4313487931653020
12.4313487931653020
12.4313487931653020
12.4313487931653020
12.4313487931653020
12.4313487931653020
12.4313487931653020
12.4313487931653020
12.4313487931653020
12.4313487931653020
12.4313487931653020
12.4313487931653020
12.4313487931653020
12.4313487931653020
12.4313487931653020
12.4313487931653020
12.4313487931653020
12.4313487931653020
12.4313487931653020


12.4313487931653020
12.4313487931653020
12.4313487931653020
12.4313487931653020
12.4313487931653020
12.4313487931653020
12.4313487931653020
12.4313487931653020
12.4313487931653020
12.4313487931653020
12.4313487931653020
12.4313487931653020
12.4313487931653020
12.4313487931653020
12.4313487931653020
12.4313487931653020
12.4313487931653020
12.4313487931653020
12.4313487931653020
12.4313487931653020
12.4313487931653020
12.4313487931653020
12.4313487931653020
12.4313487931653020
12.4313487931653020
12.4313487931653020
12.4313487931653020
12.4313487931653020
12.4313487931653020
12.4313487931653020
12.4313487931653020
12.4313487931653020
12.4313487931653020
12.4313487931653020
12.4313487931653020
12.4313487931653020
12.4313487931653020
12.4313487931653020
12.4313487931653020
12.4313487931653020


12.4313487931653020
12.4313487931653020
12.4313487931653020
12.4313487931653020
12.4313487931653020
12.4313487931653020
12.4313487931653020
12.4313487931653020
12.4313487931653020
12.4313487931653020
12.4313487931653020
12.4313487931653020
12.4313487931653020
12.4313487931653020
12.4313487931653020
12.4313487931653020
12.4313487931653020
12.4313487931653020
12.4313487931653020
12.4313487931653020
12.4313487931653020
12.4313487931653020
12.4313487931653020
12.4313487931653020
12.4313487931653020
12.4313487931653020
12.4313487931653020
12.4313487931653020
12.4313487931653020
12.4313487931653020
12.4313487931653020
12.4313487931653020
12.4313487931653020
12.4313487931653020
12.4313487931653020
12.4313487931653020
12.4313487931653020
12.4313487931653020
12.4313487931653020
12.4313487931653020


12.4313487931653020
12.4313487931653020
12.4313487931653020
12.4313487931653020
12.4313487931653020
12.4313487931653020
12.4313487931653020
12.4313487931653020
12.4313487931653020
12.4313487931653020
12.4313487931653020
12.4313487931653020
12.4313487931653020
12.4313487931653020
12.4313487931653020
12.4313487931653020
12.4313487931653020
12.4313487931653020
12.4313487931653020
12.4313487931653020
12.4313487931653020
12.4313487931653020
12.4313487931653020
12.4313487931653020
12.4313487931653020
12.4313487931653020
12.4313487931653020
12.4313487931653020
12.4313487931653020
12.4313487931653020
12.4313487931653020
12.4313487931653020
12.4313487931653020
12.4313487931653020
12.4313487931653020
12.4313487931653020
12.4313487931653020
12.4313487931653020
12.4313487931653020
12.4313487931653020


12.4313487931653020
12.4313487931653020
12.4313487931653020
12.4313487931653020
12.4313487931653020
12.4313487931653020
12.4313487931653020
12.4313487931653020
12.4313487931653020
12.4313487931653020
12.4313487931653020
12.4313487931653020
12.4313487931653020
12.4313487931653020
12.4313487931653020
12.4313487931653020
12.4313487931653020
12.4313487931653020
12.4313487931653020
12.4313487931653020
12.4313487931653020
12.4313487931653020
12.4313487931653020
12.4313487931653020
12.4313487931653020
12.4313487931653020
12.4313487931653020
12.4313487931653020
12.4313487931653020
12.4313487931653020
12.4313487931653020
12.4313487931653020
12.4313487931653020
12.4313487931653020
12.4313487931653020
12.4313487931653020
12.4313487931653020
12.4313487931653020
12.4313487931653020
12.4313487931653020


12.4313487931653020
12.4313487931653020
12.4313487931653020
12.4313487931653020
12.4313487931653020
12.4313487931653020
12.4313487931653020
12.4313487931653020
12.4313487931653020
12.4313487931653020
12.4313487931653020
12.4313487931653020
12.4313487931653020
12.4313487931653020
12.4313487931653020
12.4313487931653020
12.4313487931653020
12.4313487931653020
12.4313487931653020
12.4313487931653020
12.4313487931653020
12.4313487931653020
12.4313487931653020
12.4313487931653020
12.4313487931653020
12.4313487931653020
12.4313487931653020
12.4313487931653020
12.4313487931653020
12.4313487931653020
12.4313487931653020
12.4313487931653020
12.4313487931653020
12.4313487931653020
12.4313487931653020
12.4313487931653020
12.4313487931653020
12.4313487931653020
12.4313487931653020
12.4313487931653020


12.4313487931653020
12.4313487931653020
12.4313487931653020
12.4313487931653020
12.4313487931653020
12.4313487931653020
12.4313487931653020
12.4313487931653020
12.4313487931653020
12.4313487931653020
12.4313487931653020
12.4313487931653020
12.4313487931653020
12.4313487931653020
12.4313487931653020
12.4313487931653020
12.4313487931653020
12.4313487931653020
12.4313487931653020
12.4313487931653020
12.4313487931653020
12.4313487931653020
12.4313487931653020
12.4313487931653020
12.4313487931653020
12.4313487931653020
12.4313487931653020
12.4313487931653020
12.4313487931653020
12.4313487931653020
12.4313487931653020
12.4313487931653020
12.4313487931653020
12.4313487931653020
12.4313487931653020
12.4313487931653020
12.4313487931653020
12.4313487931653020
12.4313487931653020
12.4313487931653020


12.4313487931653020
12.4313487931653020
12.4313487931653020
12.4313487931653020
12.4313487931653020
12.4313487931653020
12.4313487931653020
12.4313487931653020
12.4313487931653020
12.4313487931653020
12.4313487931653020
12.4313487931653020
12.4313487931653020
12.4313487931653020
12.4313487931653020
12.4313487931653020
12.4313487931653020
12.4313487931653020
12.4313487931653020
12.4313487931653020
12.4313487931653020
12.4313487931653020
12.4313487931653020
12.4313487931653020
12.4313487931653020
12.4313487931653020
12.4313487931653020
12.4313487931653020
12.4313487931653020
12.4313487931653020
12.4313487931653020
12.4313487931653020
12.4313487931653020
12.4313487931653020
12.4313487931653020
12.4313487931653020
12.4313487931653020
12.4313487931653020
12.4313487931653020
12.4313487931653020


12.4313487931653020
12.4313487931653020
12.4313487931653020
12.4313487931653020
12.4313487931653020
12.4313487931653020
12.4313487931653020
12.4313487931653020
12.4313487931653020
12.4313487931653020
12.4313487931653020
12.4313487931653020
12.4313487931653020
12.4313487931653020
12.4313487931653020
12.4313487931653020
12.4313487931653020
12.4313487931653020
12.4313487931653020
12.4313487931653020
12.4313487931653020
12.4313487931653020
12.4313487931653020
12.4313487931653020
12.4313487931653020
12.4313487931653020
12.4313487931653020
12.4313487931653020
12.4313487931653020
12.4313487931653020
12.4313487931653020
12.4313487931653020
12.4313487931653020
12.4313487931653020
12.4313487931653020
12.4313487931653020
12.4313487931653020
12.4313487931653020
12.4313487931653020
12.4313487931653020


12.4313487931653020
12.4313487931653020
12.4313487931653020
12.4313487931653020
12.4313487931653020
12.4313487931653020
12.4313487931653020
12.4313487931653020
12.4313487931653020
12.4313487931653020
12.4313487931653020
12.4313487931653020
12.4313487931653020
12.4313487931653020
12.4313487931653020
12.4313487931653020
12.4313487931653020
12.4313487931653020
12.4313487931653020
12.4313487931653020
12.4313487931653020
12.4313487931653020
12.4313487931653020
12.4313487931653020
12.4313487931653020
12.4313487931653020
12.4313487931653020
12.4313487931653020
12.4313487931653020
12.4313487931653020
12.4313487931653020
12.4313487931653020
12.4313487931653020
12.4313487931653020
12.4313487931653020
12.4313487931653020
12.4313487931653020
12.4313487931653020
12.4313487931653020
12.4313487931653020


12.4313487931653020
12.4313487931653020
12.4313487931653020
12.4313487931653020
12.4313487931653020
12.4313487931653020
12.4313487931653020
12.4313487931653020
12.4313487931653020
12.4313487931653020
12.4313487931653020
12.4313487931653020
12.4313487931653020
12.4313487931653020
12.4313487931653020
12.4313487931653020
12.4313487931653020
12.4313487931653020
12.4313487931653020
12.4313487931653020
12.4313487931653020
12.4313487931653020
12.4313487931653020
12.4313487931653020
12.4313487931653020
12.4313487931653020
12.4313487931653020
12.4313487931653020
12.4313487931653020
12.4313487931653020
12.4313487931653020
12.4313487931653020
12.4313487931653020
12.4313487931653020
12.4313487931653020
12.4313487931653020
12.4313487931653020
12.4313487931653020
12.4313487931653020
12.4313487931653020


12.4313487931653020
12.4313487931653020
12.4313487931653020
12.4313487931653020
12.4313487931653020
12.4313487931653020
12.4313487931653020
12.4313487931653020
12.4313487931653020
12.4313487931653020
12.4313487931653020
12.4313487931653020
12.4313487931653020
12.4313487931653020
12.4313487931653020
12.4313487931653020
12.4313487931653020
12.4313487931653020
12.4313487931653020
12.4313487931653020
12.4313487931653020
12.4313487931653020
12.4313487931653020
12.4313487931653020
12.4313487931653020
12.4313487931653020
12.4313487931653020
12.4313487931653020
12.4313487931653020
12.4313487931653020
12.4313487931653020
12.4313487931653020
12.4313487931653020
12.4313487931653020
12.4313487931653020
12.4313487931653020
12.4313487931653020
12.4313487931653020
12.4313487931653020
12.4313487931653020


12.4313487931653020
12.4313487931653020
12.4313487931653020
12.4313487931653020
12.4313487931653020
12.4313487931653020
12.4313487931653020
12.4313487931653020
12.4313487931653020
12.4313487931653020
12.4313487931653020
12.4313487931653020
12.4313487931653020
12.4313487931653020
12.4313487931653020
12.4313487931653020
12.4313487931653020
12.4313487931653020
12.4313487931653020
12.4313487931653020
12.4313487931653020
12.4313487931653020
12.4313487931653020
12.4313487931653020
12.4313487931653020
12.4313487931653020
12.4313487931653020
12.4313487931653020
12.4313487931653020
12.4313487931653020
12.4313487931653020
12.4313487931653020
12.4313487931653020
12.4313487931653020
12.4313487931653020
12.4313487931653020
12.4313487931653020
12.4313487931653020
12.4313487931653020
12.4313487931653020


12.4313487931653020
12.4313487931653020
12.4313487931653020
12.4313487931653020
12.4313487931653020
12.4313487931653020
12.4313487931653020
12.4313487931653020
12.4313487931653020
12.4313487931653020
12.4313487931653020
12.4313487931653020
12.4313487931653020
12.4313487931653020
12.4313487931653020
12.4313487931653020
12.4313487931653020
12.4313487931653020
12.4313487931653020
12.4313487931653020
12.4313487931653020
12.4313487931653020
12.4313487931653020
12.4313487931653020
12.4313487931653020
12.4313487931653020
12.4313487931653020
12.4313487931653020
12.4313487931653020
12.4313487931653020
12.4313487931653020
12.4313487931653020
12.4313487931653020
12.4313487931653020
12.4313487931653020
12.4313487931653020
12.4313487931653020
12.4313487931653020
12.4313487931653020
12.4313487931653020


12.4313487931653020
12.4313487931653020
12.4313487931653020
12.4313487931653020
12.4313487931653020
12.4313487931653020
12.4313487931653020
12.4313487931653020
12.4313487931653020
12.4313487931653020
12.4313487931653020
12.4313487931653020
12.4313487931653020
12.4313487931653020
12.4313487931653020
12.4313487931653020
12.4313487931653020
12.4313487931653020
12.4313487931653020
12.4313487931653020
12.4313487931653020
12.4313487931653020
12.4313487931653020
12.4313487931653020
12.4313487931653020
12.4313487931653020
12.4313487931653020
12.4313487931653020
12.4313487931653020
12.4313487931653020
12.4313487931653020
12.4313487931653020
12.4313487931653020
12.4313487931653020
12.4313487931653020
12.4313487931653020
12.4313487931653020
12.4313487931653020
12.4313487931653020
12.4313487931653020


12.4313487931653020
12.4313487931653020
12.4313487931653020
12.4313487931653020
12.4313487931653020
12.4313487931653020
12.4313487931653020
12.4313487931653020
12.4313487931653020
12.4313487931653020
12.4313487931653020
12.4313487931653020
12.4313487931653020
12.4313487931653020
12.4313487931653020
12.4313487931653020
12.4313487931653020
12.4313487931653020
12.4313487931653020
12.4313487931653020
12.4313487931653020
12.4313487931653020
12.4313487931653020
12.4313487931653020
12.4313487931653020
12.4313487931653020
12.4313487931653020
12.4313487931653020
12.4313487931653020
12.4313487931653020
12.4313487931653020
12.4313487931653020
12.4313487931653020
12.4313487931653020
12.4313487931653020
12.4313487931653020
12.4313487931653020
12.4313487931653020
12.4313487931653020
12.4313487931653020


12.4313487931653020
12.4313487931653020
12.4313487931653020
12.4313487931653020
12.4313487931653020
12.4313487931653020
12.4313487931653020
12.4313487931653020
12.4313487931653020
12.4313487931653020
12.4313487931653020
12.4313487931653020
12.4313487931653020
12.4313487931653020
12.4313487931653020
12.4313487931653020
12.4313487931653020
12.4313487931653020
12.4313487931653020
12.4313487931653020
12.4313487931653020
12.4313487931653020
12.4313487931653020
12.4313487931653020
12.4313487931653020
12.4313487931653020
12.4313487931653020
12.4313487931653020
12.4313487931653020
12.4313487931653020
12.4313487931653020
12.4313487931653020
12.4313487931653020
12.4313487931653020
12.4313487931653020
12.4313487931653020
12.4313487931653020
12.4313487931653020
12.4313487931653020
12.4313487931653020


