1.9331267307140449
1.9331267307140449
1.9331267456152066
1.9331267456152066
1.9331267456152066
1.9331267456152066
1.9331267456152066
1.9331267307140449
1.9331267307140449
1.9331260899640945
1.9331259409524781
1.9331259409524781
1.9331273863651570
1.9331264326908122
1.9331268946268230
1.9331273714639954
1.9331267754175299
1.9331258217431850
1.9331258217431850
1.9331258217431850
1.9331258217431850
1.9331258217431850
1.9331267754175299
1.9331248084641937
1.9331248084641937
1.9331248084641937
1.9331248084641937
1.9331248084641937
1.9331248084641937
1.9331248084641937
1.9331248084641937
1.9331248084641937
1.9331248084641937
1.9331248084641937
1.9331248084641937
1.9331248084641937
1.9331248084641937
1.9331248084641937
1.9331248084641937
1.9331248084641937
1.9331248084641937
1.9331248084641937
1.9331248084641937
1.9331248084641937
1.9331248084641937
1.9331248084641937
1.9331248084641937
1.9331248084641937
1.9331248084641937
1.9331248084641937
1.9331248084641937
1.9331248084641937
1.9331248084641937
1.9331248084641937
1.9331248084641937
1.9331248084641937
1.9331248084641937
1.9331248084641937
1.9331248084641937
1.9331248084641937
1.9331248084641937
1.9331248084641937
1.9331248084641937
1.9331248084641937
1.9331248084641937
1.9331248084641937
1.9331248084641937
1.9331248084641937
1.9331248084641937
1.9331248084641937
1.9331248084641937
1.9331248084641937
1.9331248084641937
1.9331248084641937
1.9331248084641937
1.9331248084641937
1.9331248084641937
1.9331248084641937
1.9331248084641937
1.9331248084641937
1.9331248084641937
1.9331248084641937
1.9331248084641937
1.9331248084641937
1.9331248084641937
1.9331248084641937
1.9331248084641937
1.9331248084641937
1.9331248084641937
1.9331248084641937
1.9331248084641937
1.9331248084641937
1.9331248084641937
1.9331248084641937
1.9331248084641937
1.9331248084641937
1.9331248084641937
1.9331248084641937
1.9331248084641937
1.9331248084641937
