1.7465807123953316
1.7325741121940050
1.7325673172642981
1.7325673470666214
1.7325673470666214
1.7325673470666214
1.7325673470666214
1.7325816223794706
1.7325741121940050
1.7325741121940050
1.7325674364735912
1.7325674364735912
1.7325674364735912
1.7325674364735912
1.7325741121940050
1.7325674364735912
1.7325674364735912
1.7325673470666214
1.7325673470666214
1.7325673470666214
1.7325674364735912
1.7325674364735912
1.7325674364735912
1.7325674364735912
1.7325673470666214
1.7325674364735912
1.7325674364735912
1.7325674364735912
1.7325673470666214
1.7325673470666214
1.7325673470666214
1.7325673470666214
1.7325673470666214
1.7325673470666214
1.7325673470666214
1.7325673470666214
1.7325673470666214
1.7325673470666214
1.7325673470666214
1.7325673470666214
1.7325673470666214
1.7325673470666214
1.7325673470666214
1.7325673470666214
1.7325673470666214
1.7325673470666214
1.7325673470666214
1.7325673470666214
1.7325673470666214
1.7325673470666214
1.7325673470666214
1.7325673470666214
1.7325673470666214
1.7325673470666214
1.7325673470666214
1.7325673470666214
1.7325673470666214
1.7325673470666214
1.7325673470666214
1.7325673470666214
1.7325673470666214
1.7325673470666214
1.7325673470666214
1.7325673470666214
1.7325673470666214
1.7325673470666214
1.7325673470666214
1.7325673470666214
1.7325673470666214
1.7325673470666214
1.7325673470666214
1.7325673470666214
1.7325673470666214
1.7325673470666214
1.7325673470666214
1.7325673470666214
1.7325673470666214
1.7325673470666214
1.7325673470666214
1.7325673470666214
1.7325673470666214
1.7325673470666214
1.7325673470666214
1.7325673470666214
1.7325673470666214
1.7325673470666214
1.7325673470666214
1.7325673470666214
1.7325673470666214
1.7325673470666214
1.7325673470666214
1.7325673470666214
1.7325673470666214
1.7325673470666214
1.7325673470666214
1.7325673470666214
1.7325673470666214
1.7325673470666214
1.7325673470666214
1.7325673470666214
