1.5385455798669332
1.6091143372390966
1.6091143372390966
1.6091166320179888
1.6091166320179888
1.6010455966307400
1.6010455966307400
1.6010455966307400
1.6010455966307400
1.6091166320179888
1.6091166320179888
1.6091166320179888
1.6088580968635706
1.6088580968635706
1.6088580968635706
1.6088580968635706
1.6088580968635706
1.6088580968635706
1.6088580968635706
1.6091174813842022
1.6091166320179888
1.6091166320179888
1.6091166320179888
1.6091166320179888
1.6091166320179888
1.6091166171168272
1.6091166171168272
1.6091166171168272
1.6091166320179888
1.6091166320179888
1.6091166320179888
1.6091166320179888
1.6091166320179888
1.6091166320179888
1.6091166320179888
1.6091166320179888
1.6091166320179888
1.6091166320179888
1.6091166320179888
1.6091166320179888
1.6091166320179888
1.6091166320179888
1.6091166320179888
1.6091166320179888
1.6091166320179888
1.6091166320179888
1.6091166320179888
1.6091166320179888
1.6091166320179888
1.6091166320179888
1.6091214897966828
1.6091214897966828
1.6091214897966828
1.6091214897966828
1.6091214897966828
1.6091214897966828
1.6091214897966828
1.6091214897966828
1.6091214897966828
1.6091214897966828
1.6091214897966828
1.6091214897966828
1.6091214897966828
1.6091214897966828
1.6091214897966828
1.6091214897966828
1.6091214897966828
1.6091214897966828
1.6091214897966828
1.6091214897966828
1.6091214897966828
1.6091214897966828
1.6091214897966828
1.6091214897966828
1.6091214897966828
1.6091214897966828
1.6091214897966828
1.6091214897966828
1.6091214897966828
1.6091214897966828
1.6091214897966828
1.6091214897966828
1.6091214897966828
1.6091214897966828
1.6091214897966828
1.6091214897966828
1.6091214897966828
1.6091214897966828
1.6091214897966828
1.6091214897966828
1.6091214897966828
1.6091214897966828
1.6091214897966828
1.6091214897966828
1.6091214897966828
1.6091214897966828
1.6091214897966828
1.6091214897966828
1.6091214897966828
1.6091214897966828
