1.5391317170599614
1.5391711008301705
1.5391711008301705
1.5392931711463085
1.5414904368367921
1.5414904368367921
1.5420347613702643
1.5420614046472729
1.5420614046472729
1.5420347613702643
1.5421007884174820
1.5421007884174820
1.5421007884174820
1.5421007884174820
1.5422225160069023
1.5424669993658959
1.5424669993658959
1.5424669993658959
1.5424669993658959
1.5424669993658959
1.5424669993658959
1.5424669993658959
1.5424669993658959
1.5424669993658959
1.5424669993658959
1.5424669993658959
1.5424669993658959
1.5424669993658959
1.5424669993658959
1.5424669993658959
1.5424669993658959
1.5424669993658959
1.5424669993658959
1.5424669993658959
1.5424669993658959
1.5424669993658959
1.5424669993658959
1.5424669993658959
1.5424669993658959
1.5424669993658959
1.5424669993658959
1.5424669993658959
1.5424669993658959
1.5424669993658959
1.5424669993658959
1.5424669993658959
1.5424669993658959
1.5424669993658959
1.5424669993658959
1.5424669993658959
1.5424669993658959
1.5424669993658959
1.5424669993658959
1.5424669993658959
1.5424669993658959
1.5424669993658959
1.5424669993658959
1.5424669993658959
1.5424669993658959
1.5424669993658959
1.5424669993658959
1.5424669993658959
1.5424669993658959
1.5424669993658959
1.5424669993658959
1.5424669993658959
1.5424669993658959
1.5424669993658959
1.5424669993658959
1.5424669993658959
1.5424669993658959
1.5424669993658959
1.5424669993658959
1.5424669993658959
1.5424669993658959
1.5424669993658959
1.5424669993658959
1.5424669993658959
1.5424669993658959
1.5424669993658959
1.5424669993658959
1.5424669993658959
1.5424669993658959
1.5424669993658959
1.5424669993658959
1.5424669993658959
1.5424669993658959
1.5424669993658959
1.5424669993658959
1.5424669993658959
1.5424669993658959
1.5424669993658959
1.5424669993658959
1.5424669993658959
1.5424669993658959
1.5424669993658959
1.5424669993658959
1.5424669993658959
1.5424669993658959
1.5424669993658959
