14.9882480877290330
14.9882480877290330
14.9882480877290330
14.9895213564471060
14.9922517999686490
14.9946850247915290
14.9946850247915290
14.9946850247915290
14.9991021820113630
15.0003559696356190
15.0001654534217930
15.0000496790082650
15.0000496790082650
15.0000496790082650
15.0000496277227780
15.0000496277227780
15.0000496277227780
15.0000496277227780
15.0000317308130380
14.9999801328598550
14.9999801328598550
14.9999801841453180
14.9999801841453180
14.9999801841453180
14.9999801841453180
14.9999801841453180
14.9999801841453180
14.9999801841453180
14.9999801841453180
14.9999801841453180
14.9999801841453180
14.9999801841453180
14.9999801841453180
14.9999801841453180
14.9999801841453180
14.9999801841453180
14.9999801841453180
14.9999801841453180
14.9999801841453180
14.9999801841453180
14.9999801841453180
14.9999801841453180
14.9999801841453180
14.9999801841453180
14.9999801841453180
14.9999801841453180
14.9999801841453180
14.9999801841453180
14.9999801841453180
14.9999801841453180
14.9999801841453180
14.9999801841453180
14.9999801841453180
14.9999801841453180
14.9999801841453180
14.9999801841453180
14.9999801841453180
14.9999801841453180
14.9999801841453180
14.9999801841453180
14.9999801841453180
14.9999801841453180
14.9999801841453180
14.9999801841453180
14.9999801841453180
14.9999801841453180
14.9999801841453180
14.9999801841453180
14.9999801841453180
14.9999801841453180
14.9999801841453180
14.9999801841453180
14.9999801841453180
14.9999801841453180
14.9999801841453180
14.9999801841453180
14.9999801841453180
14.9999801841453180
14.9999801841453180
14.9999801841453180
14.9999801841453180
14.9999801841453180
14.9999801841453180
14.9999801841453180
14.9999801841453180
14.9999801841453180
14.9999801841453180
14.9999801841453180
14.9999801841453180
14.9999801841453180
14.9999801841453180
14.9999801841453180
14.9999801841453180
14.9999801841453180
14.9999801841453180
14.9999801841453180
14.9999801841453180
14.9999801841453180
14.9999801841453180
14.9999801841453180
