7.5396780353688602
8.4436124054674018
8.4436124054674018
8.4436124054674018
8.4436124054674018
8.4436124054674018
8.4436124054674018
8.4436124054674018
8.4436124054674018
8.4436124054674018
8.4436124054674018
8.4436124054674018
8.4436124054674018
8.4436124054674018
8.4436124054674018
8.4436124054674018
8.4436124054674018
8.4436124054674018
8.4436124054674018
8.4436124054674018
8.4436124054674018
8.4436124054674018
8.4436124054674018
8.4436124054674018
8.4436124054674018
8.4436124054674018
8.4436124054674018
8.4436124054674018
8.4436124054674018
8.4436124054674018
8.4436124054674018
8.4436124054674018
8.4436124054674018
8.4436124054674018
8.4436124054674018
8.4436124054674018
8.4436124054674018
8.4436124054674018
8.4436124054674018
8.4436124054674018
8.4436124054674018
8.4436124054674018
8.4436124054674018
8.4436124054674018
8.4436124054674018
8.4436124054674018
8.4436124054674018
8.4436124054674018
8.4436124054674018
8.4436124054674018
8.4436124054674018
8.4436124054674018
8.4436124054674018
8.4436124054674018
8.4436124054674018
8.4436124054674018
8.4436124054674018
8.4436124054674018
8.4436124054674018
8.4436124054674018
8.4436124054674018
8.4436124054674018
8.4436124054674018
8.4436124054674018
8.4436124054674018
8.4436124054674018
8.4436124054674018
8.4436124054674018
8.4436124054674018
8.4436124054674018
8.4436124054674018
8.4436124054674018
8.4436124054674018
8.4436124054674018
8.4436124054674018
8.4436124054674018
8.4436124054674018
8.4436124054674018
8.4436124054674018
8.4436124054674018
8.4436124054674018
8.4436124054674018
8.4436124054674018
8.4436124054674018
8.4436124054674018
8.4436124054674018
8.4436124054674018
8.4436124054674018
8.4436124054674018
8.4436124054674018
8.4436124054674018
8.4436124054674018
8.4436124054674018
8.4436124054674018
8.4436124054674018
8.4436124054674018
8.4436124054674018
8.4436124054674018
8.4436124054674018
8.4436124054674018
