4.7473161484955018
6.5350786230696434
6.5350786230696434
6.5350786230696434
6.5350786230696434
6.5350786230696434
6.5350786230696434
6.5350786230696434
6.5350786230696434
6.5350786230696434
6.5350786230696434
6.5350786230696434
6.5350786230696434
6.5350786230696434
6.5350786230696434
6.5350786230696434
6.5350786230696434
6.5350786230696434
6.5350786230696434
6.5350786230696434
6.5350786230696434
6.5350786230696434
6.5350786230696434
6.5350786230696434
6.5350786230696434
6.5350786230696434
6.5350786230696434
6.5350786230696434
6.5350786230696434
6.5350786230696434
6.5350786230696434
6.5350786230696434
6.5350786230696434
6.5350786230696434
6.5350786230696434
6.5350786230696434
6.5350786230696434
6.5350786230696434
6.5350786230696434
6.5350786230696434
6.5350786230696434
6.5350786230696434
6.5350786230696434
6.5350786230696434
6.5350786230696434
6.5350786230696434
6.5350786230696434
6.5350786230696434
6.5350786230696434
6.5350786230696434
6.5350786230696434
6.5350786230696434
6.5350786230696434
6.5350786230696434
6.5350786230696434
6.5350786230696434
6.5350786230696434
6.5350786230696434
6.5350786230696434
6.5350786230696434
6.5350786230696434
6.5350786230696434
6.5350786230696434
6.5350786230696434
6.5350786230696434
6.5350786230696434
6.5350786230696434
6.5350786230696434
6.5350786230696434
6.5350786230696434
6.5350786230696434
6.5350786230696434
6.5350786230696434
6.5350786230696434
6.5350786230696434
6.5350786230696434
6.5350786230696434
6.5350786230696434
6.5350786230696434
6.5350786230696434
6.5350786230696434
6.5350786230696434
6.5350786230696434
6.5350786230696434
6.5350786230696434
6.5350786230696434
6.5350786230696434
6.5350786230696434
6.5350786230696434
6.5350786230696434
6.5350786230696434
6.5350786230696434
6.5350786230696434
6.5350786230696434
6.5350786230696434
6.5350786230696434
6.5350786230696434
6.5350786230696434
6.5350786230696434
6.5350786230696434
