8.7564042421103778
8.7564042421103778
8.7564042421103778
8.7564042421103778
8.7558516101792918
8.7564042421103778
8.7564042421103778
8.7564042421103778
8.7562208728856099
8.7567735048166959
8.7567735048166959
8.7567735048166959
8.7567735048166959
8.7567735048166959
8.7567735048166959
8.7567735048166959
8.7567735048166959
8.7567735048166959
8.7567747669450853
8.7567735048166959
8.7567735048166959
8.7567735048166959
8.7567735048166959
8.7567735048166959
8.7567735048166959
8.7567735048166959
8.7567735048166959
8.7567735048166959
8.7567735048166959
8.7567735048166959
8.7567735048166959
8.7567735048166959
8.7567735048166959
8.7567735048166959
8.7567735048166959
8.7567735048166959
8.7567735048166959
8.7567735048166959
8.7567735048166959
8.7567735048166959
8.7567735048166959
8.7567735048166959
8.7567735048166959
8.7567735048166959
8.7567735048166959
8.7567735048166959
8.7567735048166959
8.7567735048166959
8.7567735048166959
8.7567735048166959
8.7567735048166959
8.7567735048166959
8.7567735048166959
8.7567735048166959
8.7567735048166959
8.7567735048166959
8.7567735048166959
8.7567735048166959
8.7567735048166959
8.7567735048166959
8.7567735048166959
8.7567735048166959
8.7567735048166959
8.7567735048166959
8.7567735048166959
8.7567735048166959
8.7567735048166959
8.7567735048166959
8.7567735048166959
8.7567735048166959
8.7567735048166959
8.7567735048166959
8.7567735048166959
8.7567735048166959
8.7567735048166959
8.7567735048166959
8.7567735048166959
8.7567735048166959
8.7567735048166959
8.7567735048166959
8.7567735048166959
8.7567735048166959
8.7567735048166959
8.7567735048166959
8.7567735048166959
8.7567735048166959
8.7567735048166959
8.7567735048166959
8.7567735048166959
8.7567735048166959
8.7567735048166959
8.7567735048166959
8.7567735048166959
8.7567735048166959
8.7567735048166959
8.7567735048166959
8.7567735048166959
8.7567735048166959
8.7567735048166959
8.7567735048166959
