8.5323632905591502
8.5323623890388713
8.5323631102550941
8.5323631102550941
8.5323632905591502
8.5323632905591502
8.5323632905591502
8.5323667163362114
8.5323668966402675
8.5323668966402675
8.5323668966402675
8.5323668966402675
8.5323668966402675
8.5323668966402675
8.5323668966402675
8.5323668966402675
8.5323668966402675
8.5323668966402675
8.5323668966402675
8.5323668966402675
8.5323668966402675
8.5323668966402675
8.5323668966402675
8.5323668966402675
8.5323668966402675
8.5323668966402675
8.5323668966402675
8.5323668966402675
8.5323668966402675
8.5323668966402675
8.5323668966402675
8.5323668966402675
8.5323668966402675
8.5323668966402675
8.5323668966402675
8.5323668966402675
8.5323668966402675
8.5323668966402675
8.5323668966402675
8.5323668966402675
8.5323668966402675
8.5323668966402675
8.5323668966402675
8.5323668966402675
8.5323668966402675
8.5323668966402675
8.5323668966402675
8.5323668966402675
8.5323668966402675
8.5323668966402675
8.5323668966402675
8.5323668966402675
8.5323668966402675
8.5323668966402675
8.5323668966402675
8.5323668966402675
8.5323668966402675
8.5323668966402675
8.5323668966402675
8.5323668966402675
8.5323668966402675
8.5323668966402675
8.5323668966402675
8.5323668966402675
8.5323668966402675
8.5323668966402675
8.5323668966402675
8.5323668966402675
8.5323668966402675
8.5323668966402675
8.5323668966402675
8.5323668966402675
8.5323668966402675
8.5323668966402675
8.5323668966402675
8.5323668966402675
8.5323668966402675
8.5323668966402675
8.5323668966402675
8.5323668966402675
8.5323668966402675
8.5323668966402675
8.5323668966402675
8.5323668966402675
8.5323668966402675
8.5323668966402675
8.5323668966402675
8.5323668966402675
8.5323668966402675
8.5323668966402675
8.5323668966402675
8.5323668966402675
8.5323668966402675
8.5323668966402675
8.5323668966402675
8.5323668966402675
8.5323668966402675
8.5323668966402675
8.5323668966402675
8.5323668966402675
