9.1289425322098285
9.1289425322098285
9.1289425322098285
9.1290180796092173
9.1289425322098285
9.1289425322098285
9.1289425322098285
9.1289425322098285
9.1289425322098285
9.1289425322098285
9.1289425322098285
9.1289425322098285
9.1289275669731964
9.1289275669731964
9.1289275669731964
9.1289275669731964
9.1289275669731964
9.1289275669731964
9.1289275669731964
9.1289194532906830
9.1289194532906830
9.1289194532906830
9.1289194532906830
9.1289190926825725
9.1289190926825725
9.1289190926825725
9.1289190926825725
9.1289190926825725
9.1289190926825725
9.1289190926825725
9.1289190926825725
9.1289190926825725
9.1289190926825725
9.1289190926825725
9.1289190926825725
9.1289190926825725
9.1289190926825725
9.1289190926825725
9.1289190926825725
9.1289190926825725
9.1289190926825725
9.1289190926825725
9.1289190926825725
9.1289190926825725
9.1289190926825725
9.1289190926825725
9.1289190926825725
9.1289190926825725
9.1289190926825725
9.1289190926825725
9.1289190926825725
9.1289190926825725
9.1289190926825725
9.1289190926825725
9.1289190926825725
9.1289190926825725
9.1289190926825725
9.1289190926825725
9.1289190926825725
9.1289190926825725
9.1289190926825725
9.1289190926825725
9.1289190926825725
9.1289190926825725
9.1289190926825725
9.1289190926825725
9.1289190926825725
9.1289190926825725
9.1289190926825725
9.1289190926825725
9.1289190926825725
9.1289190926825725
9.1289190926825725
9.1289190926825725
9.1289190926825725
9.1289190926825725
9.1289190926825725
9.1289190926825725
9.1289190926825725
9.1289190926825725
9.1289190926825725
9.1289190926825725
9.1289190926825725
9.1289190926825725
9.1289190926825725
9.1289190926825725
9.1289190926825725
9.1289190926825725
9.1289190926825725
9.1289190926825725
9.1289190926825725
9.1289190926825725
9.1289190926825725
9.1289190926825725
9.1289190926825725
9.1289190926825725
9.1289190926825725
9.1289190926825725
9.1289190926825725
9.1289190926825725
