8.3188248699553267
8.3188248699553267
8.3172879581835257
8.3320584664362212
8.4132326144943406
8.4132326144943406
8.4132326144943406
8.4131293002703575
8.4132167477374296
8.4132333357105651
8.4132333357105651
8.4132167477374296
8.4132167477374296
8.4132167477374296
8.4132210750347696
8.4132210750347696
8.4133258316911999
8.4133258316911999
8.4133258316911999
8.4132931966570972
8.4132960815219899
8.4133258316911999
8.4133258316911999
8.4133258316911999
8.4133249301709210
8.4133278150358137
8.4133278150358137
8.4133278150358137
8.4133249301709210
8.4133249301709210
8.4133249301709210
8.4133249301709210
8.4133249301709210
8.4133249301709210
8.4133306999007065
8.4133306999007065
8.4133258316911999
8.4133258316911999
8.4133316014209854
8.4133316014209854
8.4133316014209854
8.4133316014209854
8.4133316014209854
8.4133316014209854
8.4133316014209854
8.4133316014209854
8.4133316014209854
8.4133316014209854
8.4133316014209854
8.4133316014209854
8.4133316014209854
8.4133316014209854
8.4133316014209854
8.4133316014209854
8.4133316014209854
8.4133316014209854
8.4133316014209854
8.4133316014209854
8.4133316014209854
8.4133316014209854
8.4133316014209854
8.4133316014209854
8.4133316014209854
8.4133316014209854
8.4133316014209854
8.4133316014209854
8.4133316014209854
8.4133316014209854
8.4133316014209854
8.4133316014209854
8.4133316014209854
8.4133316014209854
8.4133316014209854
8.4133316014209854
8.4133316014209854
8.4133316014209854
8.4133316014209854
8.4133316014209854
8.4133316014209854
8.4133316014209854
8.4133316014209854
8.4133316014209854
8.4133316014209854
8.4133316014209854
8.4133316014209854
8.4133316014209854
8.4133316014209854
8.4133316014209854
8.4133316014209854
8.4133316014209854
8.4133316014209854
8.4133316014209854
8.4133316014209854
8.4133316014209854
8.4133316014209854
8.4133316014209854
8.4133316014209854
8.4133316014209854
8.4133316014209854
8.4133316014209854
