11.8344139258394810
11.8344139258394810
11.9778388639626350
12.1031026366425180
13.3896905425378260
13.5725572870815440
13.5725572870815440
13.5730087826493990
13.5749907300509510
13.5772273175383060
13.5772273175383060
13.5779820061304230
13.5779820061304230
13.5779820061304230
13.5822387855996960
13.5822387855996960
13.5835774126758560
13.5835774126758560
13.5835774126758560
13.5841350137763880
13.5841925716513230
13.5844987425962960
13.5844987425962960
13.5844987425962960
13.5845728276251360
13.5846101340204330
13.5846101340204330
13.5846101340204330
13.5848523489755560
13.5848523489755560
13.5848523489755560
13.5848523489755560
13.5848523489755560
13.5848523489755560
13.5849269737952570
13.5849269737952570
13.5849530237553570
13.5849530237553570
13.5849855975436840
13.5849855975436840
13.5850348483341390
13.5850348483341390
13.5850348483341390
13.5850348483341390
13.5850348483341390
13.5850348483341390
13.5850348483341390
13.5850348483341390
13.5850348483341390
13.5850348483341390
13.5850348483341390
13.5850348483341390
13.5850348483341390
13.5850348483341390
13.5850348483341390
13.5850348483341390
13.5850348483341390
13.5850348483341390
13.5850348483341390
13.5850348483341390
13.5850348483341390
13.5850348483341390
13.5850348483341390
13.5850348483341390
13.5850348483341390
13.5850348483341390
13.5850348483341390
13.5850348483341390
13.5850348483341390
13.5850348483341390
13.5850348483341390
13.5850348483341390
13.5850348483341390
13.5850348483341390
13.5850348483341390
13.5850348483341390
13.5850348483341390
13.5850348483341390
13.5850348483341390
13.5850348483341390
13.5850348483341390
13.5850348483341390
13.5850348483341390
13.5850348483341390
13.5850348483341390
13.5850348483341390
13.5850348483341390
13.5850348483341390
13.5850348483341390
13.5850348483341390
13.5850348483341390
13.5850348483341390
13.5850348483341390
13.5850348483341390
13.5850348483341390
13.5850348483341390
13.5850348483341390
13.5850348483341390
13.5850348483341390
13.5850348483341390
