14.7979254268022320
14.8021296655452180
14.8021398955167720
14.8021410956527950
14.8021469760816410
14.8021469760816410
14.8021469760816410
14.8021890919387020
14.8021981260782810
14.8021981260782810
14.8021981260782810
14.8021981260782810
14.8021981260782810
14.8021981260782810
14.8021981260782810
14.8021981260782810
14.8021981260782810
14.8021981260782810
14.8021981260782810
14.8021981260782810
14.8021981260782810
14.8021981260782810
14.8021981260782810
14.8021981260782810
14.8021981260782810
14.8021981260782810
14.8021981260782810
14.8021981260782810
14.8021981260782810
14.8021981260782810
14.8021981260782810
14.8021981260782810
14.8021981260782810
14.8021981260782810
14.8021981260782810
14.8021981260782810
14.8021981260782810
14.8021981260782810
14.8021981260782810
14.8021981260782810
14.8021981260782810
14.8021981260782810
14.8021981260782810
14.8021981260782810
14.8021981260782810
14.8021981260782810
14.8021981260782810
14.8021981260782810
14.8021981260782810
14.8021981260782810
14.8021981260782810
14.8021981260782810
14.8021981260782810
14.8021981260782810
14.8021981260782810
14.8021981260782810
14.8021981260782810
14.8021981260782810
14.8021981260782810
14.8021981260782810
14.8021981260782810
14.8021981260782810
14.8021981260782810
14.8021981260782810
14.8021981260782810
14.8022493321602010
14.8022493321602010
14.8022493321602010
14.8022493321602010
14.8022493321602010
14.8022493321602010
14.8022493321602010
14.8022493321602010
14.8022493321602010
14.8022493321602010
14.8022493321602010
14.8022493321602010
14.8022493321602010
14.8022493321602010
14.8022493321602010
14.8022493321602010
14.8022493321602010
14.8022493321602010
14.8022493321602010
14.8022493321602010
14.8022493321602010
14.8022493321602010
14.8022493321602010
14.8022493321602010
14.8022493321602010
14.8022493321602010
14.8022493321602010
14.8022493321602010
14.8022493321602010
14.8022493321602010
14.8022493321602010
14.8022493321602010
14.8022493321602010
14.8022493321602010
14.8022493321602010
