15.0213291570471160
15.0213291570471160
15.0213291570471160
15.0105647566086040
15.0024110771635680
15.0024110771635680
15.0024110771635680
15.0024110771635680
15.0024110771635680
15.0024110771635680
15.0024110771635680
15.0024110771635680
15.0023101093367130
15.0018861772314000
15.0018861772314000
15.0018861772314000
15.0016951316532520
15.0016595050195640
15.0016595050195640
15.0015286262754070
15.0015286262754070
15.0015286262754070
15.0015286262754070
15.0014610520448710
15.0014610520448710
15.0014610520448710
15.0014610520448710
15.0014610520448710
15.0014610520448710
15.0014610520448710
15.0014610520448710
15.0014610520448710
15.0014610520448710
15.0014610520448710
15.0014610520448710
15.0014610520448710
15.0014610520448710
15.0014610520448710
15.0014610520448710
15.0014610520448710
15.0014610520448710
15.0014610520448710
15.0014610520448710
15.0014610520448710
15.0014610520448710
15.0014610520448710
15.0014610520448710
15.0014610520448710
15.0014610520448710
15.0014610520448710
15.0014610520448710
15.0014610520448710
15.0014610520448710
15.0014610520448710
15.0014610520448710
15.0014610520448710
15.0014610520448710
15.0014610520448710
15.0014610520448710
15.0014610520448710
15.0014610520448710
15.0014610520448710
15.0014610520448710
15.0014610520448710
15.0014610520448710
15.0014610520448710
15.0014610520448710
15.0014610520448710
15.0014610520448710
15.0014610520448710
15.0014610520448710
15.0014610520448710
15.0014610520448710
15.0014610520448710
15.0014610520448710
15.0014610520448710
15.0014610520448710
15.0014610520448710
15.0014610520448710
15.0014610520448710
15.0014610520448710
15.0014610520448710
15.0014610520448710
15.0014610520448710
15.0014610520448710
15.0014610520448710
15.0014610520448710
15.0014610520448710
15.0014610520448710
15.0014610520448710
15.0014610520448710
15.0014610520448710
15.0014610520448710
15.0014610520448710
15.0014610520448710
15.0014610520448710
15.0014610520448710
15.0014610520448710
15.0014610520448710
15.0014610520448710
