1.3654547174410439
1.3654547174410439
1.3654547174410439
1.3654874135699098
1.3655645807255681
1.3655645807255681
1.3655645807255681
1.3655645807255681
1.3655645807255681
1.3655645807255681
1.3655645807255681
1.3655645807255681
1.3655648757685683
1.3655694534054237
1.3655694534054237
1.3655694534054237
1.3655694534054237
1.3655694534054237
1.3655694534054237
1.3655698020926059
1.3655698020926059
1.3655698020926059
1.3655698020926059
1.3655694444647266
1.3655694444647266
1.3655694444647266
1.3655694444647266
1.3655694444647266
1.3655694444647266
1.3655694444647266
1.3655694444647266
1.3655694444647266
1.3655694444647266
1.3655694444647266
1.3655694444647266
1.3655694444647266
1.3655694444647266
1.3655694444647266
1.3655694444647266
1.3655694444647266
1.3655694444647266
1.3655694444647266
1.3655694444647266
1.3655694444647266
1.3655694444647266
1.3655694444647266
1.3655694444647266
1.3655694444647266
1.3655694444647266
1.3655694444647266
1.3655694444647266
1.3655694444647266
1.3655694444647266
1.3655694444647266
1.3655694444647266
1.3655694444647266
1.3655694444647266
1.3655694444647266
1.3655694444647266
1.3655694444647266
1.3655694444647266
1.3655694444647266
1.3655694444647266
1.3655694444647266
1.3655694444647266
1.3655694444647266
1.3655694444647266
1.3655694444647266
1.3655694444647266
1.3655694444647266
1.3655694444647266
1.3655694444647266
1.3655694444647266
1.3655694444647266
1.3655694444647266
1.3655694444647266
1.3655694444647266
1.3655694444647266
1.3655694444647266
1.3655694444647266
1.3655694444647266
1.3655694444647266
1.3655694444647266
1.3655694444647266
1.3655694444647266
1.3655694444647266
1.3655694444647266
1.3655694444647266
1.3655694444647266
1.3655694444647266
1.3655694444647266
1.3655694444647266
1.3655694444647266
1.3655694444647266
1.3655694444647266
1.3655694444647266
1.3655694444647266
1.3655694444647266
1.3655694444647266
1.3655694444647266
