1.3053243817485685
1.3053243817485685
1.3053210915720788
1.3053103716763965
1.3018704116901878
1.3018704116901878
1.3018704116901878
1.3018704116901878
1.3018086135926430
1.3018702596983391
1.3018702596983391
1.3018086135926430
1.3018086135926430
1.3018086135926430
1.3018086135926430
1.3018086135926430
1.3017973125516569
1.3017973125516569
1.3017973125516569
1.3017994583189327
1.3017971695005051
1.3017973125516569
1.3017973125516569
1.3017973125516569
1.3017971695005051
1.3017971695005051
1.3017971695005051
1.3017971695005051
1.3017971695005051
1.3017971695005051
1.3017971695005051
1.3017971695005051
1.3017971695005051
1.3017971695005051
1.3017971695005051
1.3017971695005051
1.3017967403470498
1.3017967403470498
1.3017973125516569
1.3017973125516569
1.3017967403470498
1.3017967403470498
1.3017967403470498
1.3017967403470498
1.3017967403470498
1.3017967403470498
1.3017967403470498
1.3017967403470498
1.3017967403470498
1.3017967403470498
1.3017967403470498
1.3017967403470498
1.3017967403470498
1.3017967403470498
1.3017967403470498
1.3017967403470498
1.3017967403470498
1.3017967403470498
1.3017967403470498
1.3017967403470498
1.3017967403470498
1.3017967403470498
1.3017967403470498
1.3017967403470498
1.3017967403470498
1.3017967403470498
1.3017967403470498
1.3017967403470498
1.3017967403470498
1.3017967403470498
1.3017967403470498
1.3017967403470498
1.3017967403470498
1.3017967403470498
1.3017967403470498
1.3017967403470498
1.3017967403470498
1.3017967403470498
1.3017967403470498
1.3017967403470498
1.3017967403470498
1.3017967403470498
1.3017967403470498
1.3017967403470498
1.3017967403470498
1.3017967403470498
1.3017967403470498
1.3017967403470498
1.3017967403470498
1.3017967403470498
1.3017967403470498
1.3017967403470498
1.3017967403470498
1.3017967403470498
1.3017967403470498
1.3017967403470498
1.3017967403470498
1.3017967403470498
1.3017967403470498
1.3017967403470498
