1.3497885242041505
1.3497366949837415
1.3497366949837415
1.3497366949837415
1.3497366681616505
1.3497366681616505
1.3497366681616505
1.3497367218058325
1.3497366681616505
1.3497366681616505
1.3497366681616505
1.3497366681616505
1.3497366681616505
1.3497366681616505
1.3497366681616505
1.3497366681616505
1.3497366681616505
1.3497366681616505
1.3497366681616505
1.3497366681616505
1.3497366681616505
1.3497366681616505
1.3497366681616505
1.3497366681616505
1.3497366681616505
1.3497366681616505
1.3497366681616505
1.3497366681616505
1.3497366681616505
1.3497366681616505
1.3497366681616505
1.3497366681616505
1.3497366681616505
1.3497366681616505
1.3497366681616505
1.3497366681616505
1.3497366681616505
1.3497366681616505
1.3497366681616505
1.3497366681616505
1.3497366681616505
1.3497366681616505
1.3497366681616505
1.3497366681616505
1.3497366681616505
1.3497366681616505
1.3497366681616505
1.3497366681616505
1.3497366681616505
1.3497366681616505
1.3497366681616505
1.3497366681616505
1.3497366681616505
1.3497366681616505
1.3497366681616505
1.3497366681616505
1.3497366681616505
1.3497366681616505
1.3497366681616505
1.3497366681616505
1.3497366681616505
1.3497366681616505
1.3497366681616505
1.3497366681616505
1.3497366681616505
1.3497366681616505
1.3497366681616505
1.3497366681616505
1.3497366681616505
1.3497366681616505
1.3497366681616505
1.3497366681616505
1.3497366681616505
1.3497366681616505
1.3497366681616505
1.3497366681616505
1.3497366681616505
1.3497366681616505
1.3497366681616505
1.3497366681616505
1.3497366681616505
1.3497366681616505
1.3497366681616505
1.3497366681616505
1.3497366681616505
1.3497366681616505
1.3497366681616505
1.3497366681616505
1.3497366681616505
1.3497366681616505
1.3497366681616505
1.3497366681616505
1.3497366681616505
1.3497366681616505
1.3497366681616505
1.3497366681616505
1.3497366681616505
1.3497366681616505
1.3497366681616505
1.3497366681616505
