1.3689105203423060
1.3689105203423060
1.3689105203423060
1.3099505576476622
1.3099552068100933
1.3688724687359473
1.3688724687359473
1.3688724687359473
1.3099300298073897
1.3688724687359473
1.3688724687359473
1.3688738992474645
1.3688738992474645
1.3688738992474645
1.3688738992474645
1.3688738992474645
1.3688738992474645
1.3688738992474645
1.3688716819546127
1.3688747575543749
1.3688747575543749
1.3688747575543749
1.3688747575543749
1.3688747575543749
1.3688747575543749
1.3688747575543749
1.3688747575543749
1.3688747575543749
1.3688747575543749
1.3688747575543749
1.3688747575543749
1.3688747575543749
1.3688747575543749
1.3688747575543749
1.3688747575543749
1.3688747575543749
1.3688747575543749
1.3688747575543749
1.3688747575543749
1.3688747575543749
1.3688747575543749
1.3688747575543749
1.3688747575543749
1.3688747575543749
1.3688747575543749
1.3688747575543749
1.3688747575543749
1.3688747575543749
1.3688747575543749
1.3688747575543749
1.3688747575543749
1.3688747575543749
1.3688747575543749
1.3688747575543749
1.3688747575543749
1.3688747575543749
1.3688747575543749
1.3688747575543749
1.3688747575543749
1.3688747575543749
1.3688747575543749
1.3688747575543749
1.3688747575543749
1.3688747575543749
1.3688747575543749
1.3688747575543749
1.3688747575543749
1.3688747575543749
1.3688747575543749
1.3688747575543749
1.3688747575543749
1.3688747575543749
1.3688747575543749
1.3688747575543749
1.3688747575543749
1.3688747575543749
1.3688747575543749
1.3688747575543749
1.3688747575543749
1.3688747575543749
1.3688747575543749
1.3688747575543749
1.3688747575543749
1.3688747575543749
1.3688747575543749
1.3688747575543749
1.3688747575543749
1.3688747575543749
1.3688747575543749
1.3688747575543749
1.3688747575543749
1.3688747575543749
1.3688747575543749
1.3688747575543749
1.3688747575543749
1.3688747575543749
1.3688747575543749
1.3688747575543749
1.3688747575543749
1.3688747575543749
