1.3193373149435912
1.3789444499893324
1.3789444499893324
1.3789444499893324
1.3789444499893324
1.3789444499893324
1.3789444499893324
1.3789444499893324
1.3789444499893324
1.3789444499893324
1.3789444499893324
1.3789444499893324
1.3789444499893324
1.3789444499893324
1.3789444499893324
1.3789444499893324
1.3789444499893324
1.3789444499893324
1.3789444499893324
1.3789444499893324
1.3789444499893324
1.3789444499893324
1.3789444499893324
1.3789444499893324
1.3789444499893324
1.3789444499893324
1.3789444499893324
1.3789444499893324
1.3789444499893324
1.3789444499893324
1.3789444499893324
1.3789444499893324
1.3789444499893324
1.3789444499893324
1.3789444499893324
1.3789444499893324
1.3789444499893324
1.3789444499893324
1.3789444499893324
1.3789444499893324
1.3789444499893324
1.3789444499893324
1.3789444499893324
1.3789444499893324
1.3789444499893324
1.3789444499893324
1.3789444499893324
1.3789444499893324
1.3789444499893324
1.3789444499893324
1.3789444499893324
1.3789444499893324
1.3789444499893324
1.3789444499893324
1.3789444499893324
1.3789444499893324
1.3789444499893324
1.3789444499893324
1.3789444499893324
1.3789444499893324
1.3789444499893324
1.3789444499893324
1.3789444499893324
1.3789444499893324
1.3789444499893324
1.3789444499893324
1.3789444499893324
1.3789444499893324
1.3789444499893324
1.3789444499893324
1.3789444499893324
1.3789444499893324
1.3789444499893324
1.3789444499893324
1.3789444499893324
1.3789444499893324
1.3789444499893324
1.3789444499893324
1.3789444499893324
1.3789444499893324
1.3789444499893324
1.3789444499893324
1.3789444499893324
1.3789444499893324
1.3789444499893324
1.3789444499893324
1.3789444499893324
1.3789444499893324
1.3789444499893324
1.3789444499893324
1.3789444499893324
1.3789444499893324
1.3789444499893324
1.3789444499893324
1.3789444499893324
1.3789444499893324
1.3789444499893324
1.3789444499893324
1.3789444499893324
1.3789444499893324
