1.4438504172465330
1.4438504172465330
1.4438504172465330
1.4447694797739232
1.4447643194348907
1.4438506284281798
1.4438506284281798
1.4438506284281798
1.4447644118268612
1.4438503252670265
1.4438504172465330
1.4438504172465330
1.4438504172465330
1.4438504172465330
1.4438504172465330
1.4438504172465330
1.4438504172465330
1.4438504172465330
1.4438503252670265
1.4438504172465330
1.4438504172465330
1.4438504172465330
1.4438504172465330
1.4438504172465330
1.4438504172465330
1.4438504172465330
1.4438504172465330
1.4438504172465330
1.4438504172465330
1.4438504172465330
1.4438504172465330
1.4438504172465330
1.4438504172465330
1.4438504172465330
1.4438504172465330
1.4438504172465330
1.4438504172465330
1.4438504172465330
1.4438504172465330
1.4438504172465330
1.4438504172465330
1.4438504172465330
1.4438504172465330
1.4438504172465330
1.4438504172465330
1.4438504172465330
1.4438504172465330
1.4438504172465330
1.4438504172465330
1.4438504172465330
1.4438504172465330
1.4438504172465330
1.4438504172465330
1.4438504172465330
1.4438504172465330
1.4438504172465330
1.4438504172465330
1.4438504172465330
1.4438504172465330
1.4438504172465330
1.4438504172465330
1.4438504172465330
1.4438504172465330
1.4438504172465330
1.4438504172465330
1.4438504172465330
1.4438504172465330
1.4438504172465330
1.4438504172465330
1.4438504172465330
1.4438504172465330
1.4438504172465330
1.4438504172465330
1.4438504172465330
1.4438504172465330
1.4438504172465330
1.4438504172465330
1.4438504172465330
1.4438504172465330
1.4438504172465330
1.4438504172465330
1.4438504172465330
1.4438504172465330
1.4438504172465330
1.4438504172465330
1.4438504172465330
1.4438504172465330
1.4438504172465330
1.4438504172465330
1.4438504172465330
1.4438504172465330
1.4438504172465330
1.4438504172465330
1.4438504172465330
1.4438504172465330
1.4438504172465330
1.4438504172465330
1.4438504172465330
1.4438504172465330
1.4438504172465330
