1.4458295617332924
1.4459016006601333
1.4459016006601333
1.4459016006601333
1.4459016006601333
1.4459016006601333
1.4459016006601333
1.4459016006601333
1.4459016006601333
1.4459016006601333
1.4459016006601333
1.4459016006601333
1.4459016006601333
1.4459016006601333
1.4459016006601333
1.4459016006601333
1.4459016006601333
1.4459016006601333
1.4459016006601333
1.4459016006601333
1.4459016006601333
1.4459016006601333
1.4459016006601333
1.4459016006601333
1.4459016006601333
1.4459016006601333
1.4459016006601333
1.4459016006601333
1.4459016006601333
1.4459016006601333
1.4459016006601333
1.4459016006601333
1.4459016006601333
1.4459016006601333
1.4459016006601333
1.4459016006601333
1.4459016006601333
1.4459016006601333
1.4459016006601333
1.4459016006601333
1.4459016006601333
1.4459016006601333
1.4459016006601333
1.4459016006601333
1.4459016006601333
1.4459016006601333
1.4459016006601333
1.4459016006601333
1.4459016006601333
1.4459016006601333
1.4459016006601333
1.4459016006601333
1.4459016006601333
1.4459016006601333
1.4459016006601333
1.4459016006601333
1.4459016006601333
1.4459016006601333
1.4459016006601333
1.4459016006601333
1.4459016006601333
1.4459016006601333
1.4459016006601333
1.4459016006601333
1.4459016006601333
1.4459016006601333
1.4459016006601333
1.4459016006601333
1.4459016006601333
1.4459016006601333
1.4459016006601333
1.4459016006601333
1.4459016006601333
1.4459016006601333
1.4459016006601333
1.4459016006601333
1.4459016006601333
1.4459016006601333
1.4459016006601333
1.4459016006601333
1.4459016006601333
1.4459016006601333
1.4459016006601333
1.4459016006601333
1.4459016006601333
1.4459016006601333
1.4459016006601333
1.4459016006601333
1.4459016006601333
1.4459016006601333
1.4459016006601333
1.4459016006601333
1.4459016006601333
1.4459016006601333
1.4459016006601333
1.4459016006601333
1.4459016006601333
1.4459016006601333
1.4459016006601333
1.4459016006601333
