1.4454238522983744
1.4454238522983744
1.4453216117150072
1.4453486561646658
1.4453047181112979
1.4452084192803030
1.4452084192803030
1.4452081190063988
1.4452067298271278
1.4452067296208957
1.4452067296208957
1.4452084192803030
1.4452084192803030
1.4452084192803030
1.4452067298271278
1.4452067298271278
1.4452067299302438
1.4452067299302438
1.4452067299302438
1.4452067298271278
1.4452067298271278
1.4452067299302438
1.4452067299302438
1.4452067299302438
1.4452067298271278
1.4452067298271278
1.4452067298271278
1.4452067298271278
1.4452067298271278
1.4452067298271278
1.4452067298271278
1.4452067298271278
1.4452067298271278
1.4452067298271278
1.4452067298271278
1.4452067298271278
1.4452067299302438
1.4452067299302438
1.4452067299302438
1.4452067299302438
1.4452067299302438
1.4452067299302438
1.4452067299302438
1.4452067299302438
1.4452067299302438
1.4452067299302438
1.4452067299302438
1.4452067299302438
1.4452067299302438
1.4452067299302438
1.4452067299302438
1.4452067299302438
1.4452067299302438
1.4452067299302438
1.4452067299302438
1.4452067299302438
1.4452067299302438
1.4452067299302438
1.4452067299302438
1.4452067299302438
1.4452067299302438
1.4452067299302438
1.4452067299302438
1.4452067299302438
1.4452067299302438
1.4452067299302438
1.4452067299302438
1.4452067299302438
1.4452067299302438
1.4452067299302438
1.4452067299302438
1.4452067299302438
1.4452067299302438
1.4452067299302438
1.4452067299302438
1.4452067299302438
1.4452067299302438
1.4452067299302438
1.4452067299302438
1.4452067299302438
1.4452067299302438
1.4452067299302438
1.4452067299302438
1.4452067299302438
1.4452067299302438
1.4452067299302438
1.4452067299302438
1.4452067299302438
1.4452067299302438
1.4452067299302438
1.4452067299302438
1.4452067299302438
1.4452067299302438
1.4452067299302438
1.4452067299302438
1.4452067299302438
1.4452067299302438
1.4452067299302438
1.4452067299302438
1.4452067299302438
