1.4442484434023035
1.4442484441241159
1.4442484441241159
1.4442484435054195
1.4442484434023035
1.4442484434023035
1.4442484434023035
1.4442484440209997
1.4442484434023035
1.4442484434023035
1.4442484434023035
1.4442484434023035
1.4442484434023035
1.4442484434023035
1.4442484434023035
1.4442484434023035
1.4442484434023035
1.4442484434023035
1.4442484434023035
1.4442484434023035
1.4442484434023035
1.4442484434023035
1.4442484434023035
1.4442484434023035
1.4442484434023035
1.4442484434023035
1.4442484434023035
1.4442484434023035
1.4442484434023035
1.4442484434023035
1.4442484434023035
1.4442484434023035
1.4442484434023035
1.4442484434023035
1.4442484434023035
1.4442484434023035
1.4442484434023035
1.4442484434023035
1.4442484434023035
1.4442484434023035
1.4442484434023035
1.4442484434023035
1.4442484434023035
1.4442484434023035
1.4442484434023035
1.4442484434023035
1.4442484434023035
1.4442484434023035
1.4442484434023035
1.4442484434023035
1.4442484434023035
1.4442484434023035
1.4442484434023035
1.4442484434023035
1.4442484434023035
1.4442484434023035
1.4442484434023035
1.4442484434023035
1.4442484434023035
1.4442484434023035
1.4442484434023035
1.4442484434023035
1.4442484434023035
1.4442484434023035
1.4442484434023035
1.4442484170045977
1.4442484170045977
1.4442484170045977
1.4442484170045977
1.4442484170045977
1.4442484170045977
1.4442484170045977
1.4442484170045977
1.4442484170045977
1.4442484170045977
1.4442484170045977
1.4442484170045977
1.4442484170045977
1.4442484170045977
1.4442484170045977
1.4442484170045977
1.4442484170045977
1.4442484170045977
1.4442484170045977
1.4442484170045977
1.4442484170045977
1.4442484170045977
1.4442484170045977
1.4442484170045977
1.4442484170045977
1.4442484170045977
1.4442484170045977
1.4442484170045977
1.4442484170045977
1.4442484170045977
1.4442484170045977
1.4442484170045977
1.4442484170045977
1.4442484170045977
1.4442484170045977
