1.4439125306359688
1.4439125306359688
1.4439125306359688
1.4439125290892281
1.4439125306359688
1.4439125306359688
1.4439125306359688
1.4439125306359688
1.4439125306359688
1.4439125306359688
1.4439125306359688
1.4439125306359688
1.4439125290892281
1.4439125290892281
1.4439125290892281
1.4439125290892281
1.4439125290892281
1.4439125290892281
1.4439125290892281
1.4439125289861121
1.4439125289861121
1.4439125289861121
1.4439125289861121
1.4439125289861121
1.4439125289861121
1.4439125289861121
1.4439125289861121
1.4439125289861121
1.4439125289861121
1.4439125289861121
1.4439125289861121
1.4439125289861121
1.4439125289861121
1.4439125289861121
1.4439125289861121
1.4439125289861121
1.4439125289861121
1.4439125289861121
1.4439125289861121
1.4439125289861121
1.4439125289861121
1.4439125289861121
1.4439125289861121
1.4439125289861121
1.4439125289861121
1.4439125289861121
1.4439125289861121
1.4439125289861121
1.4439125289861121
1.4439125289861121
1.4439125289861121
1.4439125289861121
1.4439125289861121
1.4439125289861121
1.4439125289861121
1.4439125289861121
1.4439125289861121
1.4439125289861121
1.4439125289861121
1.4439125289861121
1.4439125289861121
1.4439125289861121
1.4439125289861121
1.4439125289861121
1.4439125289861121
1.4439125289861121
1.4439125289861121
1.4439125289861121
1.4439125289861121
1.4439125289861121
1.4439125289861121
1.4439125289861121
1.4439125289861121
1.4439125289861121
1.4439125289861121
1.4439125289861121
1.4439125289861121
1.4439125289861121
1.4439125289861121
1.4439125289861121
1.4439125289861121
1.4439125289861121
1.4439125289861121
1.4439125289861121
1.4439125289861121
1.4439125289861121
1.4439125289861121
1.4439125289861121
1.4439125289861121
1.4439125289861121
1.4439125289861121
1.4439125289861121
1.4439125289861121
1.4439125289861121
1.4439125289861121
1.4439125289861121
1.4439125289861121
1.4439125289861121
1.4439125289861121
1.4439125289861121
