1.4668796121176961
1.4668796121176961
1.4668796121176961
1.4655917995793164
1.4655913015157374
1.4668796121176961
1.4668796121176961
1.4668796121176961
1.4655912954694419
1.4668796121176961
1.4668796121176961
1.4668796121176961
1.4668796121176961
1.4668796121176961
1.4668796121176961
1.4668796121176961
1.4668796121176961
1.4668796121176961
1.4668796158966309
1.4668796121176961
1.4668796121176961
1.4668796121176961
1.4668796121176961
1.4668796121176961
1.4668796121176961
1.4668796121176961
1.4668796121176961
1.4668796121176961
1.4668796121176961
1.4668796121176961
1.4668796121176961
1.4668796121176961
1.4668796121176961
1.4668796121176961
1.4668796121176961
1.4668796121176961
1.4668796121176961
1.4668796121176961
1.4668796121176961
1.4668796121176961
1.4668796121176961
1.4668796121176961
1.4668796121176961
1.4668796121176961
1.4668796121176961
1.4668796121176961
1.4668796121176961
1.4668796121176961
1.4668796121176961
1.4668796121176961
1.4668796121176961
1.4668796121176961
1.4668796121176961
1.4668796121176961
1.4668796121176961
1.4668796121176961
1.4668796121176961
1.4668796121176961
1.4668796121176961
1.4668796121176961
1.4668796121176961
1.4668796121176961
1.4668796121176961
1.4668796121176961
1.4668796121176961
1.4668796121176961
1.4668796121176961
1.4668796121176961
1.4668796121176961
1.4668796121176961
1.4668796121176961
1.4668796121176961
1.4668796121176961
1.4668796121176961
1.4668796121176961
1.4668796121176961
1.4668796121176961
1.4668796121176961
1.4668796121176961
1.4668796121176961
1.4668796121176961
1.4668796121176961
1.4668796121176961
1.4668796121176961
1.4668796121176961
1.4668796121176961
1.4668796121176961
1.4668796121176961
1.4668796121176961
1.4668796121176961
1.4668796121176961
1.4668796121176961
1.4668796121176961
1.4668796121176961
1.4668796121176961
1.4668796121176961
1.4668796121176961
1.4668796121176961
1.4668796121176961
1.4668796121176961
