1.4671627684424153
1.4653385086470399
1.4653385086470399
1.4653385086470399
1.4653385086470399
1.4653385086470399
1.4653385086470399
1.4653385086470399
1.4653385086470399
1.4653385086470399
1.4653385086470399
1.4653385086470399
1.4653385086470399
1.4653385086470399
1.4653385086470399
1.4653385086470399
1.4653385086470399
1.4653385086470399
1.4653385086470399
1.4653385086470399
1.4653385086470399
1.4653385086470399
1.4653385086470399
1.4653385086470399
1.4653385086470399
1.4653385086470399
1.4653385086470399
1.4653385086470399
1.4653385086470399
1.4653385086470399
1.4653385086470399
1.4653385086470399
1.4653385086470399
1.4653385086470399
1.4653385086470399
1.4653385086470399
1.4653385086470399
1.4653385086470399
1.4653385086470399
1.4653385086470399
1.4653385086470399
1.4653385086470399
1.4653385086470399
1.4653385086470399
1.4653385086470399
1.4653385086470399
1.4653385086470399
1.4653385086470399
1.4653385086470399
1.4653385086470399
1.4653385086470399
1.4653385086470399
1.4653385086470399
1.4653385086470399
1.4653385086470399
1.4653385086470399
1.4653385086470399
1.4653385086470399
1.4653385086470399
1.4653385086470399
1.4653385086470399
1.4653385086470399
1.4653385086470399
1.4653385086470399
1.4653385086470399
1.4653385086470399
1.4653385086470399
1.4653385086470399
1.4653385086470399
1.4653385086470399
1.4653385086470399
1.4653385086470399
1.4653385086470399
1.4653385086470399
1.4653385086470399
1.4653385086470399
1.4653385086470399
1.4653385086470399
1.4653385086470399
1.4653385086470399
1.4653385086470399
1.4653385086470399
1.4653385086470399
1.4653385086470399
1.4653385086470399
1.4653385086470399
1.4653385086470399
1.4653385086470399
1.4653385086470399
1.4653385086470399
1.4653385086470399
1.4653385086470399
1.4653385086470399
1.4653385086470399
1.4653385086470399
1.4653385086470399
1.4653385086470399
1.4653385086470399
1.4653385086470399
1.4653385086470399
