1.4671457843987878
1.4671457843987878
1.4671441356496255
1.4671441356496255
1.4671452390985262
1.4671452995614798
1.4671452995614798
1.4671452991835863
1.4671457870440421
1.4671452995614798
1.4671452995614798
1.4671457870440421
1.4671457870440421
1.4671457870440421
1.4671457832651074
1.4671457832651074
1.4671453029625208
1.4671453029625208
1.4671453029625208
1.4671457870440421
1.4671457832651074
1.4671457866661486
1.4671457866661486
1.4671457866661486
1.4671457870440421
1.4671457870440421
1.4671457870440421
1.4671457870440421
1.4671457870440421
1.4671457870440421
1.4671457870440421
1.4671457870440421
1.4671457870440421
1.4671457870440421
1.4671457870440421
1.4671457870440421
1.4671457828872139
1.4671457828872139
1.4671457828872139
1.4671457828872139
1.4671457866661486
1.4671457866661486
1.4671457866661486
1.4671457866661486
1.4671457866661486
1.4671457866661486
1.4671457866661486
1.4671457866661486
1.4671457866661486
1.4671457866661486
1.4671457866661486
1.4671457866661486
1.4671457866661486
1.4671457866661486
1.4671457866661486
1.4671457866661486
1.4671457866661486
1.4671457866661486
1.4671457866661486
1.4671457866661486
1.4671457866661486
1.4671457866661486
1.4671457866661486
1.4671457866661486
1.4671457866661486
1.4671457866661486
1.4671457866661486
1.4671457866661486
1.4671457866661486
1.4671457866661486
1.4671457866661486
1.4671457866661486
1.4671457866661486
1.4671457866661486
1.4671457866661486
1.4671457866661486
1.4671457866661486
1.4671457866661486
1.4671457866661486
1.4671457866661486
1.4671457866661486
1.4671457866661486
1.4671457866661486
1.4671457866661486
1.4671457866661486
1.4671457866661486
1.4671457866661486
1.4671457866661486
1.4671457866661486
1.4671457866661486
1.4671457866661486
1.4671457866661486
1.4671457866661486
1.4671457866661486
1.4671457866661486
1.4671457866661486
1.4671457866661486
1.4671457866661486
1.4671457866661486
1.4671457866661486
