1.4679229913575349
1.4679229908851681
1.4679229908851681
1.4679229908851681
1.4679229913575349
1.4679229913575349
1.4679229913575349
1.4679229908851681
1.4679229913575349
1.4679229913575349
1.4679229913575349
1.4679229913575349
1.4679229913575349
1.4679229913575349
1.4679229913575349
1.4679229913575349
1.4679229913575349
1.4679229913575349
1.4679229913575349
1.4679229913575349
1.4679229913575349
1.4679229913575349
1.4679229913575349
1.4679229913575349
1.4679229913575349
1.4679229913575349
1.4679229913575349
1.4679229913575349
1.4679229913575349
1.4679229913575349
1.4679229913575349
1.4679229913575349
1.4679229913575349
1.4679229913575349
1.4679229913575349
1.4679229913575349
1.4679229913575349
1.4679229913575349
1.4679229913575349
1.4679229913575349
1.4679229913575349
1.4679229913575349
1.4679229913575349
1.4679229913575349
1.4679229913575349
1.4679229913575349
1.4679229913575349
1.4679229913575349
1.4679229913575349
1.4679229913575349
1.4679229913575349
1.4679229913575349
1.4679229913575349
1.4679229913575349
1.4679229913575349
1.4679229913575349
1.4679229913575349
1.4679229913575349
1.4679229913575349
1.4679229913575349
1.4679229913575349
1.4679229913575349
1.4679229913575349
1.4679229913575349
1.4679229913575349
1.4679229913575349
1.4679229913575349
1.4679229913575349
1.4679229913575349
1.4679229913575349
1.4679229913575349
1.4679229913575349
1.4679229913575349
1.4679229913575349
1.4679229913575349
1.4679229913575349
1.4679229913575349
1.4679229913575349
1.4679229913575349
1.4679229913575349
1.4679229913575349
1.4679229913575349
1.4679229913575349
1.4679229913575349
1.4679229913575349
1.4679229913575349
1.4679229913575349
1.4679229913575349
1.4679229913575349
1.4679229913575349
1.4679229913575349
1.4679229913575349
1.4679229913575349
1.4679229913575349
1.4679229913575349
1.4679229913575349
1.4679229913575349
1.4679229913575349
1.4679229913575349
1.4679229913575349
