1.4656679672181001
1.4656679672181001
1.4656679672181001
1.4656527684376470
1.4656527647531856
1.4656527647531856
1.4656527647531856
1.4656527647531856
1.4656527647531856
1.4656527647531856
1.4656527647531856
1.4656527647531856
1.4656527684376470
1.4656527684376470
1.4656527684376470
1.4656527684376470
1.4656527684376470
1.4656527684376470
1.4656527684376470
1.4656527684376470
1.4656527684376470
1.4656527684376470
1.4656527684376470
1.4656527684376470
1.4656527684376470
1.4656527684376470
1.4656527684376470
1.4656527684376470
1.4656527684376470
1.4656527684376470
1.4656527684376470
1.4656527684376470
1.4656527684376470
1.4656527684376470
1.4656527684376470
1.4656527684376470
1.4656527684376470
1.4656527684376470
1.4656527684376470
1.4656527684376470
1.4656527684376470
1.4656527684376470
1.4656527684376470
1.4656527684376470
1.4656527684376470
1.4656527684376470
1.4656527684376470
1.4656527684376470
1.4656527684376470
1.4656527684376470
1.4656527684376470
1.4656527684376470
1.4656527684376470
1.4656527684376470
1.4656527684376470
1.4656527684376470
1.4656527684376470
1.4656527684376470
1.4656527684376470
1.4656527684376470
1.4656527684376470
1.4656527684376470
1.4656527684376470
1.4656527684376470
1.4656527684376470
1.4656527684376470
1.4656527684376470
1.4656527684376470
1.4656527684376470
1.4656527684376470
1.4656527684376470
1.4656527684376470
1.4656527684376470
1.4656527684376470
1.4656527684376470
1.4656527684376470
1.4656527684376470
1.4656527684376470
1.4656527684376470
1.4656527684376470
1.4656527684376470
1.4656527684376470
1.4656527684376470
1.4656527684376470
1.4656527684376470
1.4656527684376470
1.4656527684376470
1.4656527684376470
1.4656527684376470
1.4656527684376470
1.4656527684376470
1.4656527684376470
1.4656527684376470
1.4656527684376470
1.4656527684376470
1.4656527684376470
1.4656527684376470
1.4656527684376470
1.4656527684376470
1.4656527684376470
