0.3585206692606355
0.4296916539015425
0.4367280647632565
0.4383981453904409
0.4476690525204835
0.8451882925039355
1.2930988705556610
2.3100144433802026
3.2448987886040399
3.2448987886040399
3.5985284633371926
3.6892251426116278
3.7595153252590050
3.7595153252590050
3.7942252016585183
4.1550452167994685
4.6998025456181765
4.6998025456181765
4.7866837753220031
4.8063247292048246
4.8063247292048246
4.8823579814477034
5.6495295503727219
5.6495295503727219
6.5510223696553238
6.5510223696553238
6.5510223696553238
6.5650361264637977
7.1735904108417134
7.1735904108417134
7.2882723224085062
8.1035481851308298
8.1407910902361085
8.4364477047712523
9.6924326209845191
9.8298557884252240
9.9916405519708320
9.9916405519708320
11.5157630033335960
11.8344139258394810


5.6495289556218520
5.6495295503727219
5.6908558345364870
6.3382734462979933
6.4632272040769614
6.5255127026662745
7.1735904108417134
7.1735904108417134
7.2882723224085062
7.2882723224085062
8.1035481851308298
8.1407910902361085
8.1407910902361085
8.4364477047712523
8.4364486753222430
9.2059468882157383
9.6924326209845191
9.6924326209845191
9.8298557884252240
9.8298557884252240
9.8666558771848560
9.9825045414898526
9.9916405519708320
9.9916405519708320
9.9916405519708320
9.9916405519708320
9.9916405519708320
9.9916405519708320
9.9949981399869383
10.0593348678304720
10.3251186983407840
11.4324949183727310
11.5106248882795940
11.5157630033335960
11.5157630033335960
11.6651468389948010
11.7529207140706720
11.8080886724733030
11.8344139258394810
11.8344139258394810


9.8298557884252240
9.8298557884252240
9.8314099214662107
9.8645196226556777
9.8650722495865999
9.9916405519708320
9.9949981399869383
10.0593348678304720
10.0593348678304720
10.0677380951001290
10.3251186983407840
10.3273564353872590
11.1989975733299510
11.4324949183727310
11.4324949183727310
11.5058344551195550
11.5106248882795940
11.5106248882795940
11.5106248882795940
11.5157630033335960
11.5157630033335960
11.5157630033335960
11.5157630033335960
11.5157630033335960
11.6007957573721110
11.6650588430635340
11.6651468389948010
11.6651468389948010
11.6651468389948010
11.6705883458883800
11.7391569518159680
11.7529207140706720
11.7564260888454800
11.7593420027182380
11.8080886724733030
11.8344139258394810
11.8344139258394810
11.8344139258394810
11.9165275738848320
11.9778388639626350


11.4324949183727310
11.4324949183727310
11.5058982054030420
11.5151122633068520
11.5157630033335960
11.5157630033335960
11.5187416572335530
11.5194351115189020
11.6007532905782740
11.6256844150569240
11.6650588430635340
11.6651468389948010
11.6651468389948010
11.6652901710819070
11.6705883458883800
11.6705883458883800
11.6705883458883800
11.7391569518159680
11.7413102683882560
11.7529207140706720
11.7529207140706720
11.7529207140706720
11.7564260888454800
11.7571258250709820
11.7591987956520190
11.7593420027182380
11.7593420027182380
11.7604368223673210
11.8080886724733030
11.8344139258394810
11.8344139258394810
11.8344139258394810
11.9136457979071650
11.9165275738848320
11.9165275738848320
11.9551902267939490
11.9778388639626350
12.0428866988038850
12.0515005238754010
12.1031026366425180


11.6650640192785780
11.6651416627478020
11.6660251992633430
11.6666467854554270
11.6794124405965310
11.6810552267996130
11.7391569518159680
11.7410989645160400
11.7520357841352980
11.7529207140706720
11.7531005887195600
11.7564260888454800
11.7591149288165050
11.7593420027182380
11.7604368223673210
11.8080886724733030
11.8080886724733030
11.8101143800235530
11.8308800533089120
11.8344139258394810
11.8344139258394810
11.8344139258394810
11.8344139258394810
11.8344139258394810
11.8344139258394810
11.9116666951609280
11.9136457979071650
11.9149874543757490
11.9165275738848320
11.9165275738848320
11.9470048144697610
11.9551902267939490
11.9778388639626350
12.0428866988038850
12.0515005238754010
12.0515005238754010
12.1031026366425180
12.1267536817147090
13.3712741565014690
13.3896905425378260


11.7531005887195600
11.7564260888454800
11.7586905267644180
11.7600798564573350
11.7702032881372780
11.8036627363440360
11.8334356831747450
11.8344139258394810
11.8344139258394810
11.8344139258394810
11.9121034127492040
11.9149874543757490
11.9165275738848320
11.9165275738848320
11.9165275738848320
11.9165653459283210
11.9470048144697610
11.9470048144697610
11.9487962803992340
11.9551902267939490
11.9551902267939490
11.9778388639626350
11.9778388639626350
12.0427542693358770
12.0428866988038850
12.0454668501115590
12.0496924396054350
12.0514624717364000
12.0515005238754010
12.0515005238754010
12.0515005238754010
12.1031026366425180
12.1267536817147090
13.3712741565014690
13.3804665909127290
13.3868670342516580
13.3896905425378260
13.3896905425378260
13.5483890900265180
13.5725572870815440


11.9165653459283210
11.9649992036895030
12.0427352425082810
12.0427542693358770
12.0496924396054350
12.0511124239596550
12.0515005238754010
12.0515005238754010
12.0515005238754010
12.0515005238754010
12.0516068456983040
12.0524340437229400
12.0532725668786220
12.1031026366425180
12.1267536817147090
12.1267536817147090
12.2812389064991210
13.2134789240182040
13.2977637180356180
13.2984319661166740
13.3700925502198390
13.3712741565014690
13.3712741565014690
13.3738535099665000
13.3804665909127290
13.3804665909127290
13.3804665909127290
13.3815780797584200
13.3862852486351150
13.3868670342516580
13.3868670342516580
13.3868670342516580
13.3877061873994750
13.3896905425378260
13.3896905425378260
13.4001746222160010
13.5483890900265180
13.5654279983285360
13.5725572870815440
13.5725572870815440


13.2134789240182040
13.2917833704708050
13.2986710991983230
13.3043301573411040
13.3720898869235260
13.3738535099665000
13.3795493772143970
13.3804665909127290
13.3804665909127290
13.3862852486351150
13.3862852486351150
13.3868077248115310
13.3868670342516580
13.3868670342516580
13.3868670342516580
13.3868670342516580
13.3868670342516580
13.3868670342516580
13.3868670342516580
13.3877061873994750
13.3877061873994750
13.3893634418133270
13.3896905425378260
13.3896905425378260
13.3896905425378260
13.3896905425378260
13.3897499479275620
13.3921069628837670
13.4001746222160010
13.5483890900265180
13.5505884898579880
13.5654279983285360
13.5712574453280330
13.5725572870815440
13.5725572870815440
13.5725572870815440
13.5725572870815440
13.5725572870815440
13.5727601750246550
13.5730087826493990


13.3862852486351150
13.3866419591229580
13.3868670342516580
13.3877061873994750
13.3884286278334400
13.3892349306286640
13.3896905425378260
13.3896905425378260
13.3898563539101390
13.3903153631336240
13.3905524605110210
13.3921069628837670
13.3954010790152690
13.4001746222160010
13.4001746222160010
13.4032208451991930
13.5483890900265180
13.5483890900265180
13.5488721072361750
13.5505842820805390
13.5505884898579880
13.5505884898579880
13.5521093521909480
13.5654279983285360
13.5654279983285360
13.5679638405787290
13.5680352847908900
13.5698604720157480
13.5712574453280330
13.5725572870815440
13.5725572870815440
13.5725572870815440
13.5725572870815440
13.5725572870815440
13.5725572870815440
13.5727601750246550
13.5727601750246550
13.5730087826493990
13.5734784383824520
13.5749907300509510


13.3912625212110990
13.3938570169328500
13.3943145082260950
13.3946893961693410
13.3953672024326420
13.4051070881123380
13.5483890900265180
13.5505884898579880
13.5517814843880750
13.5521093521909480
13.5626971474020270
13.5656552326733590
13.5679638405787290
13.5688793242320360
13.5698604720157480
13.5698604720157480
13.5698604720157480
13.5712290888421450
13.5712574453280330
13.5712574453280330
13.5725572870815440
13.5725572870815440
13.5725572870815440
13.5725572870815440
13.5725572870815440
13.5725572870815440
13.5725572870815440
13.5725572870815440
13.5725572870815440
13.5727601750246550
13.5727601750246550
13.5728752998001600
13.5730087826493990
13.5730087826493990
13.5734784383824520
13.5734784383824520
13.5743385655576820
13.5744701125232390
13.5749907300509510
13.5772273175383060


13.5626971474020270
13.5633712886837330
13.5642997241658630
13.5654773545932540
13.5657068013205230
13.5698604720157480
13.5706322167451110
13.5712165487071950
13.5712290888421450
13.5712574453280330
13.5725065890375130
13.5725572870815440
13.5725572870815440
13.5725572870815440
13.5725572870815440
13.5725572870815440
13.5725572870815440
13.5725572870815440
13.5726022040142100
13.5727352997459420
13.5727601750246550
13.5727601750246550
13.5727601750246550
13.5727601750246550
13.5728752998001600
13.5728752998001600
13.5730087826493990
13.5730087826493990
13.5732555036464720
13.5734784383824520
13.5734784383824520
13.5737784873777120
13.5739488731139260
13.5743385655576820
13.5743504636067800
13.5744701125232390
13.5744701125232390
13.5749907300509510
13.5749907300509510
13.5772273175383060


13.5704116633135610
13.5708279024070890
13.5712574453280330
13.5724421469991650
13.5724495718048830
13.5724967362035360
13.5725572870815440
13.5727352997459420
13.5727601750246550
13.5727700269295400
13.5728237116626150
13.5728752998001600
13.5728824951267950
13.5730087826493990
13.5730087826493990
13.5732555036464720
13.5732555036464720
13.5733294485582350
13.5734784383824520
13.5734784383824520
13.5734784383824520
13.5734784383824520
13.5737712949816100
13.5737784873777120
13.5737785662521930
13.5739488731139260
13.5739658414127220
13.5743377655508900
13.5743385655576820
13.5743504636067800
13.5744701125232390
13.5744701125232390
13.5749907300509510
13.5749907300509510
13.5749907300509510
13.5760109308391300
13.5764793768310900
13.5772273175383060
13.5774470675480040
13.5779820061304230


13.5727601750246550
13.5727601750246550
13.5727700269295400
13.5727700269295400
13.5728851518007670
13.5732555036464720
13.5734784383824520
13.5734784383824520
13.5737332436077750
13.5737784873777120
13.5737785662521930
13.5737911847581130
13.5737963286332110
13.5739658414127220
13.5739658414127220
13.5739792469273620
13.5743385655576820
13.5743385655576820
13.5743504636067800
13.5743504636067800
13.5744701125232390
13.5744701125232390
13.5744701125232390
13.5745157926063910
13.5746399784311120
13.5746858385750390
13.5749907300509510
13.5749907300509510
13.5749907300509510
13.5750294057518430
13.5760109308391300
13.5764793768310900
13.5769381541436460
13.5772104656906190
13.5772273175383060
13.5772273175383060
13.5774470675480040
13.5774470675480040
13.5776914179353060
13.5779820061304230


13.5737784873777120
13.5737911847581130
13.5738002022362140
13.5738555104015730
13.5738975313404140
13.5740967962708080
13.5743385655576820
13.5743504636067800
13.5743511096615210
13.5744701125232390
13.5746399784311120
13.5746487121527100
13.5746786467228090
13.5749907300509510
13.5749907300509510
13.5749907300509510
13.5749907300509510
13.5750294057518430
13.5750294057518430
13.5750444013459330
13.5752395631966410
13.5759017947990570
13.5760109308391300
13.5760109308391300
13.5760793017310560
13.5764043173438330
13.5764211897610210
13.5764793768310900
13.5764865744877050
13.5766372171188050
13.5769381541436460
13.5772104656906190
13.5772273175383060
13.5772273175383060
13.5774470675480040
13.5774470675480040
13.5774470675480040
13.5776914179353060
13.5776914179353060
13.5779820061304230


13.5744701125232390
13.5746296090688040
13.5746487121527100
13.5747215090985840
13.5749907300509510
13.5750444013459330
13.5750482075588350
13.5752498107745050
13.5757829166676540
13.5759017947990570
13.5760793017310560
13.5764211897610210
13.5764211897610210
13.5764793768310900
13.5764865744877050
13.5764865744877050
13.5764872942538850
13.5765256629825470
13.5766372171188050
13.5766372171188050
13.5766406170529840
13.5769381541436460
13.5769381541436460
13.5771445306626720
13.5772104656906190
13.5772104656906190
13.5772273175383060
13.5772273175383060
13.5774470675480040
13.5774470675480040
13.5774470675480040
13.5776914179353060
13.5776914179353060
13.5776914179353060
13.5776914179353060
13.5778325486754860
13.5778569558140420
13.5779820061304230
13.5800086468031440
13.5822387855996960


13.5759017947990570
13.5759610473611150
13.5760793017310560
13.5760919201790350
13.5762614281105130
13.5764872942538850
13.5766273607194870
13.5766372171188050
13.5768121332272780
13.5769381541436460
13.5769381541436460
13.5770694061331360
13.5772104656906190
13.5772273175383060
13.5772273175383060
13.5772273175383060
13.5774470675480040
13.5774470675480040
13.5774470675480040
13.5774470675480040
13.5774470675480040
13.5774470675480040
13.5775378437508610
13.5775800725863360
13.5776914179353060
13.5776914179353060
13.5776914179353060
13.5776914179353060
13.5776914179353060
13.5778325486754860
13.5778325486754860
13.5778325486754860
13.5778569558140420
13.5779820061304230
13.5780307049083880
13.5800086468031440
13.5800086468031440
13.5804287763164100
13.5811318564146450
13.5822387855996960


13.5767931578332720
13.5769381541436460
13.5769381541436460
13.5769579089058820
13.5770694061331360
13.5774470675480040
13.5774470675480040
13.5774470675480040
13.5776914179353060
13.5776914179353060
13.5776914179353060
13.5776914179353060
13.5776914179353060
13.5776914179353060
13.5776914179353060
13.5778325486754860
13.5778325486754860
13.5778325486754860
13.5778325486754860
13.5778325486754860
13.5778325486754860
13.5778325486754860
13.5778380419303350
13.5778471035532500
13.5778569558140420
13.5779820061304230
13.5780307049083880
13.5781192526734600
13.5781476533300630
13.5787474796971320
13.5800086468031440
13.5800086468031440
13.5804287763164100
13.5809296319706090
13.5811318564146450
13.5811318564146450
13.5813499214982600
13.5820116032377030
13.5822387855996960
13.5835774126758560


13.5776914179353060
13.5776914179353060
13.5776914179353060
13.5776914179353060
13.5776914179353060
13.5776914179353060
13.5778325486754860
13.5778325486754860
13.5778325486754860
13.5778325486754860
13.5778569558140420
13.5778694031024100
13.5780307049083880
13.5780307049083880
13.5780994555757640
13.5781476533300630
13.5781476533300630
13.5786673420311420
13.5787474796971320
13.5787474796971320
13.5787803963556290
13.5791959050011160
13.5798908687936190
13.5800086468031440
13.5800086468031440
13.5800086468031440
13.5804287763164100
13.5809122326409200
13.5809296319706090
13.5811318564146450
13.5811318564146450
13.5813499214982600
13.5814117446362450
13.5820116032377030
13.5822387855996960
13.5822387855996960
13.5823284973790770
13.5828316978751570
13.5832290847749380
13.5835774126758560


13.5778325486754860
13.5778325486754860
13.5778542978445850
13.5778694031024100
13.5778694031024100
13.5781476533300630
13.5786122497837420
13.5787474796971320
13.5787830544571970
13.5791959050011160
13.5792283197011900
13.5794189682168650
13.5800086468031440
13.5803526389245540
13.5804287763164100
13.5804287763164100
13.5809296319706090
13.5809296319706090
13.5811318564146450
13.5811318564146450
13.5811318564146450
13.5811318564146450
13.5811318564146450
13.5813176034913990
13.5813499214982600
13.5814117446362450
13.5819095294338690
13.5820116032377030
13.5821303922200620
13.5822387855996960
13.5822387855996960
13.5823284973790770
13.5823879741003510
13.5828316978751570
13.5828316978751570
13.5832138267453790
13.5832290847749380
13.5832290847749380
13.5832713060538670
13.5835774126758560


13.5791262231265750
13.5791959050011160
13.5791959050011160
13.5794887857466960
13.5800456494216440
13.5803208847176130
13.5803677362003870
13.5804713131474630
13.5805403036500730
13.5809296319706090
13.5811318564146450
13.5811318564146450
13.5813499214982600
13.5819095294338690
13.5819095294338690
13.5820116032377030
13.5821303922200620
13.5821303922200620
13.5822387855996960
13.5822387855996960
13.5822387855996960
13.5822387855996960
13.5822387855996960
13.5823284973790770
13.5823284973790770
13.5823879741003510
13.5824506822379390
13.5828316978751570
13.5828316978751570
13.5831633974777260
13.5832138267453790
13.5832290847749380
13.5832290847749380
13.5832290847749380
13.5832713060538670
13.5832713060538670
13.5833718794625180
13.5835774126758560
13.5839942339202440
13.5841350137763880


13.5811246561140480
13.5813937970507210
13.5814920389096830
13.5815729987284580
13.5817341989576230
13.5821303922200620
13.5822387855996960
13.5822387855996960
13.5822459825494240
13.5823284973790770
13.5823328598721140
13.5823328598721140
13.5823879741003510
13.5824261096542360
13.5824506822379390
13.5824506822379390
13.5826901048564180
13.5828316978751570
13.5828316978751570
13.5828316978751570
13.5831633974777260
13.5831633974777260
13.5831633974777260
13.5832138267453790
13.5832138267453790
13.5832290847749380
13.5832290847749380
13.5832290847749380
13.5832290847749380
13.5832290847749380
13.5832713060538670
13.5832713060538670
13.5833718794625180
13.5835774126758560
13.5835774126758560
13.5835774126758560
13.5839942339202440
13.5839942339202440
13.5841350137763880
13.5841925716513230


13.5823284973790770
13.5823328598721140
13.5823643981137680
13.5824261096542360
13.5826369420767710
13.5826901048564180
13.5828316978751570
13.5829300554309780
13.5831283829067130
13.5831318569125550
13.5831549043437900
13.5831633974777260
13.5831633974777260
13.5832138267453790
13.5832290847749380
13.5832290847749380
13.5832290847749380
13.5832290847749380
13.5832290847749380
13.5832290847749380
13.5832290847749380
13.5832290847749380
13.5832362823322730
13.5832713060538670
13.5832713060538670
13.5832713060538670
13.5832713060538670
13.5833718794625180
13.5833718794625180
13.5835774126758560
13.5835774126758560
13.5835774126758560
13.5839942339202440
13.5839942339202440
13.5839942339202440
13.5839942339202440
13.5841350137763880
13.5841350137763880
13.5841925716513230
13.5844987425962960


13.5831318569125550
13.5831477074144370
13.5831633974777260
13.5831633974777260
13.5831972036171220
13.5832277275248640
13.5832290847749380
13.5832290847749380
13.5832290847749380
13.5832362823322730
13.5832713060538670
13.5832713060538670
13.5832713060538670
13.5833231219969410
13.5833718794625180
13.5833718794625180
13.5833718794625180
13.5835774126758560
13.5835774126758560
13.5835774126758560
13.5835774126758560
13.5835774126758560
13.5835774126758560
13.5835774126758560
13.5836515305219120
13.5839942339202440
13.5839942339202440
13.5839942339202440
13.5839942339202440
13.5839942339202440
13.5839942339202440
13.5840569092391500
13.5841350137763880
13.5841350137763880
13.5841350137763880
13.5841350137763880
13.5841925716513230
13.5841925716513230
13.5843032348211740
13.5844987425962960


13.5832362823322730
13.5832607923876920
13.5833231219969410
13.5833718794625180
13.5833718794625180
13.5833883816588960
13.5834593218113260
13.5835774126758560
13.5835774126758560
13.5835879269961590
13.5836515305219120
13.5838513679220230
13.5839942339202440
13.5839942339202440
13.5839942339202440
13.5839942339202440
13.5839942339202440
13.5839942339202440
13.5839942339202440
13.5839942339202440
13.5839942339202440
13.5839942339202440
13.5840569092391500
13.5840569092391500
13.5841315141182330
13.5841350137763880
13.5841350137763880
13.5841350137763880
13.5841350137763880
13.5841350137763880
13.5841925716513230
13.5841925716513230
13.5841925716513230
13.5841925716513230
13.5841925716513230
13.5841997692534410
13.5843032348211740
13.5843032348211740
13.5843571296217860
13.5844987425962960


13.5835879269961590
13.5836515305219120
13.5836888338091750
13.5837648091590960
13.5839942339202440
13.5839942339202440
13.5839942339202440
13.5839942339202440
13.5840569092391500
13.5841315141182330
13.5841350137763880
13.5841350137763880
13.5841350137763880
13.5841350137763880
13.5841350137763880
13.5841350137763880
13.5841350137763880
13.5841350137763880
13.5841362146823710
13.5841624639740710
13.5841925716513230
13.5841925716513230
13.5841925716513230
13.5841925716513230
13.5841925716513230
13.5841925716513230
13.5841925716513230
13.5841997692534410
13.5841997692534410
13.5842010274105400
13.5843032348211740
13.5843032348211740
13.5843032348211740
13.5843032348211740
13.5843333459743680
13.5843571296217860
13.5843571296217860
13.5844227393580130
13.5844987425962960
13.5845728276251360


13.5840569092391500
13.5840569092391500
13.5841278167914790
13.5841315141182330
13.5841315141182330
13.5841350137763880
13.5841350137763880
13.5841624639740710
13.5841624639740710
13.5841925716513230
13.5841925716513230
13.5841925716513230
13.5841925716513230
13.5841997692534410
13.5841997692534410
13.5841997692534410
13.5841997692534410
13.5842010274105400
13.5842010274105400
13.5842010274105400
13.5842096293043100
13.5843032348211740
13.5843032348211740
13.5843032348211740
13.5843032348211740
13.5843032348211740
13.5843032348211740
13.5843032348211740
13.5843333459743680
13.5843333459743680
13.5843571296217860
13.5843571296217860
13.5844227393580130
13.5844227393580130
13.5844227393580130
13.5844227393580130
13.5844987425962960
13.5844987425962960
13.5845728276251360
13.5846101340204330


13.5841925716513230
13.5841925716513230
13.5841925716513230
13.5841925716513230
13.5841997692534410
13.5841997692534410
13.5841997692534410
13.5842010274105400
13.5842024322708690
13.5842743801164470
13.5843032348211740
13.5843032348211740
13.5843032348211740
13.5843032348211740
13.5843032348211740
13.5843032348211740
13.5843032348211740
13.5843333459743680
13.5843333459743680
13.5843333459743680
13.5843333459743680
13.5843333459743680
13.5843571296217860
13.5843571296217860
13.5843571296217860
13.5843571296217860
13.5844227393580130
13.5844227393580130
13.5844227393580130
13.5844227393580130
13.5844227393580130
13.5844987425962960
13.5844987425962960
13.5844987425962960
13.5844987425962960
13.5844987425962960
13.5845084315312760
13.5845728276251360
13.5845728276251360
13.5846101340204330


13.5842927209303440
13.5842935678528890
13.5842960377341960
13.5843032348211740
13.5843032348211740
13.5843333459743680
13.5843333459743680
13.5843333459743680
13.5843405430855860
13.5843571296217860
13.5843676442656970
13.5843778514515740
13.5844227393580130
13.5844227393580130
13.5844227393580130
13.5844227393580130
13.5844227393580130
13.5844227393580130
13.5844227393580130
13.5844227393580130
13.5844227393580130
13.5844227393580130
13.5844922643048700
13.5844987425962960
13.5844987425962960
13.5844987425962960
13.5844987425962960
13.5844987425962960
13.5844987425962960
13.5844987425962960
13.5845084315312760
13.5845466570875290
13.5845623127913750
13.5845728276251360
13.5845728276251360
13.5845728276251360
13.5845728276251360
13.5845728276251360
13.5845728276251360
13.5846101340204330


13.5843571296217860
13.5843571296217860
13.5843604465544630
13.5843778514515740
13.5844227393580130
13.5844227393580130
13.5844227393580130
13.5844299376922810
13.5844987425962960
13.5844987425962960
13.5844987425962960
13.5844987425962960
13.5844987425962960
13.5844987425962960
13.5844987425962960
13.5844987425962960
13.5844987425962960
13.5845027794361590
13.5845084315312760
13.5845084315312760
13.5845270859296190
13.5845466570875290
13.5845466570875290
13.5845623127913750
13.5845728276251360
13.5845728276251360
13.5845728276251360
13.5845728276251360
13.5845728276251360
13.5845728276251360
13.5845728276251360
13.5845728276251360
13.5845728276251360
13.5845728276251360
13.5846101340204330
13.5846366192978090
13.5846382931231520
13.5847136313100680
13.5847810527697880
13.5848523489755560


13.5844987425962960
13.5844987425962960
13.5844987425962960
13.5844987425962960
13.5844987425962960
13.5844989348043010
13.5845084315312760
13.5845092577334330
13.5845361436632250
13.5845466570875290
13.5845728276251360
13.5845728276251360
13.5845728276251360
13.5845728276251360
13.5845728276251360
13.5845728276251360
13.5845728276251360
13.5845728276251360
13.5845728276251360
13.5845728276251360
13.5845728276251360
13.5845728276251360
13.5845728276251360
13.5845728276251360
13.5845728276251360
13.5845728276251360
13.5845728276251360
13.5846101340204330
13.5846359475030720
13.5846366192978090
13.5846366192978090
13.5846382931231520
13.5847136313100680
13.5847136313100680
13.5847136313100680
13.5847136313100680
13.5847804445638370
13.5847810527697880
13.5847810527697880
13.5848523489755560


13.5845361436632250
13.5845466570875290
13.5845466570875290
13.5845728276251360
13.5845728276251360
13.5845728276251360
13.5845728276251360
13.5845728276251360
13.5845728276251360
13.5845728276251360
13.5845728276251360
13.5845728276251360
13.5845728276251360
13.5846101340204330
13.5846359475030720
13.5846359475030720
13.5846366192978090
13.5846366192978090
13.5846366192978090
13.5846366192978090
13.5846366192978090
13.5846382931231520
13.5846382931231520
13.5846406366495650
13.5846576674296690
13.5847129115747550
13.5847136313100680
13.5847136313100680
13.5847136313100680
13.5847136313100680
13.5847136313100680
13.5847804445638370
13.5847804445638370
13.5847810527697880
13.5847810527697880
13.5847810527697880
13.5847810527697880
13.5847810527697880
13.5848451521137650
13.5848523489755560


13.5845728276251360
13.5845728276251360
13.5845728276251360
13.5845728276251360
13.5846043721863710
13.5846050788105150
13.5846101340204330
13.5846366192978090
13.5846366192978090
13.5846382931231520
13.5846382931231520
13.5846402426231610
13.5846576674296690
13.5847129115747550
13.5847136313100680
13.5847136313100680
13.5847136313100680
13.5847136313100680
13.5847136313100680
13.5847136313100680
13.5847136313100680
13.5847136313100680
13.5847136313100680
13.5847136313100680
13.5847136313100680
13.5847804445638370
13.5847804445638370
13.5847804445638370
13.5847804445638370
13.5847810527697880
13.5847810527697880
13.5847810527697880
13.5847810527697880
13.5847810527697880
13.5847810527697880
13.5847810527697880
13.5847810527697880
13.5848451521137650
13.5848451521137650
13.5848523489755560


13.5846382931231520
13.5846382931231520
13.5846390128535950
13.5846390128535950
13.5846402426231610
13.5847129115747550
13.5847129115747550
13.5847136313100680
13.5847136313100680
13.5847136313100680
13.5847136313100680
13.5847136313100680
13.5847136313100680
13.5847804445638370
13.5847804445638370
13.5847804445638370
13.5847804445638370
13.5847804445638370
13.5847810527697880
13.5847810527697880
13.5847810527697880
13.5847810527697880
13.5847810527697880
13.5847810527697880
13.5847810527697880
13.5847810527697880
13.5847810527697880
13.5847810527697880
13.5847810527697880
13.5847810527697880
13.5847810527697880
13.5847875304322250
13.5848451521137650
13.5848451521137650
13.5848451521137650
13.5848451521137650
13.5848451521137650
13.5848478690962810
13.5848523489755560
13.5848523489755560


13.5847136313100680
13.5847136313100680
13.5847136313100680
13.5847136313100680
13.5847136313100680
13.5847136313100680
13.5847803330303470
13.5847804445638370
13.5847806367443230
13.5847810527697880
13.5847810527697880
13.5847810527697880
13.5847810527697880
13.5847810527697880
13.5847810527697880
13.5847810527697880
13.5847810527697880
13.5847810527697880
13.5847810527697880
13.5847810527697880
13.5847810527697880
13.5847810527697880
13.5847810527697880
13.5847875304322250
13.5847875304322250
13.5847882501724370
13.5847882501724370
13.5848451521137650
13.5848451521137650
13.5848451521137650
13.5848451521137650
13.5848451521137650
13.5848451521137650
13.5848478690962810
13.5848478690962810
13.5848478690962810
13.5848478690962810
13.5848523489755560
13.5848523489755560
13.5848523489755560


13.5847810527697880
13.5847810527697880
13.5847810527697880
13.5847810527697880
13.5847810527697880
13.5847810527697880
13.5847810527697880
13.5847810527697880
13.5847810527697880
13.5847810527697880
13.5847810527697880
13.5847810527697880
13.5847875304322250
13.5847875304322250
13.5847882501724370
13.5847882501724370
13.5848451521137650
13.5848451521137650
13.5848451521137650
13.5848451521137650
13.5848451521137650
13.5848451521137650
13.5848451521137650
13.5848451521137650
13.5848451521137650
13.5848451521137650
13.5848451521137650
13.5848478690962810
13.5848478690962810
13.5848478690962810
13.5848478690962810
13.5848478690962810
13.5848523489755560
13.5848523489755560
13.5848523489755560
13.5848523489755560
13.5848523489755560
13.5848523489755560
13.5848523489755560
13.5849269737952570


13.5847810527697880
13.5847810527697880
13.5847810527697880
13.5847810527697880
13.5847810527697880
13.5847810527697880
13.5847810527697880
13.5847875304322250
13.5848451521137650
13.5848451521137650
13.5848451521137650
13.5848451521137650
13.5848451521137650
13.5848451521137650
13.5848451521137650
13.5848451521137650
13.5848478690962810
13.5848478690962810
13.5848478690962810
13.5848478690962810
13.5848478690962810
13.5848478690962810
13.5848478690962810
13.5848478690962810
13.5848478690962810
13.5848478690962810
13.5848523489755560
13.5848523489755560
13.5848523489755560
13.5848523489755560
13.5848523489755560
13.5848523489755560
13.5848523489755560
13.5848523489755560
13.5848523489755560
13.5848523489755560
13.5848523489755560
13.5849197768848210
13.5849197768848210
13.5849269737952570


13.5848346384146070
13.5848451521137650
13.5848451521137650
13.5848451521137650
13.5848451521137650
13.5848451521137650
13.5848451521137650
13.5848478690962810
13.5848478690962810
13.5848478690962810
13.5848478690962810
13.5848523489755560
13.5848523489755560
13.5848523489755560
13.5848523489755560
13.5848523489755560
13.5848523489755560
13.5848523489755560
13.5848523489755560
13.5848523489755560
13.5848523489755560
13.5848523489755560
13.5848523489755560
13.5848523489755560
13.5848523489755560
13.5848523489755560
13.5848523489755560
13.5848523489755560
13.5848523489755560
13.5848583831698800
13.5849197768848210
13.5849197768848210
13.5849197768848210
13.5849197768848210
13.5849197768848210
13.5849197768848210
13.5849197768848210
13.5849197768848210
13.5849269737952570
13.5849530237553570


13.5848478690962810
13.5848478690962810
13.5848478690962810
13.5848478690962810
13.5848523489755560
13.5848523489755560
13.5848523489755560
13.5848523489755560
13.5848523489755560
13.5848523489755560
13.5848523489755560
13.5848523489755560
13.5848523489755560
13.5848523489755560
13.5848523489755560
13.5848523489755560
13.5848583831698800
13.5848583831698800
13.5848583831698800
13.5848583831698800
13.5849197768848210
13.5849197768848210
13.5849197768848210
13.5849197768848210
13.5849197768848210
13.5849197768848210
13.5849197768848210
13.5849197768848210
13.5849197768848210
13.5849197768848210
13.5849197768848210
13.5849197768848210
13.5849197768848210
13.5849197768848210
13.5849197768848210
13.5849269737952570
13.5849269737952570
13.5849269737952570
13.5849530237553570
13.5849530237553570


13.5848523489755560
13.5848523489755560
13.5848523489755560
13.5848523489755560
13.5848523489755560
13.5848523489755560
13.5848583831698800
13.5848583831698800
13.5849197768848210
13.5849197768848210
13.5849197768848210
13.5849197768848210
13.5849197768848210
13.5849197768848210
13.5849197768848210
13.5849197768848210
13.5849197768848210
13.5849197768848210
13.5849197768848210
13.5849197768848210
13.5849197768848210
13.5849197768848210
13.5849197768848210
13.5849197768848210
13.5849197768848210
13.5849197768848210
13.5849197768848210
13.5849197768848210
13.5849269737952570
13.5849269737952570
13.5849269737952570
13.5849269737952570
13.5849269737952570
13.5849269737952570
13.5849269737952570
13.5849530237553570
13.5849530237553570
13.5849530237553570
13.5849855975436840
13.5849855975436840


13.5849197768848210
13.5849197768848210
13.5849197768848210
13.5849197768848210
13.5849197768848210
13.5849197768848210
13.5849197768848210
13.5849197768848210
13.5849197768848210
13.5849197768848210
13.5849197768848210
13.5849197768848210
13.5849197768848210
13.5849197768848210
13.5849197768848210
13.5849197768848210
13.5849197768848210
13.5849269737952570
13.5849269737952570
13.5849269737952570
13.5849269737952570
13.5849269737952570
13.5849269737952570
13.5849269737952570
13.5849269737952570
13.5849269737952570
13.5849269737952570
13.5849269737952570
13.5849269737952570
13.5849269737952570
13.5849530237553570
13.5849530237553570
13.5849530237553570
13.5849530237553570
13.5849530237553570
13.5849530237553570
13.5849530237553570
13.5849855975436840
13.5849855975436840
13.5849855975436840


13.5849197768848210
13.5849197768848210
13.5849197768848210
13.5849197768848210
13.5849197768848210
13.5849197768848210
13.5849197768848210
13.5849197768848210
13.5849269737952570
13.5849269737952570
13.5849269737952570
13.5849269737952570
13.5849269737952570
13.5849269737952570
13.5849269737952570
13.5849269737952570
13.5849269737952570
13.5849269737952570
13.5849269737952570
13.5849269737952570
13.5849269737952570
13.5849269737952570
13.5849530237553570
13.5849530237553570
13.5849530237553570
13.5849530237553570
13.5849530237553570
13.5849530237553570
13.5849530237553570
13.5849530237553570
13.5849530237553570
13.5849530237553570
13.5849855975436840
13.5849855975436840
13.5849855975436840
13.5849855975436840
13.5849855975436840
13.5849855975436840
13.5849855975436840
13.5850348483341390


13.5849269737952570
13.5849269737952570
13.5849269737952570
13.5849269737952570
13.5849269737952570
13.5849269737952570
13.5849269737952570
13.5849269737952570
13.5849269737952570
13.5849269737952570
13.5849269737952570
13.5849530237553570
13.5849530237553570
13.5849530237553570
13.5849530237553570
13.5849530237553570
13.5849530237553570
13.5849530237553570
13.5849530237553570
13.5849530237553570
13.5849530237553570
13.5849530237553570
13.5849530237553570
13.5849530237553570
13.5849530237553570
13.5849530237553570
13.5849585151809200
13.5849855975436840
13.5849855975436840
13.5849855975436840
13.5849855975436840
13.5849855975436840
13.5849855975436840
13.5849855975436840
13.5849855975436840
13.5849855975436840
13.5849855975436840
13.5849855975436840
13.5849855975436840
13.5850348483341390


13.5849269737952570
13.5849269737952570
13.5849269737952570
13.5849269737952570
13.5849269737952570
13.5849530237553570
13.5849530237553570
13.5849530237553570
13.5849530237553570
13.5849530237553570
13.5849532159228370
13.5849585151809200
13.5849585151809200
13.5849585151809200
13.5849855975436840
13.5849855975436840
13.5849855975436840
13.5849855975436840
13.5849855975436840
13.5849855975436840
13.5849855975436840
13.5849855975436840
13.5849855975436840
13.5849855975436840
13.5849855975436840
13.5849855975436840
13.5849855975436840
13.5849855975436840
13.5849855975436840
13.5849855975436840
13.5849855975436840
13.5849855975436840
13.5849855975436840
13.5849855975436840
13.5849855975436840
13.5849855975436840
13.5850276516336560
13.5850276516336560
13.5850276516336560
13.5850348483341390


13.5849530237553570
13.5849530237553570
13.5849530237553570
13.5849532159228370
13.5849583230056690
13.5849585151809200
13.5849855975436840
13.5849855975436840
13.5849855975436840
13.5849855975436840
13.5849855975436840
13.5849855975436840
13.5849855975436840
13.5849855975436840
13.5849855975436840
13.5849855975436840
13.5849855975436840
13.5849855975436840
13.5849855975436840
13.5849855975436840
13.5849855975436840
13.5849855975436840
13.5849855975436840
13.5849855975436840
13.5849855975436840
13.5849855975436840
13.5849855975436840
13.5849855975436840
13.5849855975436840
13.5849857897118210
13.5850276516336560
13.5850276516336560
13.5850276516336560
13.5850276516336560
13.5850276516336560
13.5850276516336560
13.5850276516336560
13.5850276516336560
13.5850276516336560
13.5850348483341390


13.5849855975436840
13.5849855975436840
13.5849855975436840
13.5849855975436840
13.5849855975436840
13.5849855975436840
13.5849855975436840
13.5849855975436840
13.5849855975436840
13.5849855975436840
13.5849855975436840
13.5849855975436840
13.5849855975436840
13.5849855975436840
13.5849855975436840
13.5849855975436840
13.5849855975436840
13.5849855975436840
13.5849855975436840
13.5849857897118210
13.5849857897118210
13.5849857897118210
13.5850276516336560
13.5850276516336560
13.5850276516336560
13.5850276516336560
13.5850276516336560
13.5850276516336560
13.5850276516336560
13.5850276516336560
13.5850276516336560
13.5850276516336560
13.5850276516336560
13.5850276516336560
13.5850276516336560
13.5850276516336560
13.5850276516336560
13.5850276516336560
13.5850276516336560
13.5850348483341390


13.5849855975436840
13.5849855975436840
13.5849855975436840
13.5849855975436840
13.5849855975436840
13.5849855975436840
13.5849855975436840
13.5849855975436840
13.5849857897118210
13.5849857897118210
13.5849857897118210
13.5850276516336560
13.5850276516336560
13.5850276516336560
13.5850276516336560
13.5850276516336560
13.5850276516336560
13.5850276516336560
13.5850276516336560
13.5850276516336560
13.5850276516336560
13.5850276516336560
13.5850276516336560
13.5850276516336560
13.5850276516336560
13.5850276516336560
13.5850276516336560
13.5850276516336560
13.5850276516336560
13.5850276516336560
13.5850276516336560
13.5850276516336560
13.5850276516336560
13.5850276516336560
13.5850276516336560
13.5850276516336560
13.5850276516336560
13.5850276516336560
13.5850276516336560
13.5850348483341390


13.5849857897118210
13.5849857897118210
13.5849857897118210
13.5849857897118210
13.5850276516336560
13.5850276516336560
13.5850276516336560
13.5850276516336560
13.5850276516336560
13.5850276516336560
13.5850276516336560
13.5850276516336560
13.5850276516336560
13.5850276516336560
13.5850276516336560
13.5850276516336560
13.5850276516336560
13.5850276516336560
13.5850276516336560
13.5850276516336560
13.5850276516336560
13.5850276516336560
13.5850276516336560
13.5850276516336560
13.5850276516336560
13.5850276516336560
13.5850276516336560
13.5850276516336560
13.5850276516336560
13.5850276516336560
13.5850276516336560
13.5850276516336560
13.5850276516336560
13.5850276516336560
13.5850276516336560
13.5850276516336560
13.5850276516336560
13.5850278438024970
13.5850278438024970
13.5850348483341390


13.5850276516336560
13.5850276516336560
13.5850276516336560
13.5850276516336560
13.5850276516336560
13.5850276516336560
13.5850276516336560
13.5850276516336560
13.5850276516336560
13.5850276516336560
13.5850276516336560
13.5850276516336560
13.5850276516336560
13.5850276516336560
13.5850276516336560
13.5850276516336560
13.5850276516336560
13.5850276516336560
13.5850276516336560
13.5850276516336560
13.5850276516336560
13.5850276516336560
13.5850276516336560
13.5850276516336560
13.5850276516336560
13.5850276516336560
13.5850276516336560
13.5850276516336560
13.5850276516336560
13.5850276516336560
13.5850276516336560
13.5850276516336560
13.5850276516336560
13.5850278438024970
13.5850278438024970
13.5850278438024970
13.5850278438024970
13.5850278438024970
13.5850278438024970
13.5850348483341390


13.5850276516336560
13.5850276516336560
13.5850276516336560
13.5850276516336560
13.5850276516336560
13.5850276516336560
13.5850276516336560
13.5850276516336560
13.5850276516336560
13.5850276516336560
13.5850276516336560
13.5850276516336560
13.5850276516336560
13.5850276516336560
13.5850276516336560
13.5850276516336560
13.5850276516336560
13.5850276516336560
13.5850276516336560
13.5850276516336560
13.5850276516336560
13.5850276516336560
13.5850276516336560
13.5850276516336560
13.5850276516336560
13.5850276516336560
13.5850276516336560
13.5850276516336560
13.5850278438024970
13.5850278438024970
13.5850278438024970
13.5850278438024970
13.5850278438024970
13.5850278438024970
13.5850278438024970
13.5850278438024970
13.5850278438024970
13.5850278438024970
13.5850278438024970
13.5850348483341390


13.5850276516336560
13.5850276516336560
13.5850276516336560
13.5850276516336560
13.5850276516336560
13.5850276516336560
13.5850276516336560
13.5850276516336560
13.5850276516336560
13.5850276516336560
13.5850276516336560
13.5850276516336560
13.5850276516336560
13.5850276516336560
13.5850276516336560
13.5850276516336560
13.5850276516336560
13.5850278438024970
13.5850278438024970
13.5850278438024970
13.5850278438024970
13.5850278438024970
13.5850278438024970
13.5850278438024970
13.5850278438024970
13.5850278438024970
13.5850278438024970
13.5850278438024970
13.5850278438024970
13.5850278438024970
13.5850278438024970
13.5850278438024970
13.5850278438024970
13.5850278438024970
13.5850278438024970
13.5850278438024970
13.5850278438024970
13.5850278438024970
13.5850278438024970
13.5850348483341390


13.5850276516336560
13.5850276516336560
13.5850276516336560
13.5850276516336560
13.5850276516336560
13.5850276516336560
13.5850276516336560
13.5850276516336560
13.5850278438024970
13.5850278438024970
13.5850278438024970
13.5850278438024970
13.5850278438024970
13.5850278438024970
13.5850278438024970
13.5850278438024970
13.5850278438024970
13.5850278438024970
13.5850278438024970
13.5850278438024970
13.5850278438024970
13.5850278438024970
13.5850278438024970
13.5850278438024970
13.5850278438024970
13.5850278438024970
13.5850278438024970
13.5850278438024970
13.5850278438024970
13.5850278438024970
13.5850278438024970
13.5850278438024970
13.5850278438024970
13.5850278438024970
13.5850278438024970
13.5850278438024970
13.5850278438024970
13.5850278438024970
13.5850278438024970
13.5850348483341390


13.5850278438024970
13.5850278438024970
13.5850278438024970
13.5850278438024970
13.5850278438024970
13.5850278438024970
13.5850278438024970
13.5850278438024970
13.5850278438024970
13.5850278438024970
13.5850278438024970
13.5850278438024970
13.5850278438024970
13.5850278438024970
13.5850278438024970
13.5850278438024970
13.5850278438024970
13.5850278438024970
13.5850278438024970
13.5850278438024970
13.5850278438024970
13.5850278438024970
13.5850278438024970
13.5850278438024970
13.5850278438024970
13.5850278438024970
13.5850278438024970
13.5850278438024970
13.5850278438024970
13.5850278438024970
13.5850278438024970
13.5850278438024970
13.5850278438024970
13.5850278438024970
13.5850278438024970
13.5850278438024970
13.5850278438024970
13.5850278438024970
13.5850278438024970
13.5850348483341390


13.5850278438024970
13.5850278438024970
13.5850278438024970
13.5850278438024970
13.5850278438024970
13.5850278438024970
13.5850278438024970
13.5850278438024970
13.5850278438024970
13.5850278438024970
13.5850278438024970
13.5850278438024970
13.5850278438024970
13.5850278438024970
13.5850278438024970
13.5850278438024970
13.5850278438024970
13.5850278438024970
13.5850278438024970
13.5850278438024970
13.5850278438024970
13.5850278438024970
13.5850278438024970
13.5850278438024970
13.5850278438024970
13.5850278438024970
13.5850278438024970
13.5850278438024970
13.5850278438024970
13.5850278438024970
13.5850278438024970
13.5850278438024970
13.5850278438024970
13.5850278438024970
13.5850278438024970
13.5850278438024970
13.5850278438024970
13.5850278438024970
13.5850278438024970
13.5850348483341390


13.5850278438024970
13.5850278438024970
13.5850278438024970
13.5850278438024970
13.5850278438024970
13.5850278438024970
13.5850278438024970
13.5850278438024970
13.5850278438024970
13.5850278438024970
13.5850278438024970
13.5850278438024970
13.5850278438024970
13.5850278438024970
13.5850278438024970
13.5850278438024970
13.5850278438024970
13.5850278438024970
13.5850278438024970
13.5850278438024970
13.5850278438024970
13.5850278438024970
13.5850278438024970
13.5850278438024970
13.5850278438024970
13.5850278438024970
13.5850278438024970
13.5850278438024970
13.5850278438024970
13.5850278438024970
13.5850278438024970
13.5850278438024970
13.5850278438024970
13.5850278438024970
13.5850278438024970
13.5850278438024970
13.5850278438024970
13.5850278438024970
13.5850278438024970
13.5850348483341390


13.5850278438024970
13.5850278438024970
13.5850278438024970
13.5850278438024970
13.5850278438024970
13.5850278438024970
13.5850278438024970
13.5850278438024970
13.5850278438024970
13.5850278438024970
13.5850278438024970
13.5850278438024970
13.5850278438024970
13.5850278438024970
13.5850278438024970
13.5850278438024970
13.5850278438024970
13.5850278438024970
13.5850278438024970
13.5850278438024970
13.5850278438024970
13.5850278438024970
13.5850278438024970
13.5850278438024970
13.5850278438024970
13.5850278438024970
13.5850278438024970
13.5850278438024970
13.5850278438024970
13.5850278438024970
13.5850278438024970
13.5850278438024970
13.5850278438024970
13.5850278438024970
13.5850278438024970
13.5850278438024970
13.5850278438024970
13.5850278438024970
13.5850278438024970
13.5850348483341390


13.5850278438024970
13.5850278438024970
13.5850278438024970
13.5850278438024970
13.5850278438024970
13.5850278438024970
13.5850278438024970
13.5850278438024970
13.5850278438024970
13.5850278438024970
13.5850278438024970
13.5850278438024970
13.5850278438024970
13.5850278438024970
13.5850278438024970
13.5850278438024970
13.5850278438024970
13.5850278438024970
13.5850278438024970
13.5850278438024970
13.5850278438024970
13.5850278438024970
13.5850278438024970
13.5850278438024970
13.5850278438024970
13.5850278438024970
13.5850278438024970
13.5850278438024970
13.5850278438024970
13.5850278438024970
13.5850278438024970
13.5850278438024970
13.5850278438024970
13.5850278438024970
13.5850278438024970
13.5850278438024970
13.5850278438024970
13.5850278438024970
13.5850278438024970
13.5850348483341390


13.5850278438024970
13.5850278438024970
13.5850278438024970
13.5850278438024970
13.5850278438024970
13.5850278438024970
13.5850278438024970
13.5850278438024970
13.5850278438024970
13.5850278438024970
13.5850278438024970
13.5850278438024970
13.5850278438024970
13.5850278438024970
13.5850278438024970
13.5850278438024970
13.5850278438024970
13.5850278438024970
13.5850278438024970
13.5850278438024970
13.5850278438024970
13.5850278438024970
13.5850278438024970
13.5850278438024970
13.5850278438024970
13.5850278438024970
13.5850278438024970
13.5850278438024970
13.5850278438024970
13.5850278438024970
13.5850278438024970
13.5850278438024970
13.5850278438024970
13.5850278438024970
13.5850278438024970
13.5850278438024970
13.5850278438024970
13.5850278438024970
13.5850278438024970
13.5850348483341390


13.5850278438024970
13.5850278438024970
13.5850278438024970
13.5850278438024970
13.5850278438024970
13.5850278438024970
13.5850278438024970
13.5850278438024970
13.5850278438024970
13.5850278438024970
13.5850278438024970
13.5850278438024970
13.5850278438024970
13.5850278438024970
13.5850278438024970
13.5850278438024970
13.5850278438024970
13.5850278438024970
13.5850278438024970
13.5850278438024970
13.5850278438024970
13.5850278438024970
13.5850278438024970
13.5850278438024970
13.5850278438024970
13.5850278438024970
13.5850278438024970
13.5850278438024970
13.5850278438024970
13.5850278438024970
13.5850278438024970
13.5850278438024970
13.5850278438024970
13.5850278438024970
13.5850278438024970
13.5850278438024970
13.5850278438024970
13.5850278438024970
13.5850278438024970
13.5850348483341390


13.5850278438024970
13.5850278438024970
13.5850278438024970
13.5850278438024970
13.5850278438024970
13.5850278438024970
13.5850278438024970
13.5850278438024970
13.5850278438024970
13.5850278438024970
13.5850278438024970
13.5850278438024970
13.5850278438024970
13.5850278438024970
13.5850278438024970
13.5850278438024970
13.5850278438024970
13.5850278438024970
13.5850278438024970
13.5850278438024970
13.5850278438024970
13.5850278438024970
13.5850278438024970
13.5850278438024970
13.5850278438024970
13.5850278438024970
13.5850278438024970
13.5850278438024970
13.5850278438024970
13.5850278438024970
13.5850278438024970
13.5850278438024970
13.5850278438024970
13.5850278438024970
13.5850278438024970
13.5850278438024970
13.5850278438024970
13.5850278438024970
13.5850278438024970
13.5850348483341390


13.5850278438024970
13.5850278438024970
13.5850278438024970
13.5850278438024970
13.5850278438024970
13.5850278438024970
13.5850278438024970
13.5850278438024970
13.5850278438024970
13.5850278438024970
13.5850278438024970
13.5850278438024970
13.5850278438024970
13.5850278438024970
13.5850278438024970
13.5850278438024970
13.5850278438024970
13.5850278438024970
13.5850278438024970
13.5850278438024970
13.5850278438024970
13.5850278438024970
13.5850278438024970
13.5850278438024970
13.5850278438024970
13.5850278438024970
13.5850278438024970
13.5850278438024970
13.5850278438024970
13.5850278438024970
13.5850278438024970
13.5850278438024970
13.5850278438024970
13.5850278438024970
13.5850278438024970
13.5850278438024970
13.5850278438024970
13.5850278438024970
13.5850278438024970
13.5850348483341390


13.5850278438024970
13.5850278438024970
13.5850278438024970
13.5850278438024970
13.5850278438024970
13.5850278438024970
13.5850278438024970
13.5850278438024970
13.5850278438024970
13.5850278438024970
13.5850278438024970
13.5850278438024970
13.5850278438024970
13.5850278438024970
13.5850278438024970
13.5850278438024970
13.5850278438024970
13.5850278438024970
13.5850278438024970
13.5850278438024970
13.5850278438024970
13.5850278438024970
13.5850278438024970
13.5850278438024970
13.5850278438024970
13.5850278438024970
13.5850278438024970
13.5850278438024970
13.5850278438024970
13.5850278438024970
13.5850278438024970
13.5850278438024970
13.5850278438024970
13.5850278438024970
13.5850278438024970
13.5850278438024970
13.5850278438024970
13.5850278438024970
13.5850278438024970
13.5850348483341390


13.5850278438024970
13.5850278438024970
13.5850278438024970
13.5850278438024970
13.5850278438024970
13.5850278438024970
13.5850278438024970
13.5850278438024970
13.5850278438024970
13.5850278438024970
13.5850278438024970
13.5850278438024970
13.5850278438024970
13.5850278438024970
13.5850278438024970
13.5850278438024970
13.5850278438024970
13.5850278438024970
13.5850278438024970
13.5850278438024970
13.5850278438024970
13.5850278438024970
13.5850278438024970
13.5850278438024970
13.5850278438024970
13.5850278438024970
13.5850278438024970
13.5850278438024970
13.5850278438024970
13.5850278438024970
13.5850278438024970
13.5850278438024970
13.5850278438024970
13.5850278438024970
13.5850278438024970
13.5850278438024970
13.5850278438024970
13.5850278438024970
13.5850278438024970
13.5850348483341390


13.5850278438024970
13.5850278438024970
13.5850278438024970
13.5850278438024970
13.5850278438024970
13.5850278438024970
13.5850278438024970
13.5850278438024970
13.5850278438024970
13.5850278438024970
13.5850278438024970
13.5850278438024970
13.5850278438024970
13.5850278438024970
13.5850278438024970
13.5850278438024970
13.5850278438024970
13.5850278438024970
13.5850278438024970
13.5850278438024970
13.5850278438024970
13.5850278438024970
13.5850278438024970
13.5850278438024970
13.5850278438024970
13.5850278438024970
13.5850278438024970
13.5850278438024970
13.5850278438024970
13.5850278438024970
13.5850278438024970
13.5850278438024970
13.5850278438024970
13.5850278438024970
13.5850278438024970
13.5850278438024970
13.5850278438024970
13.5850278438024970
13.5850278438024970
13.5850348483341390


13.5850278438024970
13.5850278438024970
13.5850278438024970
13.5850278438024970
13.5850278438024970
13.5850278438024970
13.5850278438024970
13.5850278438024970
13.5850278438024970
13.5850278438024970
13.5850278438024970
13.5850278438024970
13.5850278438024970
13.5850278438024970
13.5850278438024970
13.5850278438024970
13.5850278438024970
13.5850278438024970
13.5850278438024970
13.5850278438024970
13.5850278438024970
13.5850278438024970
13.5850278438024970
13.5850278438024970
13.5850278438024970
13.5850278438024970
13.5850278438024970
13.5850278438024970
13.5850278438024970
13.5850278438024970
13.5850278438024970
13.5850278438024970
13.5850278438024970
13.5850278438024970
13.5850278438024970
13.5850278438024970
13.5850278438024970
13.5850278438024970
13.5850278438024970
13.5850348483341390


13.5850278438024970
13.5850278438024970
13.5850278438024970
13.5850278438024970
13.5850278438024970
13.5850278438024970
13.5850278438024970
13.5850278438024970
13.5850278438024970
13.5850278438024970
13.5850278438024970
13.5850278438024970
13.5850278438024970
13.5850278438024970
13.5850278438024970
13.5850278438024970
13.5850278438024970
13.5850278438024970
13.5850278438024970
13.5850278438024970
13.5850278438024970
13.5850278438024970
13.5850278438024970
13.5850278438024970
13.5850278438024970
13.5850278438024970
13.5850278438024970
13.5850278438024970
13.5850278438024970
13.5850278438024970
13.5850278438024970
13.5850278438024970
13.5850278438024970
13.5850278438024970
13.5850278438024970
13.5850278438024970
13.5850278438024970
13.5850278438024970
13.5850278438024970
13.5850348483341390


13.5850278438024970
13.5850278438024970
13.5850278438024970
13.5850278438024970
13.5850278438024970
13.5850278438024970
13.5850278438024970
13.5850278438024970
13.5850278438024970
13.5850278438024970
13.5850278438024970
13.5850278438024970
13.5850278438024970
13.5850278438024970
13.5850278438024970
13.5850278438024970
13.5850278438024970
13.5850278438024970
13.5850278438024970
13.5850278438024970
13.5850278438024970
13.5850278438024970
13.5850278438024970
13.5850278438024970
13.5850278438024970
13.5850278438024970
13.5850278438024970
13.5850278438024970
13.5850278438024970
13.5850278438024970
13.5850278438024970
13.5850278438024970
13.5850278438024970
13.5850278438024970
13.5850278438024970
13.5850278438024970
13.5850278438024970
13.5850278438024970
13.5850278438024970
13.5850348483341390


13.5850278438024970
13.5850278438024970
13.5850278438024970
13.5850278438024970
13.5850278438024970
13.5850278438024970
13.5850278438024970
13.5850278438024970
13.5850278438024970
13.5850278438024970
13.5850278438024970
13.5850278438024970
13.5850278438024970
13.5850278438024970
13.5850278438024970
13.5850278438024970
13.5850278438024970
13.5850278438024970
13.5850278438024970
13.5850278438024970
13.5850278438024970
13.5850278438024970
13.5850278438024970
13.5850278438024970
13.5850278438024970
13.5850278438024970
13.5850278438024970
13.5850278438024970
13.5850278438024970
13.5850278438024970
13.5850278438024970
13.5850278438024970
13.5850278438024970
13.5850278438024970
13.5850278438024970
13.5850278438024970
13.5850278438024970
13.5850278438024970
13.5850278438024970
13.5850348483341390


13.5850278438024970
13.5850278438024970
13.5850278438024970
13.5850278438024970
13.5850278438024970
13.5850278438024970
13.5850278438024970
13.5850278438024970
13.5850278438024970
13.5850278438024970
13.5850278438024970
13.5850278438024970
13.5850278438024970
13.5850278438024970
13.5850278438024970
13.5850278438024970
13.5850278438024970
13.5850278438024970
13.5850278438024970
13.5850278438024970
13.5850278438024970
13.5850278438024970
13.5850278438024970
13.5850278438024970
13.5850278438024970
13.5850278438024970
13.5850278438024970
13.5850278438024970
13.5850278438024970
13.5850278438024970
13.5850278438024970
13.5850278438024970
13.5850278438024970
13.5850278438024970
13.5850278438024970
13.5850278438024970
13.5850278438024970
13.5850278438024970
13.5850278438024970
13.5850348483341390


13.5850278438024970
13.5850278438024970
13.5850278438024970
13.5850278438024970
13.5850278438024970
13.5850278438024970
13.5850278438024970
13.5850278438024970
13.5850278438024970
13.5850278438024970
13.5850278438024970
13.5850278438024970
13.5850278438024970
13.5850278438024970
13.5850278438024970
13.5850278438024970
13.5850278438024970
13.5850278438024970
13.5850278438024970
13.5850278438024970
13.5850278438024970
13.5850278438024970
13.5850278438024970
13.5850278438024970
13.5850278438024970
13.5850278438024970
13.5850278438024970
13.5850278438024970
13.5850278438024970
13.5850278438024970
13.5850278438024970
13.5850278438024970
13.5850278438024970
13.5850278438024970
13.5850278438024970
13.5850278438024970
13.5850278438024970
13.5850278438024970
13.5850278438024970
13.5850348483341390


13.5850278438024970
13.5850278438024970
13.5850278438024970
13.5850278438024970
13.5850278438024970
13.5850278438024970
13.5850278438024970
13.5850278438024970
13.5850278438024970
13.5850278438024970
13.5850278438024970
13.5850278438024970
13.5850278438024970
13.5850278438024970
13.5850278438024970
13.5850278438024970
13.5850278438024970
13.5850278438024970
13.5850278438024970
13.5850278438024970
13.5850278438024970
13.5850278438024970
13.5850278438024970
13.5850278438024970
13.5850278438024970
13.5850278438024970
13.5850278438024970
13.5850278438024970
13.5850278438024970
13.5850278438024970
13.5850278438024970
13.5850278438024970
13.5850278438024970
13.5850278438024970
13.5850278438024970
13.5850278438024970
13.5850278438024970
13.5850278438024970
13.5850278438024970
13.5850348483341390


13.5850278438024970
13.5850278438024970
13.5850278438024970
13.5850278438024970
13.5850278438024970
13.5850278438024970
13.5850278438024970
13.5850278438024970
13.5850278438024970
13.5850278438024970
13.5850278438024970
13.5850278438024970
13.5850278438024970
13.5850278438024970
13.5850278438024970
13.5850278438024970
13.5850278438024970
13.5850278438024970
13.5850278438024970
13.5850278438024970
13.5850278438024970
13.5850278438024970
13.5850278438024970
13.5850278438024970
13.5850278438024970
13.5850278438024970
13.5850278438024970
13.5850278438024970
13.5850278438024970
13.5850278438024970
13.5850278438024970
13.5850278438024970
13.5850278438024970
13.5850278438024970
13.5850278438024970
13.5850278438024970
13.5850278438024970
13.5850278438024970
13.5850278438024970
13.5850348483341390


13.5850278438024970
13.5850278438024970
13.5850278438024970
13.5850278438024970
13.5850278438024970
13.5850278438024970
13.5850278438024970
13.5850278438024970
13.5850278438024970
13.5850278438024970
13.5850278438024970
13.5850278438024970
13.5850278438024970
13.5850278438024970
13.5850278438024970
13.5850278438024970
13.5850278438024970
13.5850278438024970
13.5850278438024970
13.5850278438024970
13.5850278438024970
13.5850278438024970
13.5850278438024970
13.5850278438024970
13.5850278438024970
13.5850278438024970
13.5850278438024970
13.5850278438024970
13.5850278438024970
13.5850278438024970
13.5850278438024970
13.5850278438024970
13.5850278438024970
13.5850278438024970
13.5850278438024970
13.5850278438024970
13.5850278438024970
13.5850278438024970
13.5850278438024970
13.5850348483341390


13.5850278438024970
13.5850278438024970
13.5850278438024970
13.5850278438024970
13.5850278438024970
13.5850278438024970
13.5850278438024970
13.5850278438024970
13.5850278438024970
13.5850278438024970
13.5850278438024970
13.5850278438024970
13.5850278438024970
13.5850278438024970
13.5850278438024970
13.5850278438024970
13.5850278438024970
13.5850278438024970
13.5850278438024970
13.5850278438024970
13.5850278438024970
13.5850278438024970
13.5850278438024970
13.5850278438024970
13.5850278438024970
13.5850278438024970
13.5850278438024970
13.5850278438024970
13.5850278438024970
13.5850278438024970
13.5850278438024970
13.5850278438024970
13.5850278438024970
13.5850278438024970
13.5850278438024970
13.5850278438024970
13.5850278438024970
13.5850278438024970
13.5850278438024970
13.5850348483341390


13.5850278438024970
13.5850278438024970
13.5850278438024970
13.5850278438024970
13.5850278438024970
13.5850278438024970
13.5850278438024970
13.5850278438024970
13.5850278438024970
13.5850278438024970
13.5850278438024970
13.5850278438024970
13.5850278438024970
13.5850278438024970
13.5850278438024970
13.5850278438024970
13.5850278438024970
13.5850278438024970
13.5850278438024970
13.5850278438024970
13.5850278438024970
13.5850278438024970
13.5850278438024970
13.5850278438024970
13.5850278438024970
13.5850278438024970
13.5850278438024970
13.5850278438024970
13.5850278438024970
13.5850278438024970
13.5850278438024970
13.5850278438024970
13.5850278438024970
13.5850278438024970
13.5850278438024970
13.5850278438024970
13.5850278438024970
13.5850278438024970
13.5850278438024970
13.5850348483341390


13.5850278438024970
13.5850278438024970
13.5850278438024970
13.5850278438024970
13.5850278438024970
13.5850278438024970
13.5850278438024970
13.5850278438024970
13.5850278438024970
13.5850278438024970
13.5850278438024970
13.5850278438024970
13.5850278438024970
13.5850278438024970
13.5850278438024970
13.5850278438024970
13.5850278438024970
13.5850278438024970
13.5850278438024970
13.5850278438024970
13.5850278438024970
13.5850278438024970
13.5850278438024970
13.5850278438024970
13.5850278438024970
13.5850278438024970
13.5850278438024970
13.5850278438024970
13.5850278438024970
13.5850278438024970
13.5850278438024970
13.5850278438024970
13.5850278438024970
13.5850278438024970
13.5850278438024970
13.5850278438024970
13.5850278438024970
13.5850278438024970
13.5850278438024970
13.5850348483341390


13.5850278438024970
13.5850278438024970
13.5850278438024970
13.5850278438024970
13.5850278438024970
13.5850278438024970
13.5850278438024970
13.5850278438024970
13.5850278438024970
13.5850278438024970
13.5850278438024970
13.5850278438024970
13.5850278438024970
13.5850278438024970
13.5850278438024970
13.5850278438024970
13.5850278438024970
13.5850278438024970
13.5850278438024970
13.5850278438024970
13.5850278438024970
13.5850278438024970
13.5850278438024970
13.5850278438024970
13.5850278438024970
13.5850278438024970
13.5850278438024970
13.5850278438024970
13.5850278438024970
13.5850278438024970
13.5850278438024970
13.5850278438024970
13.5850278438024970
13.5850278438024970
13.5850278438024970
13.5850278438024970
13.5850278438024970
13.5850278438024970
13.5850278438024970
13.5850348483341390


13.5850278438024970
13.5850278438024970
13.5850278438024970
13.5850278438024970
13.5850278438024970
13.5850278438024970
13.5850278438024970
13.5850278438024970
13.5850278438024970
13.5850278438024970
13.5850278438024970
13.5850278438024970
13.5850278438024970
13.5850278438024970
13.5850278438024970
13.5850278438024970
13.5850278438024970
13.5850278438024970
13.5850278438024970
13.5850278438024970
13.5850278438024970
13.5850278438024970
13.5850278438024970
13.5850278438024970
13.5850278438024970
13.5850278438024970
13.5850278438024970
13.5850278438024970
13.5850278438024970
13.5850278438024970
13.5850278438024970
13.5850278438024970
13.5850278438024970
13.5850278438024970
13.5850278438024970
13.5850278438024970
13.5850278438024970
13.5850278438024970
13.5850278438024970
13.5850348483341390


13.5850278438024970
13.5850278438024970
13.5850278438024970
13.5850278438024970
13.5850278438024970
13.5850278438024970
13.5850278438024970
13.5850278438024970
13.5850278438024970
13.5850278438024970
13.5850278438024970
13.5850278438024970
13.5850278438024970
13.5850278438024970
13.5850278438024970
13.5850278438024970
13.5850278438024970
13.5850278438024970
13.5850278438024970
13.5850278438024970
13.5850278438024970
13.5850278438024970
13.5850278438024970
13.5850278438024970
13.5850278438024970
13.5850278438024970
13.5850278438024970
13.5850278438024970
13.5850278438024970
13.5850278438024970
13.5850278438024970
13.5850278438024970
13.5850278438024970
13.5850278438024970
13.5850278438024970
13.5850278438024970
13.5850278438024970
13.5850278438024970
13.5850278438024970
13.5850348483341390


13.5850278438024970
13.5850278438024970
13.5850278438024970
13.5850278438024970
13.5850278438024970
13.5850278438024970
13.5850278438024970
13.5850278438024970
13.5850278438024970
13.5850278438024970
13.5850278438024970
13.5850278438024970
13.5850278438024970
13.5850278438024970
13.5850278438024970
13.5850278438024970
13.5850278438024970
13.5850278438024970
13.5850278438024970
13.5850278438024970
13.5850278438024970
13.5850278438024970
13.5850278438024970
13.5850278438024970
13.5850278438024970
13.5850278438024970
13.5850278438024970
13.5850278438024970
13.5850278438024970
13.5850278438024970
13.5850278438024970
13.5850278438024970
13.5850278438024970
13.5850278438024970
13.5850278438024970
13.5850278438024970
13.5850278438024970
13.5850278438024970
13.5850278438024970
13.5850348483341390


13.5850278438024970
13.5850278438024970
13.5850278438024970
13.5850278438024970
13.5850278438024970
13.5850278438024970
13.5850278438024970
13.5850278438024970
13.5850278438024970
13.5850278438024970
13.5850278438024970
13.5850278438024970
13.5850278438024970
13.5850278438024970
13.5850278438024970
13.5850278438024970
13.5850278438024970
13.5850278438024970
13.5850278438024970
13.5850278438024970
13.5850278438024970
13.5850278438024970
13.5850278438024970
13.5850278438024970
13.5850278438024970
13.5850278438024970
13.5850278438024970
13.5850278438024970
13.5850278438024970
13.5850278438024970
13.5850278438024970
13.5850278438024970
13.5850278438024970
13.5850278438024970
13.5850278438024970
13.5850278438024970
13.5850278438024970
13.5850278438024970
13.5850278438024970
13.5850348483341390


13.5850278438024970
13.5850278438024970
13.5850278438024970
13.5850278438024970
13.5850278438024970
13.5850278438024970
13.5850278438024970
13.5850278438024970
13.5850278438024970
13.5850278438024970
13.5850278438024970
13.5850278438024970
13.5850278438024970
13.5850278438024970
13.5850278438024970
13.5850278438024970
13.5850278438024970
13.5850278438024970
13.5850278438024970
13.5850278438024970
13.5850278438024970
13.5850278438024970
13.5850278438024970
13.5850278438024970
13.5850278438024970
13.5850278438024970
13.5850278438024970
13.5850278438024970
13.5850278438024970
13.5850278438024970
13.5850278438024970
13.5850278438024970
13.5850278438024970
13.5850278438024970
13.5850278438024970
13.5850278438024970
13.5850278438024970
13.5850278438024970
13.5850278438024970
13.5850348483341390


13.5850278438024970
13.5850278438024970
13.5850278438024970
13.5850278438024970
13.5850278438024970
13.5850278438024970
13.5850278438024970
13.5850278438024970
13.5850278438024970
13.5850278438024970
13.5850278438024970
13.5850278438024970
13.5850278438024970
13.5850278438024970
13.5850278438024970
13.5850278438024970
13.5850278438024970
13.5850278438024970
13.5850278438024970
13.5850278438024970
13.5850278438024970
13.5850278438024970
13.5850278438024970
13.5850278438024970
13.5850278438024970
13.5850278438024970
13.5850278438024970
13.5850278438024970
13.5850278438024970
13.5850278438024970
13.5850278438024970
13.5850278438024970
13.5850278438024970
13.5850278438024970
13.5850278438024970
13.5850278438024970
13.5850278438024970
13.5850278438024970
13.5850278438024970
13.5850348483341390


13.5850278438024970
13.5850278438024970
13.5850278438024970
13.5850278438024970
13.5850278438024970
13.5850278438024970
13.5850278438024970
13.5850278438024970
13.5850278438024970
13.5850278438024970
13.5850278438024970
13.5850278438024970
13.5850278438024970
13.5850278438024970
13.5850278438024970
13.5850278438024970
13.5850278438024970
13.5850278438024970
13.5850278438024970
13.5850278438024970
13.5850278438024970
13.5850278438024970
13.5850278438024970
13.5850278438024970
13.5850278438024970
13.5850278438024970
13.5850278438024970
13.5850278438024970
13.5850278438024970
13.5850278438024970
13.5850278438024970
13.5850278438024970
13.5850278438024970
13.5850278438024970
13.5850278438024970
13.5850278438024970
13.5850278438024970
13.5850278438024970
13.5850278438024970
13.5850348483341390


13.5850278438024970
13.5850278438024970
13.5850278438024970
13.5850278438024970
13.5850278438024970
13.5850278438024970
13.5850278438024970
13.5850278438024970
13.5850278438024970
13.5850278438024970
13.5850278438024970
13.5850278438024970
13.5850278438024970
13.5850278438024970
13.5850278438024970
13.5850278438024970
13.5850278438024970
13.5850278438024970
13.5850278438024970
13.5850278438024970
13.5850278438024970
13.5850278438024970
13.5850278438024970
13.5850278438024970
13.5850278438024970
13.5850278438024970
13.5850278438024970
13.5850278438024970
13.5850278438024970
13.5850278438024970
13.5850278438024970
13.5850278438024970
13.5850278438024970
13.5850278438024970
13.5850278438024970
13.5850278438024970
13.5850278438024970
13.5850278438024970
13.5850278438024970
13.5850348483341390


13.5850278438024970
13.5850278438024970
13.5850278438024970
13.5850278438024970
13.5850278438024970
13.5850278438024970
13.5850278438024970
13.5850278438024970
13.5850278438024970
13.5850278438024970
13.5850278438024970
13.5850278438024970
13.5850278438024970
13.5850278438024970
13.5850278438024970
13.5850278438024970
13.5850278438024970
13.5850278438024970
13.5850278438024970
13.5850278438024970
13.5850278438024970
13.5850278438024970
13.5850278438024970
13.5850278438024970
13.5850278438024970
13.5850278438024970
13.5850278438024970
13.5850278438024970
13.5850278438024970
13.5850278438024970
13.5850278438024970
13.5850278438024970
13.5850278438024970
13.5850278438024970
13.5850278438024970
13.5850278438024970
13.5850278438024970
13.5850278438024970
13.5850278438024970
13.5850348483341390


13.5850278438024970
13.5850278438024970
13.5850278438024970
13.5850278438024970
13.5850278438024970
13.5850278438024970
13.5850278438024970
13.5850278438024970
13.5850278438024970
13.5850278438024970
13.5850278438024970
13.5850278438024970
13.5850278438024970
13.5850278438024970
13.5850278438024970
13.5850278438024970
13.5850278438024970
13.5850278438024970
13.5850278438024970
13.5850278438024970
13.5850278438024970
13.5850278438024970
13.5850278438024970
13.5850278438024970
13.5850278438024970
13.5850278438024970
13.5850278438024970
13.5850278438024970
13.5850278438024970
13.5850278438024970
13.5850278438024970
13.5850278438024970
13.5850278438024970
13.5850278438024970
13.5850278438024970
13.5850278438024970
13.5850278438024970
13.5850278438024970
13.5850278438024970
13.5850348483341390


13.5850278438024970
13.5850278438024970
13.5850278438024970
13.5850278438024970
13.5850278438024970
13.5850278438024970
13.5850278438024970
13.5850278438024970
13.5850278438024970
13.5850278438024970
13.5850278438024970
13.5850278438024970
13.5850278438024970
13.5850278438024970
13.5850278438024970
13.5850278438024970
13.5850278438024970
13.5850278438024970
13.5850278438024970
13.5850278438024970
13.5850278438024970
13.5850278438024970
13.5850278438024970
13.5850278438024970
13.5850278438024970
13.5850278438024970
13.5850278438024970
13.5850278438024970
13.5850278438024970
13.5850278438024970
13.5850278438024970
13.5850278438024970
13.5850278438024970
13.5850278438024970
13.5850278438024970
13.5850278438024970
13.5850278438024970
13.5850278438024970
13.5850278438024970
13.5850348483341390


13.5850278438024970
13.5850278438024970
13.5850278438024970
13.5850278438024970
13.5850278438024970
13.5850278438024970
13.5850278438024970
13.5850278438024970
13.5850278438024970
13.5850278438024970
13.5850278438024970
13.5850278438024970
13.5850278438024970
13.5850278438024970
13.5850278438024970
13.5850278438024970
13.5850278438024970
13.5850278438024970
13.5850278438024970
13.5850278438024970
13.5850278438024970
13.5850278438024970
13.5850278438024970
13.5850278438024970
13.5850278438024970
13.5850278438024970
13.5850278438024970
13.5850278438024970
13.5850278438024970
13.5850278438024970
13.5850278438024970
13.5850278438024970
13.5850278438024970
13.5850278438024970
13.5850278438024970
13.5850278438024970
13.5850278438024970
13.5850278438024970
13.5850278438024970
13.5850348483341390


13.5850278438024970
13.5850278438024970
13.5850278438024970
13.5850278438024970
13.5850278438024970
13.5850278438024970
13.5850278438024970
13.5850278438024970
13.5850278438024970
13.5850278438024970
13.5850278438024970
13.5850278438024970
13.5850278438024970
13.5850278438024970
13.5850278438024970
13.5850278438024970
13.5850278438024970
13.5850278438024970
13.5850278438024970
13.5850278438024970
13.5850278438024970
13.5850278438024970
13.5850278438024970
13.5850278438024970
13.5850278438024970
13.5850278438024970
13.5850278438024970
13.5850278438024970
13.5850278438024970
13.5850278438024970
13.5850278438024970
13.5850278438024970
13.5850278438024970
13.5850278438024970
13.5850278438024970
13.5850278438024970
13.5850278438024970
13.5850278438024970
13.5850278438024970
13.5850348483341390


13.5850278438024970
13.5850278438024970
13.5850278438024970
13.5850278438024970
13.5850278438024970
13.5850278438024970
13.5850278438024970
13.5850278438024970
13.5850278438024970
13.5850278438024970
13.5850278438024970
13.5850278438024970
13.5850278438024970
13.5850278438024970
13.5850278438024970
13.5850278438024970
13.5850278438024970
13.5850278438024970
13.5850278438024970
13.5850278438024970
13.5850278438024970
13.5850278438024970
13.5850278438024970
13.5850278438024970
13.5850278438024970
13.5850278438024970
13.5850278438024970
13.5850278438024970
13.5850278438024970
13.5850278438024970
13.5850278438024970
13.5850278438024970
13.5850278438024970
13.5850278438024970
13.5850278438024970
13.5850278438024970
13.5850278438024970
13.5850278438024970
13.5850278438024970
13.5850348483341390


13.5850278438024970
13.5850278438024970
13.5850278438024970
13.5850278438024970
13.5850278438024970
13.5850278438024970
13.5850278438024970
13.5850278438024970
13.5850278438024970
13.5850278438024970
13.5850278438024970
13.5850278438024970
13.5850278438024970
13.5850278438024970
13.5850278438024970
13.5850278438024970
13.5850278438024970
13.5850278438024970
13.5850278438024970
13.5850278438024970
13.5850278438024970
13.5850278438024970
13.5850278438024970
13.5850278438024970
13.5850278438024970
13.5850278438024970
13.5850278438024970
13.5850278438024970
13.5850278438024970
13.5850278438024970
13.5850278438024970
13.5850278438024970
13.5850278438024970
13.5850278438024970
13.5850278438024970
13.5850278438024970
13.5850278438024970
13.5850278438024970
13.5850278438024970
13.5850348483341390


13.5850278438024970
13.5850278438024970
13.5850278438024970
13.5850278438024970
13.5850278438024970
13.5850278438024970
13.5850278438024970
13.5850278438024970
13.5850278438024970
13.5850278438024970
13.5850278438024970
13.5850278438024970
13.5850278438024970
13.5850278438024970
13.5850278438024970
13.5850278438024970
13.5850278438024970
13.5850278438024970
13.5850278438024970
13.5850278438024970
13.5850278438024970
13.5850278438024970
13.5850278438024970
13.5850278438024970
13.5850278438024970
13.5850278438024970
13.5850278438024970
13.5850278438024970
13.5850278438024970
13.5850278438024970
13.5850278438024970
13.5850278438024970
13.5850278438024970
13.5850278438024970
13.5850278438024970
13.5850278438024970
13.5850278438024970
13.5850278438024970
13.5850278438024970
13.5850348483341390


13.5850278438024970
13.5850278438024970
13.5850278438024970
13.5850278438024970
13.5850278438024970
13.5850278438024970
13.5850278438024970
13.5850278438024970
13.5850278438024970
13.5850278438024970
13.5850278438024970
13.5850278438024970
13.5850278438024970
13.5850278438024970
13.5850278438024970
13.5850278438024970
13.5850278438024970
13.5850278438024970
13.5850278438024970
13.5850278438024970
13.5850278438024970
13.5850278438024970
13.5850278438024970
13.5850278438024970
13.5850278438024970
13.5850278438024970
13.5850278438024970
13.5850278438024970
13.5850278438024970
13.5850278438024970
13.5850278438024970
13.5850278438024970
13.5850278438024970
13.5850278438024970
13.5850278438024970
13.5850278438024970
13.5850278438024970
13.5850278438024970
13.5850278438024970
13.5850348483341390


13.5850278438024970
13.5850278438024970
13.5850278438024970
13.5850278438024970
13.5850278438024970
13.5850278438024970
13.5850278438024970
13.5850278438024970
13.5850278438024970
13.5850278438024970
13.5850278438024970
13.5850278438024970
13.5850278438024970
13.5850278438024970
13.5850278438024970
13.5850278438024970
13.5850278438024970
13.5850278438024970
13.5850278438024970
13.5850278438024970
13.5850278438024970
13.5850278438024970
13.5850278438024970
13.5850278438024970
13.5850278438024970
13.5850278438024970
13.5850278438024970
13.5850278438024970
13.5850278438024970
13.5850278438024970
13.5850278438024970
13.5850278438024970
13.5850278438024970
13.5850278438024970
13.5850278438024970
13.5850278438024970
13.5850278438024970
13.5850278438024970
13.5850278438024970
13.5850348483341390


13.5850278438024970
13.5850278438024970
13.5850278438024970
13.5850278438024970
13.5850278438024970
13.5850278438024970
13.5850278438024970
13.5850278438024970
13.5850278438024970
13.5850278438024970
13.5850278438024970
13.5850278438024970
13.5850278438024970
13.5850278438024970
13.5850278438024970
13.5850278438024970
13.5850278438024970
13.5850278438024970
13.5850278438024970
13.5850278438024970
13.5850278438024970
13.5850278438024970
13.5850278438024970
13.5850278438024970
13.5850278438024970
13.5850278438024970
13.5850278438024970
13.5850278438024970
13.5850278438024970
13.5850278438024970
13.5850278438024970
13.5850278438024970
13.5850278438024970
13.5850278438024970
13.5850278438024970
13.5850278438024970
13.5850278438024970
13.5850278438024970
13.5850278438024970
13.5850348483341390


13.5850278438024970
13.5850278438024970
13.5850278438024970
13.5850278438024970
13.5850278438024970
13.5850278438024970
13.5850278438024970
13.5850278438024970
13.5850278438024970
13.5850278438024970
13.5850278438024970
13.5850278438024970
13.5850278438024970
13.5850278438024970
13.5850278438024970
13.5850278438024970
13.5850278438024970
13.5850278438024970
13.5850278438024970
13.5850278438024970
13.5850278438024970
13.5850278438024970
13.5850278438024970
13.5850278438024970
13.5850278438024970
13.5850278438024970
13.5850278438024970
13.5850278438024970
13.5850278438024970
13.5850278438024970
13.5850278438024970
13.5850278438024970
13.5850278438024970
13.5850278438024970
13.5850278438024970
13.5850278438024970
13.5850278438024970
13.5850278438024970
13.5850278438024970
13.5850348483341390


13.5850278438024970
13.5850278438024970
13.5850278438024970
13.5850278438024970
13.5850278438024970
13.5850278438024970
13.5850278438024970
13.5850278438024970
13.5850278438024970
13.5850278438024970
13.5850278438024970
13.5850278438024970
13.5850278438024970
13.5850278438024970
13.5850278438024970
13.5850278438024970
13.5850278438024970
13.5850278438024970
13.5850278438024970
13.5850278438024970
13.5850278438024970
13.5850278438024970
13.5850278438024970
13.5850278438024970
13.5850278438024970
13.5850278438024970
13.5850278438024970
13.5850278438024970
13.5850278438024970
13.5850278438024970
13.5850278438024970
13.5850278438024970
13.5850278438024970
13.5850278438024970
13.5850278438024970
13.5850278438024970
13.5850278438024970
13.5850278438024970
13.5850278438024970
13.5850348483341390


13.5850278438024970
13.5850278438024970
13.5850278438024970
13.5850278438024970
13.5850278438024970
13.5850278438024970
13.5850278438024970
13.5850278438024970
13.5850278438024970
13.5850278438024970
13.5850278438024970
13.5850278438024970
13.5850278438024970
13.5850278438024970
13.5850278438024970
13.5850278438024970
13.5850278438024970
13.5850278438024970
13.5850278438024970
13.5850278438024970
13.5850278438024970
13.5850278438024970
13.5850278438024970
13.5850278438024970
13.5850278438024970
13.5850278438024970
13.5850278438024970
13.5850278438024970
13.5850278438024970
13.5850278438024970
13.5850278438024970
13.5850278438024970
13.5850278438024970
13.5850278438024970
13.5850278438024970
13.5850278438024970
13.5850278438024970
13.5850278438024970
13.5850278438024970
13.5850348483341390


13.5850278438024970
13.5850278438024970
13.5850278438024970
13.5850278438024970
13.5850278438024970
13.5850278438024970
13.5850278438024970
13.5850278438024970
13.5850278438024970
13.5850278438024970
13.5850278438024970
13.5850278438024970
13.5850278438024970
13.5850278438024970
13.5850278438024970
13.5850278438024970
13.5850278438024970
13.5850278438024970
13.5850278438024970
13.5850278438024970
13.5850278438024970
13.5850278438024970
13.5850278438024970
13.5850278438024970
13.5850278438024970
13.5850278438024970
13.5850278438024970
13.5850278438024970
13.5850278438024970
13.5850278438024970
13.5850278438024970
13.5850278438024970
13.5850278438024970
13.5850278438024970
13.5850278438024970
13.5850278438024970
13.5850278438024970
13.5850278438024970
13.5850278438024970
13.5850348483341390


13.5850278438024970
13.5850278438024970
13.5850278438024970
13.5850278438024970
13.5850278438024970
13.5850278438024970
13.5850278438024970
13.5850278438024970
13.5850278438024970
13.5850278438024970
13.5850278438024970
13.5850278438024970
13.5850278438024970
13.5850278438024970
13.5850278438024970
13.5850278438024970
13.5850278438024970
13.5850278438024970
13.5850278438024970
13.5850278438024970
13.5850278438024970
13.5850278438024970
13.5850278438024970
13.5850278438024970
13.5850278438024970
13.5850278438024970
13.5850278438024970
13.5850278438024970
13.5850278438024970
13.5850278438024970
13.5850278438024970
13.5850278438024970
13.5850278438024970
13.5850278438024970
13.5850278438024970
13.5850278438024970
13.5850278438024970
13.5850278438024970
13.5850278438024970
13.5850348483341390


