0.1745736114644639
0.1980220883213290
0.3364780780571512
0.3364780780571512
0.6147884557230294
0.9077325782918038
0.9107731811364394
1.2457426824940736
1.5939704957345660
1.8540713397718229
1.9496317771222387
2.4848148708818369
3.4802775322986483
4.5928959360715913
4.5928959360715913
4.5928959360715913
4.5928959360715913
4.6323218655104155
4.6323218655104155
4.7473161484955018


1.1968051693202366
1.2089109221656835
1.8540713397718229
1.9496317771222387
3.4802775322986483
4.5180376937490969
4.5928959360715913
4.5928959360715913
4.5928959360715913
4.5928959360715913
4.6323218655104155
4.6323218655104155
4.6323218655104155
4.6323218655104155
4.6323218655104155
4.6323218655104155
4.7473161484955018
4.7748627761384128
4.9467625340965036
6.5350786230696434


4.5180376937490969
4.5928959360715913
4.5928959360715913
4.5928959360715913
4.5929015009187193
4.6323218655104155
4.6323218655104155
4.6323218655104155
4.6323218655104155
4.7473161484955018
4.7748627761384128
4.7748627761384128
4.9467560273310749
4.9467625340965036
4.9467625340965036
4.9467625340965036
4.9467625340965036
4.9467625340965036
5.1147261928137668
6.5350786230696434


4.6323218655104155
4.6323218655104155
4.6323290580763583
4.6797865439767561
4.6815181557328449
4.7748627761384128
4.7748627761384128
4.9467625340965036
4.9467625340965036
4.9467625340965036
4.9467625340965036
4.9467625340965036
5.1147178910680822
5.1147261928137668
5.1147261928137668
5.1147261928137668
5.1147261928137668
5.1147261928137668
5.4717056131750237
6.5350786230696434


4.6815181557328449
4.7748837635345724
4.9467625340965036
4.9467625340965036
4.9467625340965036
4.9467625340965036
5.0422139355800057
5.1147261928137668
5.1147261928137668
5.1147261928137668
5.1147261928137668
5.1147261928137668
5.2764912513261617
5.4716843737299090
5.4717056131750237
5.4717056131750237
5.4717056131750237
5.4717056131750237
5.6479326853501561
6.5350786230696434


4.9467625340965036
5.1147261928137668
5.1147261928137668
5.1147261928137668
5.1147261928137668
5.1147690982456115
5.1394381322338383
5.4507650299232662
5.4717056131750237
5.4717056131750237
5.4717056131750237
5.4717056131750237
5.4717056131750237
5.4717056131750237
5.6479326853501561
5.6479326853501561
5.6479326853501561
5.6479326853501561
5.6596985085597282
6.5350786230696434


5.1147484210525000
5.2765359447361018
5.4507650299232662
5.4507650299232662
5.4717056131750237
5.4717056131750237
5.4717056131750237
5.4718082629900184
5.6479326853501561
5.6479326853501561
5.6479326853501561
5.6479326853501561
5.6479326853501561
5.6596985085597282
5.6596985085597282
5.6596985085597282
5.6596985085597282
5.6597212143991928
5.6814611896998768
6.5350786230696434


5.4717056131750237
5.4717082685092535
5.4718082629900184
5.4718082629900184
5.6479326853501561
5.6479326853501561
5.6480879933083186
5.6596985085597282
5.6596985085597282
5.6596985085597282
5.6596985085597282
5.6597212143991928
5.6597212143991928
5.6814584198027909
5.6814611896998768
5.6814611896998768
5.6814611896998768
5.6814611896998768
5.6814611896998768
6.5350786230696434


5.6479354368482317
5.6479553167320695
5.6480879933083186
5.6545930906566930
5.6596985085597282
5.6596985085597282
5.6597212143991928
5.6814383119119842
5.6814584198027909
5.6814611896998768
5.6814611896998768
5.6814611896998768
5.6814611896998768
5.6814611896998768
5.6814611896998768
5.6814611896998768
5.6814611896998768
5.6814611896998768
5.8644300302453480
6.5350786230696434


5.6596985085597282
5.6597012665676729
5.6597212143991928
5.6763304174106342
5.6814383119119842
5.6814584198027909
5.6814611896998768
5.6814611896998768
5.6814611896998768
5.6814611896998768
5.6814611896998768
5.6814611896998768
5.6814611896998768
5.8644300302453480
5.8644300302453480
5.8644300302453480
5.8644300302453480
5.8644300302453480
5.8644300302453480
6.5350786230696434


5.6814584198027909
5.6814584198027909
5.6814611896998768
5.6814611896998768
5.6814611896998768
5.6814611896998768
5.6814611896998768
5.8644300302453480
5.8644300302453480
5.8644300302453480
5.8644300302453480
5.8644300302453480
5.8644300302453480
5.8644300302453480
5.8644300302453480
5.8644300302453480
5.8644300302453480
5.8644300302453480
5.8644543813757224
6.5350786230696434


5.6814611896998768
5.6814611896998768
5.8644300302453480
5.8644300302453480
5.8644300302453480
5.8644300302453480
5.8644300302453480
5.8644300302453480
5.8644300302453480
5.8644300302453480
5.8644300302453480
5.8644300302453480
5.8644329004425568
5.8644543813757224
5.8644543813757224
5.8644543813757224
5.8644543813757224
5.8644543813757224
5.8644543813757224
6.5350786230696434


5.8644300302453480
5.8644300302453480
5.8644300302453480
5.8644300302453480
5.8644300302453480
5.8644300302453480
5.8644300302453480
5.8644543813757224
5.8644543813757224
5.8644543813757224
5.8644543813757224
5.8644543813757224
5.8644543813757224
5.8644543813757224
5.8644543813757224
5.8644543813757224
5.8644543813757224
5.8644543813757224
5.8644543813757224
6.5350786230696434


5.8644300302453480
5.8644300302453480
5.8644300302453480
5.8644543813757224
5.8644543813757224
5.8644543813757224
5.8644543813757224
5.8644543813757224
5.8644543813757224
5.8644543813757224
5.8644543813757224
5.8644543813757224
5.8644543813757224
5.8644543813757224
5.8644543813757224
5.8644543813757224
5.8644543813757224
5.8644543813757224
5.8644543813757224
6.5350786230696434


5.8644543813757224
5.8644543813757224
5.8644543813757224
5.8644543813757224
5.8644543813757224
5.8644543813757224
5.8644543813757224
5.8644543813757224
5.8644543813757224
5.8644543813757224
5.8644543813757224
5.8644543813757224
5.8644543813757224
5.8644543813757224
5.8644543813757224
5.8644543813757224
5.8644543813757224
5.8644543813757224
5.8644543813757224
6.5350786230696434


5.8644543813757224
5.8644543813757224
5.8644543813757224
5.8644543813757224
5.8644543813757224
5.8644543813757224
5.8644543813757224
5.8644543813757224
5.8644543813757224
5.8644543813757224
5.8644543813757224
5.8644543813757224
5.8644543813757224
5.8644543813757224
5.8644543813757224
5.8644543813757224
5.8644543813757224
5.8644543813757224
5.8644543813757224
6.5350786230696434


5.8644543813757224
5.8644543813757224
5.8644543813757224
5.8644543813757224
5.8644543813757224
5.8644543813757224
5.8644543813757224
5.8644543813757224
5.8644543813757224
5.8644543813757224
5.8644543813757224
5.8644543813757224
5.8644543813757224
5.8644543813757224
5.8644543813757224
5.8644543813757224
5.8644543813757224
5.8644543813757224
5.8644543813757224
6.5350786230696434


5.8644543813757224
5.8644543813757224
5.8644543813757224
5.8644543813757224
5.8644543813757224
5.8644543813757224
5.8644543813757224
5.8644543813757224
5.8644543813757224
5.8644543813757224
5.8644543813757224
5.8644543813757224
5.8644543813757224
5.8644543813757224
5.8644543813757224
5.8644543813757224
5.8644543813757224
5.8644543813757224
5.8644543813757224
6.5350786230696434


5.8644543813757224
5.8644543813757224
5.8644543813757224
5.8644543813757224
5.8644543813757224
5.8644543813757224
5.8644543813757224
5.8644543813757224
5.8644543813757224
5.8644543813757224
5.8644543813757224
5.8644543813757224
5.8644543813757224
5.8644543813757224
5.8644543813757224
5.8644543813757224
5.8644543813757224
5.8644543813757224
5.8644543813757224
6.5350786230696434


5.8644543813757224
5.8644543813757224
5.8644543813757224
5.8644543813757224
5.8644543813757224
5.8644543813757224
5.8644543813757224
5.8644543813757224
5.8644543813757224
5.8644543813757224
5.8644543813757224
5.8644543813757224
5.8644543813757224
5.8644543813757224
5.8644543813757224
5.8644543813757224
5.8644543813757224
5.8644543813757224
5.8644543813757224
6.5350786230696434


5.8644543813757224
5.8644543813757224
5.8644543813757224
5.8644543813757224
5.8644543813757224
5.8644543813757224
5.8644543813757224
5.8644543813757224
5.8644543813757224
5.8644543813757224
5.8644543813757224
5.8644543813757224
5.8644543813757224
5.8644543813757224
5.8644543813757224
5.8644543813757224
5.8644543813757224
5.8644543813757224
5.8644543813757224
6.5350786230696434


5.8644543813757224
5.8644543813757224
5.8644543813757224
5.8644543813757224
5.8644543813757224
5.8644543813757224
5.8644543813757224
5.8644543813757224
5.8644543813757224
5.8644543813757224
5.8644543813757224
5.8644543813757224
5.8644543813757224
5.8644543813757224
5.8644543813757224
5.8644543813757224
5.8644543813757224
5.8644543813757224
5.8644543813757224
6.5350786230696434


5.8644543813757224
5.8644543813757224
5.8644543813757224
5.8644543813757224
5.8644543813757224
5.8644543813757224
5.8644543813757224
5.8644543813757224
5.8644543813757224
5.8644543813757224
5.8644543813757224
5.8644543813757224
5.8644543813757224
5.8644543813757224
5.8644543813757224
5.8644543813757224
5.8644543813757224
5.8644543813757224
5.8644543813757224
6.5350786230696434


5.8644543813757224
5.8644543813757224
5.8644543813757224
5.8644543813757224
5.8644543813757224
5.8644543813757224
5.8644543813757224
5.8644543813757224
5.8644543813757224
5.8644543813757224
5.8644543813757224
5.8644543813757224
5.8644543813757224
5.8644543813757224
5.8644543813757224
5.8644543813757224
5.8644543813757224
5.8644543813757224
5.8644543813757224
6.5350786230696434


5.8644543813757224
5.8644543813757224
5.8644543813757224
5.8644543813757224
5.8644543813757224
5.8644543813757224
5.8644543813757224
5.8644543813757224
5.8644543813757224
5.8644543813757224
5.8644543813757224
5.8644543813757224
5.8644543813757224
5.8644543813757224
5.8644543813757224
5.8644543813757224
5.8644543813757224
5.8644543813757224
5.8644543813757224
6.5350786230696434


5.8644543813757224
5.8644543813757224
5.8644543813757224
5.8644543813757224
5.8644543813757224
5.8644543813757224
5.8644543813757224
5.8644543813757224
5.8644543813757224
5.8644543813757224
5.8644543813757224
5.8644543813757224
5.8644543813757224
5.8644543813757224
5.8644543813757224
5.8644543813757224
5.8644543813757224
5.8644543813757224
5.8644543813757224
6.5350786230696434


5.8644543813757224
5.8644543813757224
5.8644543813757224
5.8644543813757224
5.8644543813757224
5.8644543813757224
5.8644543813757224
5.8644543813757224
5.8644543813757224
5.8644543813757224
5.8644543813757224
5.8644543813757224
5.8644543813757224
5.8644543813757224
5.8644543813757224
5.8644543813757224
5.8644543813757224
5.8644543813757224
5.8644543813757224
6.5350786230696434


5.8644543813757224
5.8644543813757224
5.8644543813757224
5.8644543813757224
5.8644543813757224
5.8644543813757224
5.8644543813757224
5.8644543813757224
5.8644543813757224
5.8644543813757224
5.8644543813757224
5.8644543813757224
5.8644543813757224
5.8644543813757224
5.8644543813757224
5.8644543813757224
5.8644543813757224
5.8644543813757224
5.8644543813757224
6.5350786230696434


5.8644543813757224
5.8644543813757224
5.8644543813757224
5.8644543813757224
5.8644543813757224
5.8644543813757224
5.8644543813757224
5.8644543813757224
5.8644543813757224
5.8644543813757224
5.8644543813757224
5.8644543813757224
5.8644543813757224
5.8644543813757224
5.8644543813757224
5.8644543813757224
5.8644543813757224
5.8644543813757224
5.8644543813757224
6.5350786230696434


5.8644543813757224
5.8644543813757224
5.8644543813757224
5.8644543813757224
5.8644543813757224
5.8644543813757224
5.8644543813757224
5.8644543813757224
5.8644543813757224
5.8644543813757224
5.8644543813757224
5.8644543813757224
5.8644543813757224
5.8644543813757224
5.8644543813757224
5.8644543813757224
5.8644543813757224
5.8644543813757224
5.8644543813757224
6.5350786230696434


5.8644543813757224
5.8644543813757224
5.8644543813757224
5.8644543813757224
5.8644543813757224
5.8644543813757224
5.8644543813757224
5.8644543813757224
5.8644543813757224
5.8644543813757224
5.8644543813757224
5.8644543813757224
5.8644543813757224
5.8644543813757224
5.8644543813757224
5.8644543813757224
5.8644543813757224
5.8644543813757224
5.8644543813757224
6.5350786230696434


5.8644543813757224
5.8644543813757224
5.8644543813757224
5.8644543813757224
5.8644543813757224
5.8644543813757224
5.8644543813757224
5.8644543813757224
5.8644543813757224
5.8644543813757224
5.8644543813757224
5.8644543813757224
5.8644543813757224
5.8644543813757224
5.8644543813757224
5.8644543813757224
5.8644543813757224
5.8644543813757224
5.8644543813757224
6.5350786230696434


5.8644543813757224
5.8644543813757224
5.8644543813757224
5.8644543813757224
5.8644543813757224
5.8644543813757224
5.8644543813757224
5.8644543813757224
5.8644543813757224
5.8644543813757224
5.8644543813757224
5.8644543813757224
5.8644543813757224
5.8644543813757224
5.8644543813757224
5.8644543813757224
5.8644543813757224
5.8644543813757224
5.8644543813757224
6.5350786230696434


5.8644543813757224
5.8644543813757224
5.8644543813757224
5.8644543813757224
5.8644543813757224
5.8644543813757224
5.8644543813757224
5.8644543813757224
5.8644543813757224
5.8644543813757224
5.8644543813757224
5.8644543813757224
5.8644543813757224
5.8644543813757224
5.8644543813757224
5.8644543813757224
5.8644543813757224
5.8644543813757224
5.8644543813757224
6.5350786230696434


5.8644543813757224
5.8644543813757224
5.8644543813757224
5.8644543813757224
5.8644543813757224
5.8644543813757224
5.8644543813757224
5.8644543813757224
5.8644543813757224
5.8644543813757224
5.8644543813757224
5.8644543813757224
5.8644543813757224
5.8644543813757224
5.8644543813757224
5.8644543813757224
5.8644543813757224
5.8644543813757224
5.8644543813757224
6.5350786230696434


5.8644543813757224
5.8644543813757224
5.8644543813757224
5.8644543813757224
5.8644543813757224
5.8644543813757224
5.8644543813757224
5.8644543813757224
5.8644543813757224
5.8644543813757224
5.8644543813757224
5.8644543813757224
5.8644543813757224
5.8644543813757224
5.8644543813757224
5.8644543813757224
5.8644543813757224
5.8644543813757224
5.8644543813757224
6.5350786230696434


5.8644543813757224
5.8644543813757224
5.8644543813757224
5.8644543813757224
5.8644543813757224
5.8644543813757224
5.8644543813757224
5.8644543813757224
5.8644543813757224
5.8644543813757224
5.8644543813757224
5.8644543813757224
5.8644543813757224
5.8644543813757224
5.8644543813757224
5.8644543813757224
5.8644543813757224
5.8644543813757224
5.8644543813757224
6.5350786230696434


5.8644543813757224
5.8644543813757224
5.8644543813757224
5.8644543813757224
5.8644543813757224
5.8644543813757224
5.8644543813757224
5.8644543813757224
5.8644543813757224
5.8644543813757224
5.8644543813757224
5.8644543813757224
5.8644543813757224
5.8644543813757224
5.8644543813757224
5.8644543813757224
5.8644543813757224
5.8644543813757224
5.8644543813757224
6.5350786230696434


5.8644543813757224
5.8644543813757224
5.8644543813757224
5.8644543813757224
5.8644543813757224
5.8644543813757224
5.8644543813757224
5.8644543813757224
5.8644543813757224
5.8644543813757224
5.8644543813757224
5.8644543813757224
5.8644543813757224
5.8644543813757224
5.8644543813757224
5.8644543813757224
5.8644543813757224
5.8644543813757224
5.8644543813757224
6.5350786230696434


5.8644543813757224
5.8644543813757224
5.8644543813757224
5.8644543813757224
5.8644543813757224
5.8644543813757224
5.8644543813757224
5.8644543813757224
5.8644543813757224
5.8644543813757224
5.8644543813757224
5.8644543813757224
5.8644543813757224
5.8644543813757224
5.8644543813757224
5.8644543813757224
5.8644543813757224
5.8644543813757224
5.8644543813757224
6.5350786230696434


5.8644543813757224
5.8644543813757224
5.8644543813757224
5.8644543813757224
5.8644543813757224
5.8644543813757224
5.8644543813757224
5.8644543813757224
5.8644543813757224
5.8644543813757224
5.8644543813757224
5.8644543813757224
5.8644543813757224
5.8644543813757224
5.8644543813757224
5.8644543813757224
5.8644543813757224
5.8644543813757224
5.8644543813757224
6.5350786230696434


5.8644543813757224
5.8644543813757224
5.8644543813757224
5.8644543813757224
5.8644543813757224
5.8644543813757224
5.8644543813757224
5.8644543813757224
5.8644543813757224
5.8644543813757224
5.8644543813757224
5.8644543813757224
5.8644543813757224
5.8644543813757224
5.8644543813757224
5.8644543813757224
5.8644543813757224
5.8644543813757224
5.8644543813757224
6.5350786230696434


5.8644543813757224
5.8644543813757224
5.8644543813757224
5.8644543813757224
5.8644543813757224
5.8644543813757224
5.8644543813757224
5.8644543813757224
5.8644543813757224
5.8644543813757224
5.8644543813757224
5.8644543813757224
5.8644543813757224
5.8644543813757224
5.8644543813757224
5.8644543813757224
5.8644543813757224
5.8644543813757224
5.8644543813757224
6.5350786230696434


5.8644543813757224
5.8644543813757224
5.8644543813757224
5.8644543813757224
5.8644543813757224
5.8644543813757224
5.8644543813757224
5.8644543813757224
5.8644543813757224
5.8644543813757224
5.8644543813757224
5.8644543813757224
5.8644543813757224
5.8644543813757224
5.8644543813757224
5.8644543813757224
5.8644543813757224
5.8644543813757224
5.8644543813757224
6.5350786230696434


5.8644543813757224
5.8644543813757224
5.8644543813757224
5.8644543813757224
5.8644543813757224
5.8644543813757224
5.8644543813757224
5.8644543813757224
5.8644543813757224
5.8644543813757224
5.8644543813757224
5.8644543813757224
5.8644543813757224
5.8644543813757224
5.8644543813757224
5.8644543813757224
5.8644543813757224
5.8644543813757224
5.8644543813757224
6.5350786230696434


5.8644543813757224
5.8644543813757224
5.8644543813757224
5.8644543813757224
5.8644543813757224
5.8644543813757224
5.8644543813757224
5.8644543813757224
5.8644543813757224
5.8644543813757224
5.8644543813757224
5.8644543813757224
5.8644543813757224
5.8644543813757224
5.8644543813757224
5.8644543813757224
5.8644543813757224
5.8644543813757224
5.8644543813757224
6.5350786230696434


5.8644543813757224
5.8644543813757224
5.8644543813757224
5.8644543813757224
5.8644543813757224
5.8644543813757224
5.8644543813757224
5.8644543813757224
5.8644543813757224
5.8644543813757224
5.8644543813757224
5.8644543813757224
5.8644543813757224
5.8644543813757224
5.8644543813757224
5.8644543813757224
5.8644543813757224
5.8644543813757224
5.8644543813757224
6.5350786230696434


5.8644543813757224
5.8644543813757224
5.8644543813757224
5.8644543813757224
5.8644543813757224
5.8644543813757224
5.8644543813757224
5.8644543813757224
5.8644543813757224
5.8644543813757224
5.8644543813757224
5.8644543813757224
5.8644543813757224
5.8644543813757224
5.8644543813757224
5.8644543813757224
5.8644543813757224
5.8644543813757224
5.8644543813757224
6.5350786230696434


5.8644543813757224
5.8644543813757224
5.8644543813757224
5.8644543813757224
5.8644543813757224
5.8644543813757224
5.8644543813757224
5.8644543813757224
5.8644543813757224
5.8644543813757224
5.8644543813757224
5.8644543813757224
5.8644543813757224
5.8644543813757224
5.8644543813757224
5.8644543813757224
5.8644543813757224
5.8644543813757224
5.8644543813757224
6.5350786230696434


5.8644543813757224
5.8644543813757224
5.8644543813757224
5.8644543813757224
5.8644543813757224
5.8644543813757224
5.8644543813757224
5.8644543813757224
5.8644543813757224
5.8644543813757224
5.8644543813757224
5.8644543813757224
5.8644543813757224
5.8644543813757224
5.8644543813757224
5.8644543813757224
5.8644543813757224
5.8644543813757224
5.8644543813757224
6.5350786230696434


5.8644543813757224
5.8644543813757224
5.8644543813757224
5.8644543813757224
5.8644543813757224
5.8644543813757224
5.8644543813757224
5.8644543813757224
5.8644543813757224
5.8644543813757224
5.8644543813757224
5.8644543813757224
5.8644543813757224
5.8644543813757224
5.8644543813757224
5.8644543813757224
5.8644543813757224
5.8644543813757224
5.8644543813757224
6.5350786230696434


5.8644543813757224
5.8644543813757224
5.8644543813757224
5.8644543813757224
5.8644543813757224
5.8644543813757224
5.8644543813757224
5.8644543813757224
5.8644543813757224
5.8644543813757224
5.8644543813757224
5.8644543813757224
5.8644543813757224
5.8644543813757224
5.8644543813757224
5.8644543813757224
5.8644543813757224
5.8644543813757224
5.8644543813757224
6.5350786230696434


5.8644543813757224
5.8644543813757224
5.8644543813757224
5.8644543813757224
5.8644543813757224
5.8644543813757224
5.8644543813757224
5.8644543813757224
5.8644543813757224
5.8644543813757224
5.8644543813757224
5.8644543813757224
5.8644543813757224
5.8644543813757224
5.8644543813757224
5.8644543813757224
5.8644543813757224
5.8644543813757224
5.8644543813757224
6.5350786230696434


5.8644543813757224
5.8644543813757224
5.8644543813757224
5.8644543813757224
5.8644543813757224
5.8644543813757224
5.8644543813757224
5.8644543813757224
5.8644543813757224
5.8644543813757224
5.8644543813757224
5.8644543813757224
5.8644543813757224
5.8644543813757224
5.8644543813757224
5.8644543813757224
5.8644543813757224
5.8644543813757224
5.8644543813757224
6.5350786230696434


5.8644543813757224
5.8644543813757224
5.8644543813757224
5.8644543813757224
5.8644543813757224
5.8644543813757224
5.8644543813757224
5.8644543813757224
5.8644543813757224
5.8644543813757224
5.8644543813757224
5.8644543813757224
5.8644543813757224
5.8644543813757224
5.8644543813757224
5.8644543813757224
5.8644543813757224
5.8644543813757224
5.8644543813757224
6.5350786230696434


5.8644543813757224
5.8644543813757224
5.8644543813757224
5.8644543813757224
5.8644543813757224
5.8644543813757224
5.8644543813757224
5.8644543813757224
5.8644543813757224
5.8644543813757224
5.8644543813757224
5.8644543813757224
5.8644543813757224
5.8644543813757224
5.8644543813757224
5.8644543813757224
5.8644543813757224
5.8644543813757224
5.8644543813757224
6.5350786230696434


5.8644543813757224
5.8644543813757224
5.8644543813757224
5.8644543813757224
5.8644543813757224
5.8644543813757224
5.8644543813757224
5.8644543813757224
5.8644543813757224
5.8644543813757224
5.8644543813757224
5.8644543813757224
5.8644543813757224
5.8644543813757224
5.8644543813757224
5.8644543813757224
5.8644543813757224
5.8644543813757224
5.8644543813757224
6.5350786230696434


5.8644543813757224
5.8644543813757224
5.8644543813757224
5.8644543813757224
5.8644543813757224
5.8644543813757224
5.8644543813757224
5.8644543813757224
5.8644543813757224
5.8644543813757224
5.8644543813757224
5.8644543813757224
5.8644543813757224
5.8644543813757224
5.8644543813757224
5.8644543813757224
5.8644543813757224
5.8644543813757224
5.8644543813757224
6.5350786230696434


5.8644543813757224
5.8644543813757224
5.8644543813757224
5.8644543813757224
5.8644543813757224
5.8644543813757224
5.8644543813757224
5.8644543813757224
5.8644543813757224
5.8644543813757224
5.8644543813757224
5.8644543813757224
5.8644543813757224
5.8644543813757224
5.8644543813757224
5.8644543813757224
5.8644543813757224
5.8644543813757224
5.8644543813757224
6.5350786230696434


5.8644543813757224
5.8644543813757224
5.8644543813757224
5.8644543813757224
5.8644543813757224
5.8644543813757224
5.8644543813757224
5.8644543813757224
5.8644543813757224
5.8644543813757224
5.8644543813757224
5.8644543813757224
5.8644543813757224
5.8644543813757224
5.8644543813757224
5.8644543813757224
5.8644543813757224
5.8644543813757224
5.8644543813757224
6.5350786230696434


5.8644543813757224
5.8644543813757224
5.8644543813757224
5.8644543813757224
5.8644543813757224
5.8644543813757224
5.8644543813757224
5.8644543813757224
5.8644543813757224
5.8644543813757224
5.8644543813757224
5.8644543813757224
5.8644543813757224
5.8644543813757224
5.8644543813757224
5.8644543813757224
5.8644543813757224
5.8644543813757224
5.8644543813757224
6.5350786230696434


5.8644543813757224
5.8644543813757224
5.8644543813757224
5.8644543813757224
5.8644543813757224
5.8644543813757224
5.8644543813757224
5.8644543813757224
5.8644543813757224
5.8644543813757224
5.8644543813757224
5.8644543813757224
5.8644543813757224
5.8644543813757224
5.8644543813757224
5.8644543813757224
5.8644543813757224
5.8644543813757224
5.8644543813757224
6.5350786230696434


5.8644543813757224
5.8644543813757224
5.8644543813757224
5.8644543813757224
5.8644543813757224
5.8644543813757224
5.8644543813757224
5.8644543813757224
5.8644543813757224
5.8644543813757224
5.8644543813757224
5.8644543813757224
5.8644543813757224
5.8644543813757224
5.8644543813757224
5.8644543813757224
5.8644543813757224
5.8644543813757224
5.8644543813757224
6.5350786230696434


5.8644543813757224
5.8644543813757224
5.8644543813757224
5.8644543813757224
5.8644543813757224
5.8644543813757224
5.8644543813757224
5.8644543813757224
5.8644543813757224
5.8644543813757224
5.8644543813757224
5.8644543813757224
5.8644543813757224
5.8644543813757224
5.8644543813757224
5.8644543813757224
5.8644543813757224
5.8644543813757224
5.8644543813757224
6.5350786230696434


5.8644543813757224
5.8644543813757224
5.8644543813757224
5.8644543813757224
5.8644543813757224
5.8644543813757224
5.8644543813757224
5.8644543813757224
5.8644543813757224
5.8644543813757224
5.8644543813757224
5.8644543813757224
5.8644543813757224
5.8644543813757224
5.8644543813757224
5.8644543813757224
5.8644543813757224
5.8644543813757224
5.8644543813757224
6.5350786230696434


5.8644543813757224
5.8644543813757224
5.8644543813757224
5.8644543813757224
5.8644543813757224
5.8644543813757224
5.8644543813757224
5.8644543813757224
5.8644543813757224
5.8644543813757224
5.8644543813757224
5.8644543813757224
5.8644543813757224
5.8644543813757224
5.8644543813757224
5.8644543813757224
5.8644543813757224
5.8644543813757224
5.8644543813757224
6.5350786230696434


5.8644543813757224
5.8644543813757224
5.8644543813757224
5.8644543813757224
5.8644543813757224
5.8644543813757224
5.8644543813757224
5.8644543813757224
5.8644543813757224
5.8644543813757224
5.8644543813757224
5.8644543813757224
5.8644543813757224
5.8644543813757224
5.8644543813757224
5.8644543813757224
5.8644543813757224
5.8644543813757224
5.8644543813757224
6.5350786230696434


5.8644543813757224
5.8644543813757224
5.8644543813757224
5.8644543813757224
5.8644543813757224
5.8644543813757224
5.8644543813757224
5.8644543813757224
5.8644543813757224
5.8644543813757224
5.8644543813757224
5.8644543813757224
5.8644543813757224
5.8644543813757224
5.8644543813757224
5.8644543813757224
5.8644543813757224
5.8644543813757224
5.8644543813757224
6.5350786230696434


5.8644543813757224
5.8644543813757224
5.8644543813757224
5.8644543813757224
5.8644543813757224
5.8644543813757224
5.8644543813757224
5.8644543813757224
5.8644543813757224
5.8644543813757224
5.8644543813757224
5.8644543813757224
5.8644543813757224
5.8644543813757224
5.8644543813757224
5.8644543813757224
5.8644543813757224
5.8644543813757224
5.8644543813757224
6.5350786230696434


5.8644543813757224
5.8644543813757224
5.8644543813757224
5.8644543813757224
5.8644543813757224
5.8644543813757224
5.8644543813757224
5.8644543813757224
5.8644543813757224
5.8644543813757224
5.8644543813757224
5.8644543813757224
5.8644543813757224
5.8644543813757224
5.8644543813757224
5.8644543813757224
5.8644543813757224
5.8644543813757224
5.8644543813757224
6.5350786230696434


5.8644543813757224
5.8644543813757224
5.8644543813757224
5.8644543813757224
5.8644543813757224
5.8644543813757224
5.8644543813757224
5.8644543813757224
5.8644543813757224
5.8644543813757224
5.8644543813757224
5.8644543813757224
5.8644543813757224
5.8644543813757224
5.8644543813757224
5.8644543813757224
5.8644543813757224
5.8644543813757224
5.8644543813757224
6.5350786230696434


5.8644543813757224
5.8644543813757224
5.8644543813757224
5.8644543813757224
5.8644543813757224
5.8644543813757224
5.8644543813757224
5.8644543813757224
5.8644543813757224
5.8644543813757224
5.8644543813757224
5.8644543813757224
5.8644543813757224
5.8644543813757224
5.8644543813757224
5.8644543813757224
5.8644543813757224
5.8644543813757224
5.8644543813757224
6.5350786230696434


5.8644543813757224
5.8644543813757224
5.8644543813757224
5.8644543813757224
5.8644543813757224
5.8644543813757224
5.8644543813757224
5.8644543813757224
5.8644543813757224
5.8644543813757224
5.8644543813757224
5.8644543813757224
5.8644543813757224
5.8644543813757224
5.8644543813757224
5.8644543813757224
5.8644543813757224
5.8644543813757224
5.8644543813757224
6.5350786230696434


5.8644543813757224
5.8644543813757224
5.8644543813757224
5.8644543813757224
5.8644543813757224
5.8644543813757224
5.8644543813757224
5.8644543813757224
5.8644543813757224
5.8644543813757224
5.8644543813757224
5.8644543813757224
5.8644543813757224
5.8644543813757224
5.8644543813757224
5.8644543813757224
5.8644543813757224
5.8644543813757224
5.8644543813757224
6.5350786230696434


5.8644543813757224
5.8644543813757224
5.8644543813757224
5.8644543813757224
5.8644543813757224
5.8644543813757224
5.8644543813757224
5.8644543813757224
5.8644543813757224
5.8644543813757224
5.8644543813757224
5.8644543813757224
5.8644543813757224
5.8644543813757224
5.8644543813757224
5.8644543813757224
5.8644543813757224
5.8644543813757224
5.8644543813757224
6.5350786230696434


5.8644543813757224
5.8644543813757224
5.8644543813757224
5.8644543813757224
5.8644543813757224
5.8644543813757224
5.8644543813757224
5.8644543813757224
5.8644543813757224
5.8644543813757224
5.8644543813757224
5.8644543813757224
5.8644543813757224
5.8644543813757224
5.8644543813757224
5.8644543813757224
5.8644543813757224
5.8644543813757224
5.8644543813757224
6.5350786230696434


5.8644543813757224
5.8644543813757224
5.8644543813757224
5.8644543813757224
5.8644543813757224
5.8644543813757224
5.8644543813757224
5.8644543813757224
5.8644543813757224
5.8644543813757224
5.8644543813757224
5.8644543813757224
5.8644543813757224
5.8644543813757224
5.8644543813757224
5.8644543813757224
5.8644543813757224
5.8644543813757224
5.8644543813757224
6.5350786230696434


5.8644543813757224
5.8644543813757224
5.8644543813757224
5.8644543813757224
5.8644543813757224
5.8644543813757224
5.8644543813757224
5.8644543813757224
5.8644543813757224
5.8644543813757224
5.8644543813757224
5.8644543813757224
5.8644543813757224
5.8644543813757224
5.8644543813757224
5.8644543813757224
5.8644543813757224
5.8644543813757224
5.8644543813757224
6.5350786230696434


5.8644543813757224
5.8644543813757224
5.8644543813757224
5.8644543813757224
5.8644543813757224
5.8644543813757224
5.8644543813757224
5.8644543813757224
5.8644543813757224
5.8644543813757224
5.8644543813757224
5.8644543813757224
5.8644543813757224
5.8644543813757224
5.8644543813757224
5.8644543813757224
5.8644543813757224
5.8644543813757224
5.8644543813757224
6.5350786230696434


5.8644543813757224
5.8644543813757224
5.8644543813757224
5.8644543813757224
5.8644543813757224
5.8644543813757224
5.8644543813757224
5.8644543813757224
5.8644543813757224
5.8644543813757224
5.8644543813757224
5.8644543813757224
5.8644543813757224
5.8644543813757224
5.8644543813757224
5.8644543813757224
5.8644543813757224
5.8644543813757224
5.8644543813757224
6.5350786230696434


5.8644543813757224
5.8644543813757224
5.8644543813757224
5.8644543813757224
5.8644543813757224
5.8644543813757224
5.8644543813757224
5.8644543813757224
5.8644543813757224
5.8644543813757224
5.8644543813757224
5.8644543813757224
5.8644543813757224
5.8644543813757224
5.8644543813757224
5.8644543813757224
5.8644543813757224
5.8644543813757224
5.8644543813757224
6.5350786230696434


5.8644543813757224
5.8644543813757224
5.8644543813757224
5.8644543813757224
5.8644543813757224
5.8644543813757224
5.8644543813757224
5.8644543813757224
5.8644543813757224
5.8644543813757224
5.8644543813757224
5.8644543813757224
5.8644543813757224
5.8644543813757224
5.8644543813757224
5.8644543813757224
5.8644543813757224
5.8644543813757224
5.8644543813757224
6.5350786230696434


5.8644543813757224
5.8644543813757224
5.8644543813757224
5.8644543813757224
5.8644543813757224
5.8644543813757224
5.8644543813757224
5.8644543813757224
5.8644543813757224
5.8644543813757224
5.8644543813757224
5.8644543813757224
5.8644543813757224
5.8644543813757224
5.8644543813757224
5.8644543813757224
5.8644543813757224
5.8644543813757224
5.8644543813757224
6.5350786230696434


5.8644543813757224
5.8644543813757224
5.8644543813757224
5.8644543813757224
5.8644543813757224
5.8644543813757224
5.8644543813757224
5.8644543813757224
5.8644543813757224
5.8644543813757224
5.8644543813757224
5.8644543813757224
5.8644543813757224
5.8644543813757224
5.8644543813757224
5.8644543813757224
5.8644543813757224
5.8644543813757224
5.8644543813757224
6.5350786230696434


5.8644543813757224
5.8644543813757224
5.8644543813757224
5.8644543813757224
5.8644543813757224
5.8644543813757224
5.8644543813757224
5.8644543813757224
5.8644543813757224
5.8644543813757224
5.8644543813757224
5.8644543813757224
5.8644543813757224
5.8644543813757224
5.8644543813757224
5.8644543813757224
5.8644543813757224
5.8644543813757224
5.8644543813757224
6.5350786230696434


5.8644543813757224
5.8644543813757224
5.8644543813757224
5.8644543813757224
5.8644543813757224
5.8644543813757224
5.8644543813757224
5.8644543813757224
5.8644543813757224
5.8644543813757224
5.8644543813757224
5.8644543813757224
5.8644543813757224
5.8644543813757224
5.8644543813757224
5.8644543813757224
5.8644543813757224
5.8644543813757224
5.8644543813757224
6.5350786230696434


5.8644543813757224
5.8644543813757224
5.8644543813757224
5.8644543813757224
5.8644543813757224
5.8644543813757224
5.8644543813757224
5.8644543813757224
5.8644543813757224
5.8644543813757224
5.8644543813757224
5.8644543813757224
5.8644543813757224
5.8644543813757224
5.8644543813757224
5.8644543813757224
5.8644543813757224
5.8644543813757224
5.8644543813757224
6.5350786230696434


5.8644543813757224
5.8644543813757224
5.8644543813757224
5.8644543813757224
5.8644543813757224
5.8644543813757224
5.8644543813757224
5.8644543813757224
5.8644543813757224
5.8644543813757224
5.8644543813757224
5.8644543813757224
5.8644543813757224
5.8644543813757224
5.8644543813757224
5.8644543813757224
5.8644543813757224
5.8644543813757224
5.8644543813757224
6.5350786230696434


5.8644543813757224
5.8644543813757224
5.8644543813757224
5.8644543813757224
5.8644543813757224
5.8644543813757224
5.8644543813757224
5.8644543813757224
5.8644543813757224
5.8644543813757224
5.8644543813757224
5.8644543813757224
5.8644543813757224
5.8644543813757224
5.8644543813757224
5.8644543813757224
5.8644543813757224
5.8644543813757224
5.8644543813757224
6.5350786230696434


5.8644543813757224
5.8644543813757224
5.8644543813757224
5.8644543813757224
5.8644543813757224
5.8644543813757224
5.8644543813757224
5.8644543813757224
5.8644543813757224
5.8644543813757224
5.8644543813757224
5.8644543813757224
5.8644543813757224
5.8644543813757224
5.8644543813757224
5.8644543813757224
5.8644543813757224
5.8644543813757224
5.8644543813757224
6.5350786230696434


5.8644543813757224
5.8644543813757224
5.8644543813757224
5.8644543813757224
5.8644543813757224
5.8644543813757224
5.8644543813757224
5.8644543813757224
5.8644543813757224
5.8644543813757224
5.8644543813757224
5.8644543813757224
5.8644543813757224
5.8644543813757224
5.8644543813757224
5.8644543813757224
5.8644543813757224
5.8644543813757224
5.8644543813757224
6.5350786230696434


5.8644543813757224
5.8644543813757224
5.8644543813757224
5.8644543813757224
5.8644543813757224
5.8644543813757224
5.8644543813757224
5.8644543813757224
5.8644543813757224
5.8644543813757224
5.8644543813757224
5.8644543813757224
5.8644543813757224
5.8644543813757224
5.8644543813757224
5.8644543813757224
5.8644543813757224
5.8644543813757224
5.8644543813757224
6.5350786230696434


5.8644543813757224
5.8644543813757224
5.8644543813757224
5.8644543813757224
5.8644543813757224
5.8644543813757224
5.8644543813757224
5.8644543813757224
5.8644543813757224
5.8644543813757224
5.8644543813757224
5.8644543813757224
5.8644543813757224
5.8644543813757224
5.8644543813757224
5.8644543813757224
5.8644543813757224
5.8644543813757224
5.8644543813757224
6.5350786230696434


5.8644543813757224
5.8644543813757224
5.8644543813757224
5.8644543813757224
5.8644543813757224
5.8644543813757224
5.8644543813757224
5.8644543813757224
5.8644543813757224
5.8644543813757224
5.8644543813757224
5.8644543813757224
5.8644543813757224
5.8644543813757224
5.8644543813757224
5.8644543813757224
5.8644543813757224
5.8644543813757224
5.8644543813757224
6.5350786230696434


5.8644543813757224
5.8644543813757224
5.8644543813757224
5.8644543813757224
5.8644543813757224
5.8644543813757224
5.8644543813757224
5.8644543813757224
5.8644543813757224
5.8644543813757224
5.8644543813757224
5.8644543813757224
5.8644543813757224
5.8644543813757224
5.8644543813757224
5.8644543813757224
5.8644543813757224
5.8644543813757224
5.8644543813757224
6.5350786230696434


5.8644543813757224
5.8644543813757224
5.8644543813757224
5.8644543813757224
5.8644543813757224
5.8644543813757224
5.8644543813757224
5.8644543813757224
5.8644543813757224
5.8644543813757224
5.8644543813757224
5.8644543813757224
5.8644543813757224
5.8644543813757224
5.8644543813757224
5.8644543813757224
5.8644543813757224
5.8644543813757224
5.8644543813757224
6.5350786230696434


5.8644543813757224
5.8644543813757224
5.8644543813757224
5.8644543813757224
5.8644543813757224
5.8644543813757224
5.8644543813757224
5.8644543813757224
5.8644543813757224
5.8644543813757224
5.8644543813757224
5.8644543813757224
5.8644543813757224
5.8644543813757224
5.8644543813757224
5.8644543813757224
5.8644543813757224
5.8644543813757224
5.8644543813757224
6.5350786230696434


5.8644543813757224
5.8644543813757224
5.8644543813757224
5.8644543813757224
5.8644543813757224
5.8644543813757224
5.8644543813757224
5.8644543813757224
5.8644543813757224
5.8644543813757224
5.8644543813757224
5.8644543813757224
5.8644543813757224
5.8644543813757224
5.8644543813757224
5.8644543813757224
5.8644543813757224
5.8644543813757224
5.8644543813757224
6.5350786230696434


5.8644543813757224
5.8644543813757224
5.8644543813757224
5.8644543813757224
5.8644543813757224
5.8644543813757224
5.8644543813757224
5.8644543813757224
5.8644543813757224
5.8644543813757224
5.8644543813757224
5.8644543813757224
5.8644543813757224
5.8644543813757224
5.8644543813757224
5.8644543813757224
5.8644543813757224
5.8644543813757224
5.8644543813757224
6.5350786230696434


5.8644543813757224
5.8644543813757224
5.8644543813757224
5.8644543813757224
5.8644543813757224
5.8644543813757224
5.8644543813757224
5.8644543813757224
5.8644543813757224
5.8644543813757224
5.8644543813757224
5.8644543813757224
5.8644543813757224
5.8644543813757224
5.8644543813757224
5.8644543813757224
5.8644543813757224
5.8644543813757224
5.8644543813757224
6.5350786230696434


