1.9975522010788977
1.9975522010788977
1.9962675868352528
1.9972441493643567
1.9918202457374408
1.9971913396475118
1.9971913396475118
1.9991539865480061
1.9896229800469571
1.9996257424243016
1.9996257424243016
1.9974354802797878
1.9974354802797878
1.9974354802797878
1.9991444647057195
1.9991444647057195
1.9992611855048295
1.9992611855048295
1.9992611855048295
1.9996327459702714
1.9993886053379955
1.9992611855048295
1.9992611855048295
1.9992611855048295
1.9993886053379955
1.9993886053379955
1.9993886053379955
1.9993886053379955
1.9998768866025474
1.9998768866025474
1.9998768866025474
1.9998768866025474
1.9998768866025474
1.9998768866025474
1.9998768866025474
1.9998768866025474
1.9999936074016573
1.9999936074016573
1.9999936074016573
1.9999936074016573
1.9999936074016573
1.9999936074016573
1.9999936074016573
1.9999936074016573
1.9999936074016573
1.9999936074016573
1.9999936074016573
1.9999936074016573
1.9999936074016573
1.9999936074016573
1.9999936074016573
1.9999936074016573
1.9999936074016573
1.9999936074016573
1.9999936074016573
1.9999936074016573
1.9999936074016573
1.9999936074016573
1.9999936074016573
1.9999936074016573
1.9999936074016573
1.9999936074016573
1.9999936074016573
1.9999936074016573
1.9999936074016573
1.9999936074016573
1.9999936074016573
1.9999936074016573
1.9999936074016573
1.9999936074016573
1.9999936074016573
1.9999936074016573
1.9999936074016573
1.9999936074016573
1.9999936074016573
1.9999936074016573
1.9999936074016573
1.9999936074016573
1.9999936074016573
1.9999936074016573
1.9999936074016573
1.9999936074016573
1.9999936074016573
1.9999936074016573
1.9999936074016573
1.9999936074016573
1.9999936074016573
1.9999936074016573
1.9999936074016573
1.9999936074016573
1.9999936074016573
1.9999936074016573
1.9999936074016573
1.9999936074016573
1.9999936074016573
1.9999936074016573
1.9999936074016573
1.9999936074016573
1.9999936074016573
1.9999936074016573
