1.6881673541118907
1.9310276934810786
1.9310276934810786
1.9310276934810786
1.9310276934810786
1.9310276934810786
1.9310276934810786
1.9310276934810786
1.9310276934810786
1.9310276934810786
1.9310276934810786
1.9310276934810786
1.9310276934810786
1.9310276934810786
1.9310276934810786
1.9310276934810786
1.9310276934810786
1.9310276934810786
1.9310276934810786
1.9310276934810786
1.9310276934810786
1.9310276934810786
1.9310276934810786
1.9310276934810786
1.9310276934810786
1.9310276934810786
1.9310276934810786
1.9310276934810786
1.9310276934810786
1.9310276934810786
1.9310276934810786
1.9310276934810786
1.9310276934810786
1.9310276934810786
1.9310276934810786
1.9310276934810786
1.9310276934810786
1.9310276934810786
1.9310276934810786
1.9310276934810786
1.9310276934810786
1.9310276934810786
1.9310276934810786
1.9310276934810786
1.9310276934810786
1.9310276934810786
1.9310276934810786
1.9310276934810786
1.9310276934810786
1.9310276934810786
1.9310276934810786
1.9310276934810786
1.9310276934810786
1.9310276934810786
1.9310276934810786
1.9310276934810786
1.9310276934810786
1.9310276934810786
1.9310276934810786
1.9310276934810786
1.9310276934810786
1.9310276934810786
1.9310276934810786
1.9310276934810786
1.9310276934810786
1.9310276934810786
1.9310276934810786
1.9310276934810786
1.9310276934810786
1.9310276934810786
1.9310276934810786
1.9310276934810786
1.9310276934810786
1.9310276934810786
1.9310276934810786
1.9310276934810786
1.9310276934810786
1.9310276934810786
1.9310276934810786
1.9310276934810786
1.9310276934810786
1.9310276934810786
1.9310276934810786
1.9310276934810786
1.9310276934810786
1.9310276934810786
1.9310276934810786
1.9310276934810786
1.9310276934810786
1.9310276934810786
1.9310276934810786
1.9310276934810786
1.9310276934810786
1.9310276934810786
1.9310276934810786
1.9310276934810786
1.9310276934810786
1.9310276934810786
1.9310276934810786
1.9310276934810786
