1.7436044139744167
1.7436044139744167
1.7436044139744167
1.7454787714922062
1.7454724235973484
1.7454724235973484
1.7454724235973484
1.7454724235973484
1.7454724235973484
1.7454724235973484
1.7454724235973484
1.7454724235973484
1.7454788608991760
1.7454787714922062
1.7454787714922062
1.7454787714922062
1.7454659862955209
1.7454636021096588
1.7454636021096588
1.7454636021096588
1.7454636021096588
1.7454636021096588
1.7454636021096588
1.7454571648078312
1.7454571648078312
1.7454571648078312
1.7454571648078312
1.7454571648078312
1.7454571648078312
1.7454571648078312
1.7454571648078312
1.7454571648078312
1.7454571648078312
1.7454571648078312
1.7454571648078312
1.7454571648078312
1.7454571648078312
1.7454571648078312
1.7454571648078312
1.7454571648078312
1.7454571648078312
1.7454571648078312
1.7454571648078312
1.7454571648078312
1.7454571648078312
1.7454571648078312
1.7454571648078312
1.7454571648078312
1.7454571648078312
1.7454571648078312
1.7454571648078312
1.7454571648078312
1.7454571648078312
1.7454571648078312
1.7454571648078312
1.7454571648078312
1.7454571648078312
1.7454571648078312
1.7454571648078312
1.7454571648078312
1.7454571648078312
1.7454571648078312
1.7454571648078312
1.7454571648078312
1.7454571648078312
1.7454571648078312
1.7454571648078312
1.7454571648078312
1.7454571648078312
1.7454571648078312
1.7454571648078312
1.7454571648078312
1.7454571648078312
1.7454571648078312
1.7454571648078312
1.7454571648078312
1.7454571648078312
1.7454571648078312
1.7454571648078312
1.7454571648078312
1.7454571648078312
1.7454571648078312
1.7454571648078312
1.7454571648078312
1.7454571648078312
1.7454571648078312
1.7454571648078312
1.7454571648078312
1.7454571648078312
1.7454571648078312
1.7454571648078312
1.7454571648078312
1.7454571648078312
1.7454571648078312
1.7454571648078312
1.7454571648078312
1.7454571648078312
1.7454571648078312
1.7454571648078312
1.7454571648078312
