1.9790170335476707
1.9790170335476707
1.9790170335476707
1.9555795328491787
1.9555795477503404
1.9801136845384146
1.9801136845384146
1.9801136845384146
1.9555795328491787
1.9801136845384146
1.9801136696372530
1.9801136845384146
1.9801136845384146
1.9801136845384146
1.9801136696372530
1.9801136696372530
1.9801136696372530
1.9801136696372530
1.9799937152860676
1.9801136696372530
1.9801136696372530
1.9801136845384146
1.9801136845384146
1.9801136845384146
1.9801136845384146
1.9801136845384146
1.9801136845384146
1.9801136845384146
1.9801136845384146
1.9801136845384146
1.9801136845384146
1.9801136845384146
1.9801136845384146
1.9801136845384146
1.9801136845384146
1.9801136845384146
1.9801136845384146
1.9801136845384146
1.9801136845384146
1.9801136845384146
1.9801136845384146
1.9801136845384146
1.9801136845384146
1.9801136845384146
1.9801136845384146
1.9801136845384146
1.9801136845384146
1.9801136845384146
1.9801136845384146
1.9801136845384146
1.9801136845384146
1.9801136845384146
1.9801136845384146
1.9801136845384146
1.9801136845384146
1.9801136845384146
1.9801136845384146
1.9801136845384146
1.9801136845384146
1.9801136845384146
1.9801136845384146
1.9801136845384146
1.9801136845384146
1.9801136845384146
1.9801136845384146
1.9801136845384146
1.9801136845384146
1.9801136845384146
1.9801136845384146
1.9801136845384146
1.9801136845384146
1.9801136845384146
1.9801136845384146
1.9801136845384146
1.9801136845384146
1.9801136845384146
1.9801136845384146
1.9801136845384146
1.9801136845384146
1.9801136845384146
1.9801136845384146
1.9801136845384146
1.9801136845384146
1.9801136845384146
1.9801136845384146
1.9801136845384146
1.9801136845384146
1.9801136845384146
1.9801136845384146
1.9801136845384146
1.9801136845384146
1.9801136845384146
1.9801136845384146
1.9801136845384146
1.9801136845384146
1.9801136845384146
1.9801136845384146
1.9801136845384146
1.9801136845384146
1.9801136845384146
