1.9961508660361429
1.9961508660361429
1.9961508660361429
1.9961508660361429
1.9961508660361429
1.9961508660361429
1.9961508660361429
1.9961508958384662
1.9961508660361429
1.9961508660361429
1.9961508660361429
1.9961508660361429
1.9961508660361429
1.9961508660361429
1.9961508660361429
1.9961508660361429
1.9961508660361429
1.9961508660361429
1.9961508660361429
1.9961508660361429
1.9961508660361429
1.9961508660361429
1.9961508660361429
1.9961508660361429
1.9961508660361429
1.9961508660361429
1.9961508660361429
1.9961508660361429
1.9961508660361429
1.9961508660361429
1.9961508660361429
1.9961508660361429
1.9961508660361429
1.9961508660361429
1.9961508660361429
1.9961508660361429
1.9961508660361429
1.9961508660361429
1.9961508660361429
1.9961508660361429
1.9961508660361429
1.9961508660361429
1.9961508660361429
1.9961508660361429
1.9961508660361429
1.9961508660361429
1.9961508660361429
1.9961508660361429
1.9961508660361429
1.9961508660361429
1.9961508660361429
1.9961508660361429
1.9961508660361429
1.9961508660361429
1.9961508660361429
1.9961508660361429
1.9961508660361429
1.9961508660361429
1.9961508660361429
1.9961508660361429
1.9961508660361429
1.9961508660361429
1.9961508660361429
1.9961508660361429
1.9961508660361429
1.9961508660361429
1.9961508660361429
1.9961508660361429
1.9961508660361429
1.9961508660361429
1.9961508660361429
1.9961508660361429
1.9961508660361429
1.9961508660361429
1.9961508660361429
1.9961508660361429
1.9961508660361429
1.9961508660361429
1.9961508660361429
1.9961508660361429
1.9961508660361429
1.9961508660361429
1.9961508660361429
1.9961508660361429
1.9961508660361429
1.9961508660361429
1.9961508660361429
1.9961508660361429
1.9961508660361429
1.9961508660361429
1.9961508660361429
1.9961508660361429
1.9961508660361429
1.9961508660361429
1.9961508660361429
1.9961508660361429
1.9961508660361429
1.9961508660361429
1.9961508660361429
1.9961508660361429
