8,0641269425501196
15,0281290313745850
15,0281290313745850
15,0281290313745850
15,0281290313745850
15,0281290313745850
15,0281290313745850
15,0281290313745850
15,0281290313745850
15,0281290313745850
15,0281290313745850
15,0281290313745850
15,0281290313745850
15,0281290313745850
15,0281290313745850
15,0281290313745850
15,0281290313745850
15,0281290313745850
15,0281290313745850
15,0281290313745850
15,0281290313745850
15,0281290313745850
15,0281290313745850
15,0281290313745850
15,0281290313745850
15,0281290313745850
15,0281290313745850
15,0281290313745850
15,0281290313745850
15,0281290313745850
15,0281290313745850
15,0281290313745850
15,0281290313745850
15,0281290313745850
15,0281290313745850
15,0281290313745850
15,0281290313745850
15,0281290313745850
15,0281290313745850
15,0281290313745850
15,0281290313745850
15,0281290313745850
15,0281290313745850
15,0281290313745850
15,0281290313745850
15,0281290313745850
15,0281290313745850
15,0281290313745850
15,0281290313745850
15,0281290313745850
15,0281290313745850
15,0281290313745850
15,0281290313745850
15,0281290313745850
15,0281290313745850
15,0281290313745850
15,0281290313745850
15,0281290313745850
15,0281290313745850
15,0281290313745850
15,0281290313745850
15,0281290313745850
15,0281290313745850
15,0281290313745850
15,0281290313745850
15,0281290313745850
15,0281290313745850
15,0281290313745850
15,0281290313745850
15,0281290313745850
15,0281290313745850
15,0281290313745850
15,0281290313745850
15,0281290313745850
15,0281290313745850
15,0281290313745850
15,0281290313745850
15,0281290313745850
15,0281290313745850
15,0281290313745850
15,0281290313745850
15,0281290313745850
15,0281290313745850
15,0281290313745850
15,0281290313745850
15,0281290313745850
15,0281290313745850
15,0281290313745850
15,0281290313745850
15,0281290313745850
15,0281290313745850
15,0281290313745850
15,0281290313745850
15,0281290313745850
15,0281290313745850
15,0281290313745850
15,0281290313745850
15,0281290313745850
15,0281290313745850
15,0281290313745850
