8,8676482384696076
8,8676482384696076
8,8676482384696076
8,8676446323884903
8,8676446323884903
8,8676446323884903
8,8676446323884903
8,8676446323884903
8,8676446323884903
8,8676482384696076
8,8676446323884903
8,8676446323884903
8,8676446323884903
8,8676446323884903
8,8676446323884903
8,8676446323884903
8,8676504021182776
8,8676504021182776
8,8676504021182776
8,8676504021182776
8,8676504021182776
8,8676504021182776
8,8676504021182776
8,8676504021182776
8,8676504021182776
8,8676504021182776
8,8676504021182776
8,8676504021182776
8,8676504021182776
8,8676504021182776
8,8676504021182776
8,8676504021182776
8,8676504021182776
8,8676504021182776
8,8676504021182776
8,8676504021182776
8,8676504021182776
8,8676504021182776
8,8676504021182776
8,8676504021182776
8,8676504021182776
8,8676504021182776
8,8676504021182776
8,8676504021182776
8,8676504021182776
8,8676504021182776
8,8676504021182776
8,8676504021182776
8,8676504021182776
8,8676504021182776
8,8676504021182776
8,8676504021182776
8,8676504021182776
8,8676504021182776
8,8676504021182776
8,8676504021182776
8,8676504021182776
8,8676504021182776
8,8676504021182776
8,8676504021182776
8,8676504021182776
8,8676504021182776
8,8676504021182776
8,8676504021182776
8,8676504021182776
8,8676504021182776
8,8676504021182776
8,8676504021182776
8,8676504021182776
8,8676504021182776
8,8676504021182776
8,8676504021182776
8,8676504021182776
8,8676504021182776
8,8676504021182776
8,8676504021182776
8,8676504021182776
8,8676504021182776
8,8676504021182776
8,8676504021182776
8,8676504021182776
8,8676504021182776
8,8676504021182776
8,8676504021182776
8,8676504021182776
8,8676504021182776
8,8676504021182776
8,8676504021182776
8,8676504021182776
8,8676504021182776
8,8676504021182776
8,8676504021182776
8,8676504021182776
8,8676504021182776
8,8676504021182776
8,8676504021182776
8,8676504021182776
8,8676504021182776
8,8676504021182776
8,8676504021182776
