1,4463828362000835
1,4463827878386613
1,4463828362000835
1,4457225087244066
1,4463828362000835
1,4463693208840287
1,4463828737343214
1,4463693208840287
1,4463692722132584
1,4463692722132584
1,4463692722132584
1,4463692722132584
1,4463692722132584
1,4463693208840287
1,4463693208840287
1,4463692722132584
1,4463692722132584
1,4463692722132584
1,4463692722132584
1,4463692677792688
1,4463692657169480
1,4463692657169480
1,4463692657169480
1,4463692657169480
1,4463692677792688
1,4463692677792688
1,4463692677792688
1,4463692657169480
1,4463692657169480
1,4463692657169480
1,4463692657169480
1,4463692657169480
1,4463692657169480
1,4463692657169480
1,4463692657169480
1,4463692657169480
1,4463692657169480
1,4463692657169480
1,4463692657169480
1,4463692657169480
1,4463692657169480
1,4463692657169480
1,4463692657169480
1,4463692657169480
1,4463692657169480
1,4463692657169480
1,4463692657169480
1,4463692657169480
1,4463692657169480
1,4463692657169480
1,4463692657169480
1,4463692657169480
1,4463692657169480
1,4463692657169480
1,4463692657169480
1,4463692657169480
1,4463692657169480
1,4463692657169480
1,4463692657169480
1,4463692657169480
1,4463692657169480
1,4463692657169480
1,4463692657169480
1,4463692657169480
1,4463692657169480
1,4463692657169480
1,4463692657169480
1,4463692657169480
1,4463692657169480
1,4463692657169480
1,4463692657169480
1,4463692657169480
1,4463692657169480
1,4463692657169480
1,4463692657169480
1,4463692657169480
1,4463692657169480
1,4463692657169480
1,4463692657169480
1,4463692657169480
1,4463692657169480
1,4463692657169480
1,4463692657169480
1,4463692657169480
1,4463692657169480
1,4463692657169480
1,4463692657169480
1,4463692657169480
1,4463692657169480
1,4463692657169480
1,4463692657169480
1,4463692657169480
1,4463692657169480
1,4463692657169480
1,4463692657169480
1,4463692657169480
1,4463692657169480
1,4463692657169480
1,4463692657169480
1,4463692657169480
