1.4677098253416963
1.4677098238301225
1.4677098238301225
1.4677709639686634
1.4677709645355035
1.4677709635907699
1.4677709645355035
1.4677709645355035
1.4677709645355035
1.4677717394060414
1.4677717394060414
1.4677717394060414
1.4677717394060414
1.4677717394060414
1.4677717394060414
1.4677717394060414
1.4677717384613078
1.4677717384613078
1.4677717384613078
1.4677717384613078
1.4677717394060414
1.4677717394060414
1.4677717394060414
1.4677717394060414
1.4677717394060414
1.4677717394060414
1.4677717394060414
1.4677717394060414
1.4677717394060414
1.4677717394060414
1.4677717394060414
1.4677717394060414
1.4677717394060414
1.4677717394060414
1.4677717394060414
1.4677717394060414
1.4677717394060414
1.4677717394060414
1.4677717394060414
1.4677717394060414
1.4677717394060414
1.4677717394060414
1.4677717394060414
1.4677717394060414
1.4677717394060414
1.4677717394060414
1.4677717394060414
1.4677717394060414
1.4677717394060414
1.4677717394060414
1.4677717394060414
1.4677717394060414
1.4677717394060414
1.4677717394060414
1.4677717394060414
1.4677717394060414
1.4677717394060414
1.4677717394060414
1.4677717394060414
1.4677717394060414
1.4677717394060414
1.4677717394060414
1.4677717394060414
1.4677717394060414
1.4677717394060414
1.4677717394060414
1.4677717394060414
1.4677717394060414
1.4677717394060414
1.4677717394060414
1.4677717394060414
1.4677717394060414
1.4677717394060414
1.4677717394060414
1.4677717394060414
1.4677717394060414
1.4677717394060414
1.4677717394060414
1.4677717394060414
1.4677717394060414
1.4677717394060414
1.4677717394060414
1.4677717394060414
1.4677717394060414
1.4677717394060414
1.4677717394060414
1.4677717394060414
1.4677717394060414
1.4677717394060414
1.4677717394060414
1.4677717394060414
1.4677717394060414
1.4677717394060414
1.4677717394060414
1.4677717394060414
1.4677717394060414
1.4677717394060414
1.4677717394060414
1.4677717394060414
1.4677717394060414
