1.4674991888501998
1.4674991891336200
1.4674991891336200
1.4674991891336200
1.4674991891336200
1.4674991891336200
1.4674991891336200
1.4674991891336200
1.4674991891336200
1.4674991891336200
1.4674991891336200
1.4674991891336200
1.4674991891336200
1.4674991891336200
1.4674991891336200
1.4674991891336200
1.4674991891336200
1.4674991891336200
1.4674991891336200
1.4674991891336200
1.4674991891336200
1.4674991891336200
1.4674991891336200
1.4674991891336200
1.4674991891336200
1.4674991891336200
1.4674991891336200
1.4674991891336200
1.4674991891336200
1.4674991891336200
1.4674991891336200
1.4674991891336200
1.4674991891336200
1.4674991891336200
1.4674991891336200
1.4674991891336200
1.4674991891336200
1.4674991891336200
1.4674991891336200
1.4674991891336200
1.4674991891336200
1.4674991891336200
1.4674991891336200
1.4674991891336200
1.4674991891336200
1.4674991891336200
1.4674991891336200
1.4674991891336200
1.4674991891336200
1.4674991891336200
1.4674991891336200
1.4674991891336200
1.4674991891336200
1.4674991891336200
1.4674991891336200
1.4674991891336200
1.4674991891336200
1.4674991891336200
1.4674991891336200
1.4674991891336200
1.4674991891336200
1.4674991891336200
1.4674991891336200
1.4674991891336200
1.4674991891336200
1.4674991891336200
1.4674991891336200
1.4674991891336200
1.4674991891336200
1.4674991891336200
1.4674991891336200
1.4674991891336200
1.4674991891336200
1.4674991891336200
1.4674991891336200
1.4674991891336200
1.4674991891336200
1.4674991891336200
1.4674991891336200
1.4674991891336200
1.4674991891336200
1.4674991891336200
1.4674991891336200
1.4674991891336200
1.4674991891336200
1.4674991891336200
1.4674991891336200
1.4674991891336200
1.4674991891336200
1.4674991891336200
1.4674991891336200
1.4674991891336200
1.4674991891336200
1.4674991891336200
1.4674991891336200
1.4674991891336200
1.4674991891336200
1.4674991891336200
1.4674991891336200
1.4674991891336200
