1.4671081709622791
1.4671081680336049
1.4671081709622791
1.4671081560354875
1.4671080742215536
1.4671080611842293
1.4671080713873528
1.4671080713873528
1.4671080592002887
1.4671080592002887
1.4671080592002887
1.4671080592002887
1.4671080592002887
1.4671080713873528
1.4671080713873528
1.4671080592002887
1.4671080592002887
1.4671080712928792
1.4671080712928792
1.4671080712928792
1.4671080713873528
1.4671080713873528
1.4671080713873528
1.4671080713873528
1.4671080712928792
1.4671080712928792
1.4671080712928792
1.4671080713873528
1.4671080713873528
1.4671080713873528
1.4671080713873528
1.4671080713873528
1.4671080713873528
1.4671080713873528
1.4671080713873528
1.4671080713873528
1.4671080713873528
1.4671080713873528
1.4671080713873528
1.4671080713873528
1.4671080713873528
1.4671080713873528
1.4671080713873528
1.4671080713873528
1.4671080713873528
1.4671080713873528
1.4671080713873528
1.4671080713873528
1.4671080713873528
1.4671080713873528
1.4671080713873528
1.4671080713873528
1.4671080713873528
1.4671080713873528
1.4671080713873528
1.4671080713873528
1.4671080713873528
1.4671080713873528
1.4671080713873528
1.4671080713873528
1.4671080713873528
1.4671080713873528
1.4671080713873528
1.4671080713873528
1.4671080713873528
1.4671080713873528
1.4671080713873528
1.4671080713873528
1.4671080713873528
1.4671080713873528
1.4671080713873528
1.4671080713873528
1.4671080713873528
1.4671080713873528
1.4671080713873528
1.4671080713873528
1.4671080713873528
1.4671080713873528
1.4671080713873528
1.4671080713873528
1.4671080713873528
1.4671080713873528
1.4671080713873528
1.4671080713873528
1.4671080713873528
1.4671080713873528
1.4671080713873528
1.4671080713873528
1.4671080713873528
1.4671080713873528
1.4671080713873528
1.4671080713873528
1.4671080713873528
1.4671080713873528
1.4671080713873528
1.4671080713873528
1.4671080713873528
1.4671080713873528
1.4671080713873528
1.4671080713873528
