1.4658990658846220
1.4658990658846220
1.4658990658846220
1.4658990658846220
1.4658990447225884
1.4658990652233084
1.4658990652233084
1.4658990416994406
1.4658990444391682
1.4658990689077696
1.4658990689077696
1.4658990658846220
1.4658990658846220
1.4658990658846220
1.4658990416994406
1.4658990416994406
1.4658990447225884
1.4658990447225884
1.4658990416994406
1.4658990416994406
1.4658990447225884
1.4658990416994406
1.4658990416994406
1.4658990416994406
1.4658990416994406
1.4658990416994406
1.4658990416994406
1.4658990416994406
1.4658990658846220
1.4658990416994406
1.4658990658846220
1.4658990416994406
1.4658990658846220
1.4658990658846220
1.4658990658846220
1.4658990658846220
1.4658990658846220
1.4658990658846220
1.4658990658846220
1.4658990658846220
1.4658990658846220
1.4658990658846220
1.4658990658846220
1.4658990658846220
1.4658990658846220
1.4658990658846220
1.4658990658846220
1.4658990658846220
1.4658990658846220
1.4658990658846220
1.4658990658846220
1.4658990658846220
1.4658990658846220
1.4658990658846220
1.4658990658846220
1.4658990658846220
1.4658990658846220
1.4658990658846220
1.4658990658846220
1.4658990658846220
1.4658990658846220
1.4658990658846220
1.4658990658846220
1.4658990658846220
1.4658990658846220
1.4658990658846220
1.4658990658846220
1.4658990658846220
1.4658990658846220
1.4658990658846220
1.4658990658846220
1.4658990658846220
1.4658990658846220
1.4658990658846220
1.4658990658846220
1.4658990658846220
1.4658990658846220
1.4658990658846220
1.4658990658846220
1.4658990658846220
1.4658990658846220
1.4658990658846220
1.4658990658846220
1.4658990658846220
1.4658990658846220
1.4658990658846220
1.4658990658846220
1.4658990658846220
1.4658990658846220
1.4658990658846220
1.4658990658846220
1.4658990658846220
1.4658990658846220
1.4658990658846220
1.4658990658846220
1.4658990658846220
1.4658990658846220
1.4658990658846220
1.4658990658846220
1.4658990658846220
