1.4673087598335373
1.4673087598335373
1.4674333098332080
1.4668439838500018
1.4669128965956837
1.4669128803462648
1.4673091314917543
1.4669128965956837
1.4669128965956837
1.4668447911249038
1.4668447911249038
1.4669128965956837
1.4669128965956837
1.4668625944415508
1.4668625944415508
1.4669128996188312
1.4668447911249038
1.4668447911249038
1.4668447911249038
1.4669129026419789
1.4669129026419789
1.4669129026419789
1.4669129026419789
1.4669129026419789
1.4669129026419789
1.4669129026419789
1.4668447910304305
1.4668447910304305
1.4668447910304305
1.4668447910304305
1.4668447910304305
1.4668447911249038
1.4668447911249038
1.4668447911249038
1.4668447911249038
1.4668447911249038
1.4668447911249038
1.4668447911249038
1.4668447911249038
1.4668447911249038
1.4668447911249038
1.4668447911249038
1.4668447911249038
1.4668447911249038
1.4668447911249038
1.4668447911249038
1.4668447911249038
1.4668447911249038
1.4668447911249038
1.4668447911249038
1.4668447911249038
1.4668447911249038
1.4668447911249038
1.4668447911249038
1.4668447911249038
1.4668447911249038
1.4668447911249038
1.4668447911249038
1.4668447911249038
1.4668447911249038
1.4668447911249038
1.4668447911249038
1.4668447911249038
1.4668447911249038
1.4668447911249038
1.4668447911249038
1.4668447911249038
1.4668447911249038
1.4668447911249038
1.4668447911249038
1.4668447911249038
1.4668447911249038
1.4668447911249038
1.4668447911249038
1.4668447911249038
1.4668447911249038
1.4668447911249038
1.4668447911249038
1.4668447911249038
1.4668447911249038
1.4668447911249038
1.4668447911249038
1.4668447911249038
1.4668447911249038
1.4668447911249038
1.4668447911249038
1.4668447911249038
1.4668447911249038
1.4668447911249038
1.4668447911249038
1.4668447911249038
1.4668447911249038
1.4668447911249038
1.4668447911249038
1.4668447911249038
1.4668447911249038
1.4668447911249038
1.4668447911249038
1.4668447911249038
1.4668447911249038
