0.2769716024005279
0.2842482312936556
0.2933850373111736
0.3599110237400156
0.3683623291658492
1.2056725050296522
1.2310760102728295
1.3178961778783418
2.4706133460855124
2.4706133460855124
2.5846809300110856
2.5846809300110856
2.6861508977678006
3.1012621930063426
3.3936033700608181
3.3936033700608181
4.8005394545505542
4.9040280311810687
4.9161705318872659
4.9161705318872659
5.1556286129463729
5.1556286129463729
5.2394280872717083
5.6957552089577979
5.7098113608330543
5.7098913206837381
5.9643879979415768
6.2267582752545874
6.8738543746249636
7.4767412708631831
7.4947679964854785
7.4947679964854785
7.5140714052066766
8.6823112105427711
8.6823112105427711
8.6823112105427711
9.0394863511485859
10.4540364997941970
11.5656416834212160
11.5656416834212160


4.2549686463185861
4.9040280311810687
4.9040775127996303
5.0246732107411498
5.0328068823780363
5.7098913206837381
5.7504054983708031
5.9921917910072562
6.8738543746249636
7.4767412708631831
7.4767412708631831
7.4947679964854785
7.4947679964854785
7.4947679964854785
7.4947679964854785
7.5140714052066766
7.5206646077657080
8.1744835648721477
8.4626314540918415
8.6325095492906740
8.6823112105427711
8.6823112105427711
8.6823112105427711
8.6823112105427711
8.6823112105427711
8.6823846840976557
8.6957468251750552
9.0394863511485859
9.3518464584090939
10.3640247872968810
10.4430984643893670
10.4540364997941970
10.4540364997941970
11.5656416834212160
11.5656416834212160
11.5656416834212160
11.5656416834212160
11.5656416834212160
12.7285214954560000
13.6626158047356330


7.5105042845381309
7.5167752979725622
8.1744835648721477
8.3820070607064707
8.4989030433986645
8.6823112105427711
8.7411226988666115
9.0973588806820445
9.3518464584090939
10.3640247872968810
10.3640247872968810
10.3640247872968810
10.4334290690986970
10.4430984643893670
10.4540364997941970
10.4540364997941970
10.4540364997941970
10.8469011514037600
11.0450492765903230
11.4974534907567370
11.5654974235565980
11.5655340446596340
11.5656350271971410
11.5656416834212160
11.5656416834212160
11.5656416834212160
11.5656416834212160
11.5656416834212160
11.5656416834212160
11.5656416834212160
11.5656416834212160
11.5656416834212160
11.5882530087996860
11.7357170056133280
12.7285214954560000
12.7285214954560000
12.7286396216405890
13.6626158047356330
13.6626158047356330
13.6626243506838990


10.4540364997941970
10.4540592695765750
10.6281901243328200
11.1273543448626120
11.4795646135033530
11.5623726216338430
11.5654363314143110
11.5656350271971410
11.5656350271971410
11.5656416834212160
11.5656416834212160
11.5656416834212160
11.5656416834212160
11.5656416834212160
11.5656416834212160
11.5656416834212160
11.5656416834212160
11.5656859246663900
11.5852476736467020
11.5882530087996860
11.7357170056133280
11.7357170056133280
11.7358157543811550
11.8607985855911040
12.7073154371080470
12.7285214954560000
12.7285214954560000
12.7285214954560000
12.7286396216405890
12.7320823575628670
13.6625647199115380
13.6626158047356330
13.6626158047356330
13.6626158047356330
13.6626158047356330
13.6626243506838990
13.6626243506838990
13.6905183195512680
14.8575905758871160
15.0869911302234140


11.5656416834212160
11.5656416834212160
11.5656416834212160
11.5657344577683250
11.5851190351665260
11.6799959878659010
11.8607985855911040
12.3045698583697600
12.7285214954560000
12.7286396216405890
12.7286396216405890
12.7286622795588490
12.7320823575628670
12.7523968717641760
13.6152458919711510
13.6624860905247620
13.6625647199115380
13.6625647199115380
13.6626040746562350
13.6626158047356330
13.6626158047356330
13.6626158047356330
13.6626158047356330
13.6626158047356330
13.6626158047356330
13.6626158047356330
13.6626243506838990
13.6626243506838990
13.6626243506838990
13.6627540664016060
13.6890783237466170
13.6905183195512680
13.6905183195512680
13.6905183195512680
13.6905183195512680
14.0501499838078490
14.8575905758871160
15.0869911302234140
15.0869911302234140
16.5767008067165840


13.6624666655766660
13.6624860905247620
13.6625541005365680
13.6625647199115380
13.6626040746562350
13.6626158047356330
13.6626158047356330
13.6626243506838990
13.6626243506838990
13.6626243506838990
13.6626243506838990
13.6627540664016060
13.6627540664016060
13.6864139905985360
13.6873881325429880
13.6890783237466170
13.6903943985949080
13.6904239896087190
13.6905183195512680
13.6905183195512680
13.6905183195512680
13.6905183195512680
13.6905183195512680
13.6905183195512680
13.6905183195512680
13.6905183195512680
14.0213655395605840
14.0501499838078490
14.8575905758871160
14.8575905758871160
15.0869911302234140
15.0869911302234140
15.0869911302234140
15.0869911302234140
15.0871248871232950
15.0871526788122670
15.0914693531693020
16.5767008067165840
16.5767008067165840
16.6121435031554580


13.6627540664016060
13.6629518007871730
13.6865659758703340
13.6865914349332910
13.6873881325429880
13.6875610377678640
13.6902985790773910
13.6904750824800190
13.6905183195512680
13.6905552220735130
14.8575905758871160
14.8575905758871160
14.8575905758871160
14.8575905758871160
14.9512875855125760
15.0639801276076370
15.0869911302234140
15.0869911302234140
15.0869911302234140
15.0869911302234140
15.0869911302234140
15.0869911302234140
15.0870207115608060
15.0871248871232950
15.0871248871232950
15.0871526788122670
15.0913034932096400
15.0914372799196280
15.0914693531693020
16.5767008067165840
16.5767008067165840
16.5767008067165840
16.5767008067165840
16.5767008067165840
16.5769094001408280
16.6015031494337040
16.6121435031554580
16.6121435031554580
18.3941872123409520
18.9660910409284680


15.0903970530137600
15.0914693531693020
15.1186909025149860
16.5710790552181850
16.5764941125884600
16.5765316238808790
16.5767008067165840
16.5767008067165840
16.5767008067165840
16.5767008067165840
16.5767008067165840
16.5767008067165840
16.5767008067165840
16.5767564390012760
16.5768237400239930
16.5769094001408280
16.5769094001408280
16.6015031494337040
16.6121435031554580
16.6121435031554580
16.6121435031554580
16.6121435031554580
16.6860029952797610
16.6985819408147730
16.9542438164703280
18.3455522887839350
18.3940492141942760
18.3940509429659400
18.3941872123409520
18.3941872123409520
18.4837045392333080
21.0992877923705960
21.0989976760611280
18.9660910409284680
18.9660910409284680
18.9660910409284680
18.9660910409284680
18.9660910409284680
18.9663376074415490
19.0143162859462260


18.3505700734130810
18.3507697476031520
18.3940492141942760
18.3941872123409520
18.3941872123409520
18.4836663510200520
18.4837045392333080
18.4837045392333080
18.5181953931460410
21.0992877923705960
21.0990392969479470
21.0989976760611280
21.0989976760611280
18.9659915682073860
18.9660910409284680
18.9660910409284680
18.9660910409284680
18.9660910409284680
18.9660910409284680
18.9660910409284680
18.9660910409284680
18.9660910409284680
18.9660910409284680
18.9660910409284680
18.9660910409284680
18.9660910409284680
18.9660910409284680
18.9660910409284680
18.9661321682649060
18.9663167650176980
18.9663376074415490
18.9663376074415490
18.9663376074415490
18.9726931020853050
18.9734187035229060
19.0077096431544030
19.0143162859462260
19.0143162859462260
20.9572591980904550
19.0548011017545170


21.0533223694372720
18.9659915682073860
18.9660910409284680
18.9660910409284680
18.9660910409284680
18.9660910409284680
18.9660910409284680
18.9660910409284680
18.9660910409284680
18.9661321682649060
18.9661321682649060
18.9661352466437840
18.9662052392700390
18.9662052392700390
18.9662933778107070
18.9663167650176980
18.9663376074415490
18.9663376074415490
18.9663376074415490
18.9663376074415490
18.9663376074415490
18.9664643714150250
18.9664867659078310
18.9726931020853050
18.9726931020853050
18.9729335209433150
18.9730864519179820
18.9734187035229060
19.0075952182545290
19.0075952182545290
19.0077096431544030
19.0077096431544030
19.0077152651844660
19.0078417599377540
19.0143162859462260
19.0143162859462260
19.0143162859462260
20.9572591980904550
19.0548011017545170
19.0548011017545170


18.9660910409284680
18.9661321682649060
18.9661352466437840
18.9661368194148880
18.9662052392700390
18.9662052392700390
18.9662096666938390
18.9663376074415490
18.9664075757063730
18.9664867659078310
18.9667207255472970
18.9668005001960370
18.9726931020853050
18.9727700319910650
18.9729335209433150
18.9734187035229060
19.0074955002626350
19.0075952182545290
19.0075952182545290
19.0075952182545290
19.0075952182545290
19.0075952182545290
19.0076395620118960
19.0077096431544030
19.0077096431544030
19.0077152651844660
19.0077152651844660
19.0078417599377540
19.0084918201878100
19.0139321706048430
19.0143162859462260
19.0143162859462260
19.0143162859462260
19.0143162859462260
19.0143162859462260
19.0143162859462260
20.9572591980904550
19.0548011017545170
19.0548011017545170
19.0548011017545170


18.9666713083452550
18.9668005001960370
18.9668005001960370
18.9726931020853050
18.9762314482068600
19.0042094937857510
19.0043359631626810
19.0075952182545290
19.0076395620118960
19.0077096431544030
19.0077152651844660
19.0078417599377540
19.0082258273399490
19.0082267782574090
19.0084918201878100
19.0136882359350210
19.0139312196217390
19.0139321706048430
19.0139321706048430
19.0139321706048430
19.0139321706048430
19.0142062513261400
19.0143162859462260
19.0143162859462260
19.0143162859462260
19.0143162859462260
19.0143162859462260
19.0143162859462260
19.0143162859462260
19.0143162859462260
19.0143162859462260
19.0143162859462260
19.0143489590751390
19.0177046177788820
20.9572591980904550
19.0547683929836110
19.0548011017545170
19.0548011017545170
19.0548011017545170
19.0548011017545170


19.0076015693500150
19.0077089154267400
19.0077096431544030
19.0078417599377540
19.0078527289584440
19.0132223738722460
19.0139223447983280
19.0139321706048430
19.0142475123444790
19.0143162859462260
19.0143162859462260
19.0143162859462260
19.0143162859462260
19.0143162859462260
19.0143162859462260
19.0143162859462260
19.0143162859462260
19.0143162859462260
19.0143162859462260
19.0143162859462260
19.0143261119833400
19.0143489590751390
19.0143489590751390
19.0143489590751390
19.0177046177788820
19.0177046177788820
19.0177395714005900
19.0177405226115400
20.9580169131192310
20.9572591980904550
19.0547683929836110
19.0547683929836110
19.0547683929836110
19.0547683929836110
19.0547683929836110
19.0548011017545170
19.0548011017545170
19.0548011017545170
19.0548011017545170
19.0548011017545170


19.0132223738722460
19.0137368879919320
19.0140609710494570
19.0141874833707370
19.0143162859462260
19.0143162859462260
19.0143162859462260
19.0143162859462260
19.0143489590751390
19.0143489590751390
19.0143489590751390
19.0176707770774450
19.0176707770774450
19.0177046177788820
19.0177405226115400
19.0177493995563300
20.9684597770769370
20.9580169131192310
20.9572591980904550
20.9572591980904550
19.0514013376883110
19.0547676825045400
19.0547683929836110
19.0547683929836110
19.0547683929836110
19.0547683929836110
19.0547683929836110
19.0547683929836110
19.0547683929836110
19.0547683929836110
19.0548011017545170
19.0548011017545170
19.0548011017545170
19.0548011017545170
19.0548011017545170
19.0548011017545170
19.0548011017545170
19.0548011017545170
19.0548368398032790
19.0553472938365540


19.0143489590751390
19.0143489590751390
19.0171600443908450
19.0176707770774450
19.0176707770774450
19.0177449300181040
19.0268848976287830
20.9580169131192310
20.9578368412942880
19.0542636341291500
19.0546512693724170
19.0547304721691790
19.0547683929836110
19.0547683929836110
19.0547683929836110
19.0547683929836110
19.0547683929836110
19.0547683929836110
19.0547683929836110
19.0547683929836110
19.0547683929836110
19.0548011017545170
19.0548011017545170
19.0548011017545170
19.0548011017545170
19.0548011017545170
19.0548011017545170
19.0548011017545170
19.0548011017545170
19.0548011017545170
19.0548011017545170
19.0548011017545170
19.0548011017545170
19.0548011017545170
19.0548368398032790
19.0548390226639520
19.0549182263403050
19.0553107013065600
19.0553472938365540
19.0553472938365540


19.0542636341291500
19.0546537965841300
19.0546894862648240
19.0547304721691790
19.0547683929836110
19.0547683929836110
19.0547683929836110
19.0547683929836110
19.0547683929836110
19.0548011017545170
19.0548011017545170
19.0548011017545170
19.0548011017545170
19.0548011017545170
19.0548011017545170
19.0548011017545170
19.0548011017545170
19.0548011017545170
19.0548011017545170
19.0548011017545170
19.0548011017545170
19.0548011017545170
19.0548011017545170
19.0548011017545170
19.0548011017545170
19.0548011017545170
19.0548368398032790
19.0548368398032790
19.0548368398032790
19.0548390226639520
19.0548390226639520
19.0548390226639520
19.0548685962969950
19.0548800089957170
19.0549182263403050
19.0553107013065600
19.0553472938365540
19.0553472938365540
19.0553472938365540
19.0554580113558850


19.0547986226461180
19.0548011017545170
19.0548011017545170
19.0548011017545170
19.0548011017545170
19.0548011017545170
19.0548011017545170
19.0548011017545170
19.0548011017545170
19.0548011017545170
19.0548011017545170
19.0548011017545170
19.0548011017545170
19.0548362472884560
19.0548368398032790
19.0548368398032790
19.0548368398032790
19.0548368398032790
19.0548390226639520
19.0548390226639520
19.0548390226639520
19.0548390226639520
19.0548390226639520
19.0548650265774310
19.0548685962969950
19.0548685962969950
19.0548800089957170
19.0549182263403050
19.0549182263403050
19.0549182263403050
19.0549182263403050
19.0553107013065600
19.0553107013065600
19.0553107013065600
19.0553472938365540
19.0553472938365540
19.0553472938365540
19.0554179255762510
19.0554580113558850
19.0554580113558850


19.0548011017545170
19.0548011017545170
19.0548011017545170
19.0548362472884560
19.0548365435469550
19.0548368398032790
19.0548368398032790
19.0548390226639520
19.0548390226639520
19.0548393189204250
19.0548650265774310
19.0548685962969950
19.0548800089957170
19.0548803052544290
19.0549179300825670
19.0549182263403050
19.0549182263403050
19.0549182263403050
19.0549182263403050
19.0549182263403050
19.0549182263403050
19.0549611538511100
19.0552326937263530
19.0553107013065600
19.0553107013065600
19.0553107013065600
19.0553107013065600
19.0553472938365540
19.0553472938365540
19.0553472938365540
19.0553472938365540
19.0553472938365540
19.0553472938365540
19.0553472938365540
19.0554179255762510
19.0554296360357180
19.0554580113558850
19.0554580113558850
19.0554580113558850
19.0554959335954310


19.0548650265774310
19.0548800089957170
19.0548803052544290
19.0549182263403050
19.0549182263403050
19.0549377786489310
19.0549611538511100
19.0549990750464420
19.0549990750464420
19.0552326937263530
19.0553107013065600
19.0553107013065600
19.0553107013065600
19.0553107013065600
19.0553472938365540
19.0553472938365540
19.0553472938365540
19.0553472938365540
19.0553472938365540
19.0553472938365540
19.0553472938365540
19.0553472938365540
19.0553472938365540
19.0553472938365540
19.0553472938365540
19.0553504297544980
19.0553800034335730
19.0554179255762510
19.0554179255762510
19.0554179255762510
19.0554253016995110
19.0554296360357180
19.0554296360357180
19.0554296360357180
19.0554296360357180
19.0554580113558850
19.0554580113558850
19.0554580113558850
19.0554959335954310
19.0554959335954310


19.0553107013065600
19.0553107013065600
19.0553107013065600
19.0553125076956360
19.0553125076956360
19.0553472938365540
19.0553472938365540
19.0553472938365540
19.0553472938365540
19.0553472938365540
19.0553472938365540
19.0553504297544980
19.0553800034335730
19.0553800034335730
19.0554143568238670
19.0554179255762510
19.0554179255762510
19.0554179255762510
19.0554179255762510
19.0554253016995110
19.0554253016995110
19.0554296360357180
19.0554296360357180
19.0554296360357180
19.0554296360357180
19.0554296360357180
19.0554296360357180
19.0554296360357180
19.0554580113558850
19.0554580113558850
19.0554580113558850
19.0554580113558850
19.0554959335954310
19.0554959335954310
19.0554959335954310
19.0554959335954310
19.0554971320436410
19.0555751402774480
19.0555751402774480
19.0555877841666760


19.0553504297544980
19.0553800034335730
19.0553800034335730
19.0554179255762510
19.0554179255762510
19.0554179255762510
19.0554296360357180
19.0554296360357180
19.0554296360357180
19.0554296360357180
19.0554296360357180
19.0554491879855200
19.0554580113558850
19.0554580113558850
19.0554580113558850
19.0554580113558850
19.0554580113558850
19.0554580113558850
19.0554580113558850
19.0554580113558850
19.0554580113558850
19.0554959335954310
19.0554959335954310
19.0554959335954310
19.0554959335954310
19.0554959335954310
19.0554959335954310
19.0554959335954310
19.0554959335954310
19.0554959335954310
19.0554959335954310
19.0554971320436410
19.0555545056636290
19.0555751402774480
19.0555751402774480
19.0555751402774480
19.0555751402774480
19.0555877841666760
19.0555877841666760
19.0555951399970700


19.0554296360357180
19.0554296360357180
19.0554384622333330
19.0554580113558850
19.0554580113558850
19.0554580113558850
19.0554580113558850
19.0554580113558850
19.0554959335954310
19.0554959335954310
19.0554959335954310
19.0554959335954310
19.0554959335954310
19.0554959335954310
19.0554959335954310
19.0554959335954310
19.0554959335954310
19.0554959335954310
19.0554959335954310
19.0554959335954310
19.0554959335954310
19.0554959335954310
19.0554971320436410
19.0555104863446690
19.0555545056636290
19.0555545056636290
19.0555744298337300
19.0555751402774480
19.0555751402774480
19.0555751402774480
19.0555751402774480
19.0555751402774480
19.0555751402774480
19.0555751402774480
19.0555751402774480
19.0555751402774480
19.0555877841666760
19.0555877841666760
19.0555951399970700
19.0555951399970700


19.0554959335954310
19.0554959335954310
19.0554959335954310
19.0554959335954310
19.0554959335954310
19.0554959335954310
19.0554959335954310
19.0554959335954310
19.0554962298622000
19.0554971320436410
19.0555104863446690
19.0555545056636290
19.0555744298337300
19.0555744298337300
19.0555744298337300
19.0555748440091430
19.0555751402774480
19.0555751402774480
19.0555751402774480
19.0555751402774480
19.0555751402774480
19.0555751402774480
19.0555751402774480
19.0555751402774480
19.0555751402774480
19.0555751402774480
19.0555751402774480
19.0555751402774480
19.0555751402774480
19.0555751402774480
19.0555751402774480
19.0555751402774480
19.0555751402774480
19.0555751402774480
19.0555877841666760
19.0555877841666760
19.0555884946106570
19.0555951399970700
19.0555951399970700
19.0555951399970700


19.0555104863446690
19.0555193098274390
19.0555744298337300
19.0555744298337300
19.0555751402774480
19.0555751402774480
19.0555751402774480
19.0555751402774480
19.0555751402774480
19.0555751402774480
19.0555751402774480
19.0555751402774480
19.0555751402774480
19.0555751402774480
19.0555751402774480
19.0555751402774480
19.0555751402774480
19.0555751402774480
19.0555751402774480
19.0555751402774480
19.0555751402774480
19.0555751402774480
19.0555751402774480
19.0555751402774480
19.0555751402774480
19.0555751402774480
19.0555751402774480
19.0555877841666760
19.0555877841666760
19.0555877841666760
19.0555877841666760
19.0555877841666760
19.0555877841666760
19.0555877841666760
19.0555884946106570
19.0555951399970700
19.0555951399970700
19.0555951399970700
19.0555951399970700
19.0555951399970700


19.0555751402774480
19.0555751402774480
19.0555751402774480
19.0555751402774480
19.0555751402774480
19.0555751402774480
19.0555751402774480
19.0555751402774480
19.0555751402774480
19.0555751402774480
19.0555751402774480
19.0555751402774480
19.0555751402774480
19.0555751402774480
19.0555877841666760
19.0555877841666760
19.0555877841666760
19.0555877841666760
19.0555877841666760
19.0555877841666760
19.0555877841666760
19.0555877841666760
19.0555877841666760
19.0555877841666760
19.0555877841666760
19.0555880804351080
19.0555884946106570
19.0555884946106570
19.0555884946106570
19.0555884946106570
19.0555944295547130
19.0555951399970700
19.0555951399970700
19.0555951399970700
19.0555951399970700
19.0555951399970700
19.0555951399970700
19.0555951399970700
19.0555951399970700
19.0556559855577030


19.0555751402774480
19.0555751402774480
19.0555751402774480
19.0555751402774480
19.0555751402774480
19.0555877841666760
19.0555877841666760
19.0555877841666760
19.0555877841666760
19.0555877841666760
19.0555877841666760
19.0555880804351080
19.0555884946106570
19.0555884946106570
19.0555884946106570
19.0555884946106570
19.0555884946106570
19.0555884946106570
19.0555884946106570
19.0555887908790990
19.0555944295547130
19.0555944295547130
19.0555948437286100
19.0555951399970700
19.0555951399970700
19.0555951399970700
19.0555951399970700
19.0555951399970700
19.0555951399970700
19.0555951399970700
19.0555951399970700
19.0555951399970700
19.0555951399970700
19.0555951399970700
19.0555951399970700
19.0555951399970700
19.0555951399970700
19.0555951399970700
19.0556559855577030
19.0556559855577030


19.0555877841666760
19.0555877841666760
19.0555877841666760
19.0555884946106570
19.0555884946106570
19.0555884946106570
19.0555884946106570
19.0555884946106570
19.0555944295547130
19.0555948437286100
19.0555951399970700
19.0555951399970700
19.0555951399970700
19.0555951399970700
19.0555951399970700
19.0555951399970700
19.0555951399970700
19.0555951399970700
19.0555951399970700
19.0555951399970700
19.0555951399970700
19.0555951399970700
19.0555951399970700
19.0555951399970700
19.0555951399970700
19.0555951399970700
19.0555951399970700
19.0555951399970700
19.0555951399970700
19.0555951399970700
19.0555951399970700
19.0555951399970700
19.0555951399970700
19.0555951399970700
19.0555951399970700
19.0555951399970700
19.0555951399970700
19.0556559855577030
19.0556559855577030
19.0556559855577030


19.0555948437286100
19.0555951399970700
19.0555951399970700
19.0555951399970700
19.0555951399970700
19.0555951399970700
19.0555951399970700
19.0555951399970700
19.0555951399970700
19.0555951399970700
19.0555951399970700
19.0555951399970700
19.0555951399970700
19.0555951399970700
19.0555951399970700
19.0555951399970700
19.0555951399970700
19.0555951399970700
19.0555951399970700
19.0555951399970700
19.0555951399970700
19.0555951399970700
19.0555951399970700
19.0555951399970700
19.0555951399970700
19.0555951399970700
19.0555951399970700
19.0555951399970700
19.0555951399970700
19.0555951399970700
19.0555951399970700
19.0555951399970700
19.0555951399970700
19.0555951399970700
19.0555951399970700
19.0556559855577030
19.0556559855577030
19.0556559855577030
19.0556559855577030
19.0556626309582240


19.0555951399970700
19.0555951399970700
19.0555951399970700
19.0555951399970700
19.0555951399970700
19.0555951399970700
19.0555951399970700
19.0555951399970700
19.0555951399970700
19.0555951399970700
19.0555951399970700
19.0555951399970700
19.0555951399970700
19.0555951399970700
19.0555951399970700
19.0555951399970700
19.0555951399970700
19.0555951399970700
19.0555951399970700
19.0555951399970700
19.0555951399970700
19.0555951399970700
19.0555951399970700
19.0555951399970700
19.0555951399970700
19.0555951399970700
19.0555951399970700
19.0555951399970700
19.0555951399970700
19.0555951399970700
19.0555951399970700
19.0556559855577030
19.0556559855577030
19.0556559855577030
19.0556559855577030
19.0556559855577030
19.0556559855577030
19.0556626309582240
19.0556626309582240
19.0556626309582240


19.0555951399970700
19.0555951399970700
19.0555951399970700
19.0555951399970700
19.0555951399970700
19.0555951399970700
19.0555951399970700
19.0555951399970700
19.0555951399970700
19.0555951399970700
19.0555951399970700
19.0555951399970700
19.0555951399970700
19.0555951399970700
19.0555951399970700
19.0555951399970700
19.0555951399970700
19.0555951399970700
19.0555951399970700
19.0555951399970700
19.0555951399970700
19.0555951399970700
19.0556559855577030
19.0556559855577030
19.0556559855577030
19.0556559855577030
19.0556559855577030
19.0556559855577030
19.0556559855577030
19.0556559855577030
19.0556559855577030
19.0556559855577030
19.0556559855577030
19.0556559855577030
19.0556562818268030
19.0556626309582240
19.0556626309582240
19.0556626309582240
19.0556626309582240
19.0556626309582240


19.0555951399970700
19.0555951399970700
19.0555951399970700
19.0555951399970700
19.0555951399970700
19.0555951399970700
19.0555951399970700
19.0555951399970700
19.0555951399970700
19.0556559855577030
19.0556559855577030
19.0556559855577030
19.0556559855577030
19.0556559855577030
19.0556559855577030
19.0556559855577030
19.0556559855577030
19.0556559855577030
19.0556559855577030
19.0556559855577030
19.0556559855577030
19.0556559855577030
19.0556559855577030
19.0556559855577030
19.0556559855577030
19.0556559855577030
19.0556559855577030
19.0556559855577030
19.0556562818268030
19.0556562818268030
19.0556562818268030
19.0556626309582240
19.0556626309582240
19.0556626309582240
19.0556626309582240
19.0556626309582240
19.0556626309582240
19.0556626309582240
19.0556626309582240
19.0556626309582240


19.0556559855577030
19.0556559855577030
19.0556559855577030
19.0556559855577030
19.0556559855577030
19.0556559855577030
19.0556559855577030
19.0556559855577030
19.0556559855577030
19.0556559855577030
19.0556559855577030
19.0556562818268030
19.0556562818268030
19.0556562818268030
19.0556562818268030
19.0556562818268030
19.0556562818268030
19.0556562818268030
19.0556562818268030
19.0556562818268030
19.0556623346891780
19.0556626309582240
19.0556626309582240
19.0556626309582240
19.0556626309582240
19.0556626309582240
19.0556626309582240
19.0556626309582240
19.0556626309582240
19.0556626309582240
19.0556626309582240
19.0556626309582240
19.0556626309582240
19.0556626309582240
19.0556626309582240
19.0556626309582240
19.0556626309582240
19.0556626309582240
19.0556633413776350
19.0556678880492000


19.0556559855577030
19.0556559855577030
19.0556559855577030
19.0556562818268030
19.0556562818268030
19.0556562818268030
19.0556562818268030
19.0556562818268030
19.0556626309582240
19.0556626309582240
19.0556626309582240
19.0556626309582240
19.0556626309582240
19.0556626309582240
19.0556626309582240
19.0556626309582240
19.0556626309582240
19.0556626309582240
19.0556626309582240
19.0556626309582240
19.0556626309582240
19.0556626309582240
19.0556626309582240
19.0556626309582240
19.0556626309582240
19.0556626309582240
19.0556626309582240
19.0556626309582240
19.0556626309582240
19.0556626309582240
19.0556626309582240
19.0556626309582240
19.0556626309582240
19.0556626309582240
19.0556626309582240
19.0556626309582240
19.0556626309582240
19.0556633413776350
19.0556678880492000
19.0556678880492000


19.0556626309582240
19.0556626309582240
19.0556626309582240
19.0556626309582240
19.0556626309582240
19.0556626309582240
19.0556626309582240
19.0556626309582240
19.0556626309582240
19.0556626309582240
19.0556626309582240
19.0556626309582240
19.0556626309582240
19.0556626309582240
19.0556626309582240
19.0556626309582240
19.0556626309582240
19.0556626309582240
19.0556626309582240
19.0556626309582240
19.0556626309582240
19.0556626309582240
19.0556626309582240
19.0556626309582240
19.0556626309582240
19.0556626309582240
19.0556626309582240
19.0556626309582240
19.0556626309582240
19.0556626309582240
19.0556626309582240
19.0556626309582240
19.0556626309582240
19.0556626309582240
19.0556626309582240
19.0556633413776350
19.0556633413776350
19.0556678880492000
19.0556678880492000
19.0556678880492000


19.0556626309582240
19.0556626309582240
19.0556626309582240
19.0556626309582240
19.0556626309582240
19.0556626309582240
19.0556626309582240
19.0556626309582240
19.0556626309582240
19.0556626309582240
19.0556626309582240
19.0556626309582240
19.0556626309582240
19.0556626309582240
19.0556626309582240
19.0556626309582240
19.0556626309582240
19.0556626309582240
19.0556626309582240
19.0556626309582240
19.0556626309582240
19.0556626309582240
19.0556626309582240
19.0556626309582240
19.0556626309582240
19.0556626309582240
19.0556626309582240
19.0556626309582240
19.0556626309582240
19.0556626309582240
19.0556626309582240
19.0556633413776350
19.0556633413776350
19.0556633413776350
19.0556633413776350
19.0556678880492000
19.0556678880492000
19.0556678880492000
19.0556678880492000
19.0556678880492000


19.0556626309582240
19.0556626309582240
19.0556626309582240
19.0556626309582240
19.0556626309582240
19.0556626309582240
19.0556626309582240
19.0556626309582240
19.0556626309582240
19.0556626309582240
19.0556626309582240
19.0556626309582240
19.0556626309582240
19.0556626309582240
19.0556626309582240
19.0556626309582240
19.0556626309582240
19.0556626309582240
19.0556626309582240
19.0556626309582240
19.0556626309582240
19.0556626309582240
19.0556633413776350
19.0556633413776350
19.0556633413776350
19.0556633413776350
19.0556633413776350
19.0556633413776350
19.0556633413776350
19.0556633413776350
19.0556633413776350
19.0556678880492000
19.0556678880492000
19.0556678880492000
19.0556678880492000
19.0556678880492000
19.0556678880492000
19.0556678880492000
19.0556678880492000
19.0556678880492000


19.0556626309582240
19.0556626309582240
19.0556626309582240
19.0556626309582240
19.0556626309582240
19.0556626309582240
19.0556626309582240
19.0556626309582240
19.0556626309582240
19.0556633413776350
19.0556633413776350
19.0556633413776350
19.0556633413776350
19.0556633413776350
19.0556633413776350
19.0556633413776350
19.0556633413776350
19.0556633413776350
19.0556633413776350
19.0556633413776350
19.0556633413776350
19.0556633413776350
19.0556678880492000
19.0556678880492000
19.0556678880492000
19.0556678880492000
19.0556678880492000
19.0556678880492000
19.0556678880492000
19.0556678880492000
19.0556678880492000
19.0556678880492000
19.0556678880492000
19.0556678880492000
19.0556678880492000
19.0556678880492000
19.0556678880492000
19.0556678880492000
19.0556678880492000
19.0556678880492000


19.0556633413776350
19.0556633413776350
19.0556633413776350
19.0556633413776350
19.0556633413776350
19.0556633413776350
19.0556633413776350
19.0556633413776350
19.0556633413776350
19.0556678880492000
19.0556678880492000
19.0556678880492000
19.0556678880492000
19.0556678880492000
19.0556678880492000
19.0556678880492000
19.0556678880492000
19.0556678880492000
19.0556678880492000
19.0556678880492000
19.0556678880492000
19.0556678880492000
19.0556678880492000
19.0556678880492000
19.0556678880492000
19.0556678880492000
19.0556678880492000
19.0556678880492000
19.0556678880492000
19.0556678880492000
19.0556678880492000
19.0556678880492000
19.0556678880492000
19.0556678880492000
19.0556678880492000
19.0556678880492000
19.0556678880492000
19.0556678880492000
19.0556678880492000
19.0556678880492000


19.0556678880492000
19.0556678880492000
19.0556678880492000
19.0556678880492000
19.0556678880492000
19.0556678880492000
19.0556678880492000
19.0556678880492000
19.0556678880492000
19.0556678880492000
19.0556678880492000
19.0556678880492000
19.0556678880492000
19.0556678880492000
19.0556678880492000
19.0556678880492000
19.0556678880492000
19.0556678880492000
19.0556678880492000
19.0556678880492000
19.0556678880492000
19.0556678880492000
19.0556678880492000
19.0556678880492000
19.0556678880492000
19.0556678880492000
19.0556678880492000
19.0556678880492000
19.0556678880492000
19.0556678880492000
19.0556678880492000
19.0556678880492000
19.0556678880492000
19.0556678880492000
19.0556678880492000
19.0556678880492000
19.0556678880492000
19.0556678880492000
19.0556678880492000
19.0556678880492000


19.0556678880492000
19.0556678880492000
19.0556678880492000
19.0556678880492000
19.0556678880492000
19.0556678880492000
19.0556678880492000
19.0556678880492000
19.0556678880492000
19.0556678880492000
19.0556678880492000
19.0556678880492000
19.0556678880492000
19.0556678880492000
19.0556678880492000
19.0556678880492000
19.0556678880492000
19.0556678880492000
19.0556678880492000
19.0556678880492000
19.0556678880492000
19.0556678880492000
19.0556678880492000
19.0556678880492000
19.0556678880492000
19.0556678880492000
19.0556678880492000
19.0556678880492000
19.0556678880492000
19.0556678880492000
19.0556678880492000
19.0556678880492000
19.0556678880492000
19.0556678880492000
19.0556678880492000
19.0556678880492000
19.0556678880492000
19.0556678880492000
19.0556678880492000
19.0556678880492000


19.0556678880492000
19.0556678880492000
19.0556678880492000
19.0556678880492000
19.0556678880492000
19.0556678880492000
19.0556678880492000
19.0556678880492000
19.0556678880492000
19.0556678880492000
19.0556678880492000
19.0556678880492000
19.0556678880492000
19.0556678880492000
19.0556678880492000
19.0556678880492000
19.0556678880492000
19.0556678880492000
19.0556678880492000
19.0556678880492000
19.0556678880492000
19.0556678880492000
19.0556678880492000
19.0556678880492000
19.0556678880492000
19.0556678880492000
19.0556678880492000
19.0556678880492000
19.0556678880492000
19.0556678880492000
19.0556678880492000
19.0556678880492000
19.0556678880492000
19.0556678880492000
19.0556678880492000
19.0556678880492000
19.0556678880492000
19.0556678880492000
19.0556678880492000
19.0556678880492000


19.0556678880492000
19.0556678880492000
19.0556678880492000
19.0556678880492000
19.0556678880492000
19.0556678880492000
19.0556678880492000
19.0556678880492000
19.0556678880492000
19.0556678880492000
19.0556678880492000
19.0556678880492000
19.0556678880492000
19.0556678880492000
19.0556678880492000
19.0556678880492000
19.0556678880492000
19.0556678880492000
19.0556678880492000
19.0556678880492000
19.0556678880492000
19.0556678880492000
19.0556678880492000
19.0556678880492000
19.0556678880492000
19.0556678880492000
19.0556678880492000
19.0556678880492000
19.0556678880492000
19.0556678880492000
19.0556678880492000
19.0556678880492000
19.0556678880492000
19.0556678880492000
19.0556678880492000
19.0556678880492000
19.0556678880492000
19.0556678880492000
19.0556678880492000
19.0556678880492000


19.0556678880492000
19.0556678880492000
19.0556678880492000
19.0556678880492000
19.0556678880492000
19.0556678880492000
19.0556678880492000
19.0556678880492000
19.0556678880492000
19.0556678880492000
19.0556678880492000
19.0556678880492000
19.0556678880492000
19.0556678880492000
19.0556678880492000
19.0556678880492000
19.0556678880492000
19.0556678880492000
19.0556678880492000
19.0556678880492000
19.0556678880492000
19.0556678880492000
19.0556678880492000
19.0556678880492000
19.0556678880492000
19.0556678880492000
19.0556678880492000
19.0556678880492000
19.0556678880492000
19.0556678880492000
19.0556678880492000
19.0556678880492000
19.0556678880492000
19.0556678880492000
19.0556678880492000
19.0556678880492000
19.0556678880492000
19.0556678880492000
19.0556678880492000
19.0556678880492000


19.0556678880492000
19.0556678880492000
19.0556678880492000
19.0556678880492000
19.0556678880492000
19.0556678880492000
19.0556678880492000
19.0556678880492000
19.0556678880492000
19.0556678880492000
19.0556678880492000
19.0556678880492000
19.0556678880492000
19.0556678880492000
19.0556678880492000
19.0556678880492000
19.0556678880492000
19.0556678880492000
19.0556678880492000
19.0556678880492000
19.0556678880492000
19.0556678880492000
19.0556678880492000
19.0556678880492000
19.0556678880492000
19.0556678880492000
19.0556678880492000
19.0556678880492000
19.0556678880492000
19.0556678880492000
19.0556678880492000
19.0556678880492000
19.0556678880492000
19.0556678880492000
19.0556678880492000
19.0556678880492000
19.0556678880492000
19.0556678880492000
19.0556678880492000
19.0556678880492000


19.0556678880492000
19.0556678880492000
19.0556678880492000
19.0556678880492000
19.0556678880492000
19.0556678880492000
19.0556678880492000
19.0556678880492000
19.0556678880492000
19.0556678880492000
19.0556678880492000
19.0556678880492000
19.0556678880492000
19.0556678880492000
19.0556678880492000
19.0556678880492000
19.0556678880492000
19.0556678880492000
19.0556678880492000
19.0556678880492000
19.0556678880492000
19.0556678880492000
19.0556678880492000
19.0556678880492000
19.0556678880492000
19.0556678880492000
19.0556678880492000
19.0556678880492000
19.0556678880492000
19.0556678880492000
19.0556678880492000
19.0556678880492000
19.0556678880492000
19.0556678880492000
19.0556678880492000
19.0556678880492000
19.0556678880492000
19.0556678880492000
19.0556678880492000
19.0556678880492000


19.0556678880492000
19.0556678880492000
19.0556678880492000
19.0556678880492000
19.0556678880492000
19.0556678880492000
19.0556678880492000
19.0556678880492000
19.0556678880492000
19.0556678880492000
19.0556678880492000
19.0556678880492000
19.0556678880492000
19.0556678880492000
19.0556678880492000
19.0556678880492000
19.0556678880492000
19.0556678880492000
19.0556678880492000
19.0556678880492000
19.0556678880492000
19.0556678880492000
19.0556678880492000
19.0556678880492000
19.0556678880492000
19.0556678880492000
19.0556678880492000
19.0556678880492000
19.0556678880492000
19.0556678880492000
19.0556678880492000
19.0556678880492000
19.0556678880492000
19.0556678880492000
19.0556678880492000
19.0556678880492000
19.0556678880492000
19.0556678880492000
19.0556678880492000
19.0556678880492000


19.0556678880492000
19.0556678880492000
19.0556678880492000
19.0556678880492000
19.0556678880492000
19.0556678880492000
19.0556678880492000
19.0556678880492000
19.0556678880492000
19.0556678880492000
19.0556678880492000
19.0556678880492000
19.0556678880492000
19.0556678880492000
19.0556678880492000
19.0556678880492000
19.0556678880492000
19.0556678880492000
19.0556678880492000
19.0556678880492000
19.0556678880492000
19.0556678880492000
19.0556678880492000
19.0556678880492000
19.0556678880492000
19.0556678880492000
19.0556678880492000
19.0556678880492000
19.0556678880492000
19.0556678880492000
19.0556678880492000
19.0556678880492000
19.0556678880492000
19.0556678880492000
19.0556678880492000
19.0556678880492000
19.0556678880492000
19.0556678880492000
19.0556678880492000
19.0556678880492000


19.0556678880492000
19.0556678880492000
19.0556678880492000
19.0556678880492000
19.0556678880492000
19.0556678880492000
19.0556678880492000
19.0556678880492000
19.0556678880492000
19.0556678880492000
19.0556678880492000
19.0556678880492000
19.0556678880492000
19.0556678880492000
19.0556678880492000
19.0556678880492000
19.0556678880492000
19.0556678880492000
19.0556678880492000
19.0556678880492000
19.0556678880492000
19.0556678880492000
19.0556678880492000
19.0556678880492000
19.0556678880492000
19.0556678880492000
19.0556678880492000
19.0556678880492000
19.0556678880492000
19.0556678880492000
19.0556678880492000
19.0556678880492000
19.0556678880492000
19.0556678880492000
19.0556678880492000
19.0556678880492000
19.0556678880492000
19.0556678880492000
19.0556678880492000
19.0556678880492000


19.0556678880492000
19.0556678880492000
19.0556678880492000
19.0556678880492000
19.0556678880492000
19.0556678880492000
19.0556678880492000
19.0556678880492000
19.0556678880492000
19.0556678880492000
19.0556678880492000
19.0556678880492000
19.0556678880492000
19.0556678880492000
19.0556678880492000
19.0556678880492000
19.0556678880492000
19.0556678880492000
19.0556678880492000
19.0556678880492000
19.0556678880492000
19.0556678880492000
19.0556678880492000
19.0556678880492000
19.0556678880492000
19.0556678880492000
19.0556678880492000
19.0556678880492000
19.0556678880492000
19.0556678880492000
19.0556678880492000
19.0556678880492000
19.0556678880492000
19.0556678880492000
19.0556678880492000
19.0556678880492000
19.0556678880492000
19.0556678880492000
19.0556678880492000
19.0556678880492000


19.0556678880492000
19.0556678880492000
19.0556678880492000
19.0556678880492000
19.0556678880492000
19.0556678880492000
19.0556678880492000
19.0556678880492000
19.0556678880492000
19.0556678880492000
19.0556678880492000
19.0556678880492000
19.0556678880492000
19.0556678880492000
19.0556678880492000
19.0556678880492000
19.0556678880492000
19.0556678880492000
19.0556678880492000
19.0556678880492000
19.0556678880492000
19.0556678880492000
19.0556678880492000
19.0556678880492000
19.0556678880492000
19.0556678880492000
19.0556678880492000
19.0556678880492000
19.0556678880492000
19.0556678880492000
19.0556678880492000
19.0556678880492000
19.0556678880492000
19.0556678880492000
19.0556678880492000
19.0556678880492000
19.0556678880492000
19.0556678880492000
19.0556678880492000
19.0556678880492000


19.0556678880492000
19.0556678880492000
19.0556678880492000
19.0556678880492000
19.0556678880492000
19.0556678880492000
19.0556678880492000
19.0556678880492000
19.0556678880492000
19.0556678880492000
19.0556678880492000
19.0556678880492000
19.0556678880492000
19.0556678880492000
19.0556678880492000
19.0556678880492000
19.0556678880492000
19.0556678880492000
19.0556678880492000
19.0556678880492000
19.0556678880492000
19.0556678880492000
19.0556678880492000
19.0556678880492000
19.0556678880492000
19.0556678880492000
19.0556678880492000
19.0556678880492000
19.0556678880492000
19.0556678880492000
19.0556678880492000
19.0556678880492000
19.0556678880492000
19.0556678880492000
19.0556678880492000
19.0556678880492000
19.0556678880492000
19.0556678880492000
19.0556678880492000
19.0556678880492000


19.0556678880492000
19.0556678880492000
19.0556678880492000
19.0556678880492000
19.0556678880492000
19.0556678880492000
19.0556678880492000
19.0556678880492000
19.0556678880492000
19.0556678880492000
19.0556678880492000
19.0556678880492000
19.0556678880492000
19.0556678880492000
19.0556678880492000
19.0556678880492000
19.0556678880492000
19.0556678880492000
19.0556678880492000
19.0556678880492000
19.0556678880492000
19.0556678880492000
19.0556678880492000
19.0556678880492000
19.0556678880492000
19.0556678880492000
19.0556678880492000
19.0556678880492000
19.0556678880492000
19.0556678880492000
19.0556678880492000
19.0556678880492000
19.0556678880492000
19.0556678880492000
19.0556678880492000
19.0556678880492000
19.0556678880492000
19.0556678880492000
19.0556678880492000
19.0556678880492000


19.0556678880492000
19.0556678880492000
19.0556678880492000
19.0556678880492000
19.0556678880492000
19.0556678880492000
19.0556678880492000
19.0556678880492000
19.0556678880492000
19.0556678880492000
19.0556678880492000
19.0556678880492000
19.0556678880492000
19.0556678880492000
19.0556678880492000
19.0556678880492000
19.0556678880492000
19.0556678880492000
19.0556678880492000
19.0556678880492000
19.0556678880492000
19.0556678880492000
19.0556678880492000
19.0556678880492000
19.0556678880492000
19.0556678880492000
19.0556678880492000
19.0556678880492000
19.0556678880492000
19.0556678880492000
19.0556678880492000
19.0556678880492000
19.0556678880492000
19.0556678880492000
19.0556678880492000
19.0556678880492000
19.0556678880492000
19.0556678880492000
19.0556678880492000
19.0556678880492000


19.0556678880492000
19.0556678880492000
19.0556678880492000
19.0556678880492000
19.0556678880492000
19.0556678880492000
19.0556678880492000
19.0556678880492000
19.0556678880492000
19.0556678880492000
19.0556678880492000
19.0556678880492000
19.0556678880492000
19.0556678880492000
19.0556678880492000
19.0556678880492000
19.0556678880492000
19.0556678880492000
19.0556678880492000
19.0556678880492000
19.0556678880492000
19.0556678880492000
19.0556678880492000
19.0556678880492000
19.0556678880492000
19.0556678880492000
19.0556678880492000
19.0556678880492000
19.0556678880492000
19.0556678880492000
19.0556678880492000
19.0556678880492000
19.0556678880492000
19.0556678880492000
19.0556678880492000
19.0556678880492000
19.0556678880492000
19.0556678880492000
19.0556678880492000
19.0556678880492000


19.0556678880492000
19.0556678880492000
19.0556678880492000
19.0556678880492000
19.0556678880492000
19.0556678880492000
19.0556678880492000
19.0556678880492000
19.0556678880492000
19.0556678880492000
19.0556678880492000
19.0556678880492000
19.0556678880492000
19.0556678880492000
19.0556678880492000
19.0556678880492000
19.0556678880492000
19.0556678880492000
19.0556678880492000
19.0556678880492000
19.0556678880492000
19.0556678880492000
19.0556678880492000
19.0556678880492000
19.0556678880492000
19.0556678880492000
19.0556678880492000
19.0556678880492000
19.0556678880492000
19.0556678880492000
19.0556678880492000
19.0556678880492000
19.0556678880492000
19.0556678880492000
19.0556678880492000
19.0556678880492000
19.0556678880492000
19.0556678880492000
19.0556678880492000
19.0556678880492000


19.0556678880492000
19.0556678880492000
19.0556678880492000
19.0556678880492000
19.0556678880492000
19.0556678880492000
19.0556678880492000
19.0556678880492000
19.0556678880492000
19.0556678880492000
19.0556678880492000
19.0556678880492000
19.0556678880492000
19.0556678880492000
19.0556678880492000
19.0556678880492000
19.0556678880492000
19.0556678880492000
19.0556678880492000
19.0556678880492000
19.0556678880492000
19.0556678880492000
19.0556678880492000
19.0556678880492000
19.0556678880492000
19.0556678880492000
19.0556678880492000
19.0556678880492000
19.0556678880492000
19.0556678880492000
19.0556678880492000
19.0556678880492000
19.0556678880492000
19.0556678880492000
19.0556678880492000
19.0556678880492000
19.0556678880492000
19.0556678880492000
19.0556678880492000
19.0556678880492000


19.0556678880492000
19.0556678880492000
19.0556678880492000
19.0556678880492000
19.0556678880492000
19.0556678880492000
19.0556678880492000
19.0556678880492000
19.0556678880492000
19.0556678880492000
19.0556678880492000
19.0556678880492000
19.0556678880492000
19.0556678880492000
19.0556678880492000
19.0556678880492000
19.0556678880492000
19.0556678880492000
19.0556678880492000
19.0556678880492000
19.0556678880492000
19.0556678880492000
19.0556678880492000
19.0556678880492000
19.0556678880492000
19.0556678880492000
19.0556678880492000
19.0556678880492000
19.0556678880492000
19.0556678880492000
19.0556678880492000
19.0556678880492000
19.0556678880492000
19.0556678880492000
19.0556678880492000
19.0556678880492000
19.0556678880492000
19.0556678880492000
19.0556678880492000
19.0556678880492000


19.0556678880492000
19.0556678880492000
19.0556678880492000
19.0556678880492000
19.0556678880492000
19.0556678880492000
19.0556678880492000
19.0556678880492000
19.0556678880492000
19.0556678880492000
19.0556678880492000
19.0556678880492000
19.0556678880492000
19.0556678880492000
19.0556678880492000
19.0556678880492000
19.0556678880492000
19.0556678880492000
19.0556678880492000
19.0556678880492000
19.0556678880492000
19.0556678880492000
19.0556678880492000
19.0556678880492000
19.0556678880492000
19.0556678880492000
19.0556678880492000
19.0556678880492000
19.0556678880492000
19.0556678880492000
19.0556678880492000
19.0556678880492000
19.0556678880492000
19.0556678880492000
19.0556678880492000
19.0556678880492000
19.0556678880492000
19.0556678880492000
19.0556678880492000
19.0556678880492000


19.0556678880492000
19.0556678880492000
19.0556678880492000
19.0556678880492000
19.0556678880492000
19.0556678880492000
19.0556678880492000
19.0556678880492000
19.0556678880492000
19.0556678880492000
19.0556678880492000
19.0556678880492000
19.0556678880492000
19.0556678880492000
19.0556678880492000
19.0556678880492000
19.0556678880492000
19.0556678880492000
19.0556678880492000
19.0556678880492000
19.0556678880492000
19.0556678880492000
19.0556678880492000
19.0556678880492000
19.0556678880492000
19.0556678880492000
19.0556678880492000
19.0556678880492000
19.0556678880492000
19.0556678880492000
19.0556678880492000
19.0556678880492000
19.0556678880492000
19.0556678880492000
19.0556678880492000
19.0556678880492000
19.0556678880492000
19.0556678880492000
19.0556678880492000
19.0556678880492000


19.0556678880492000
19.0556678880492000
19.0556678880492000
19.0556678880492000
19.0556678880492000
19.0556678880492000
19.0556678880492000
19.0556678880492000
19.0556678880492000
19.0556678880492000
19.0556678880492000
19.0556678880492000
19.0556678880492000
19.0556678880492000
19.0556678880492000
19.0556678880492000
19.0556678880492000
19.0556678880492000
19.0556678880492000
19.0556678880492000
19.0556678880492000
19.0556678880492000
19.0556678880492000
19.0556678880492000
19.0556678880492000
19.0556678880492000
19.0556678880492000
19.0556678880492000
19.0556678880492000
19.0556678880492000
19.0556678880492000
19.0556678880492000
19.0556678880492000
19.0556678880492000
19.0556678880492000
19.0556678880492000
19.0556678880492000
19.0556678880492000
19.0556678880492000
19.0556678880492000


19.0556678880492000
19.0556678880492000
19.0556678880492000
19.0556678880492000
19.0556678880492000
19.0556678880492000
19.0556678880492000
19.0556678880492000
19.0556678880492000
19.0556678880492000
19.0556678880492000
19.0556678880492000
19.0556678880492000
19.0556678880492000
19.0556678880492000
19.0556678880492000
19.0556678880492000
19.0556678880492000
19.0556678880492000
19.0556678880492000
19.0556678880492000
19.0556678880492000
19.0556678880492000
19.0556678880492000
19.0556678880492000
19.0556678880492000
19.0556678880492000
19.0556678880492000
19.0556678880492000
19.0556678880492000
19.0556678880492000
19.0556678880492000
19.0556678880492000
19.0556678880492000
19.0556678880492000
19.0556678880492000
19.0556678880492000
19.0556678880492000
19.0556678880492000
19.0556678880492000


19.0556678880492000
19.0556678880492000
19.0556678880492000
19.0556678880492000
19.0556678880492000
19.0556678880492000
19.0556678880492000
19.0556678880492000
19.0556678880492000
19.0556678880492000
19.0556678880492000
19.0556678880492000
19.0556678880492000
19.0556678880492000
19.0556678880492000
19.0556678880492000
19.0556678880492000
19.0556678880492000
19.0556678880492000
19.0556678880492000
19.0556678880492000
19.0556678880492000
19.0556678880492000
19.0556678880492000
19.0556678880492000
19.0556678880492000
19.0556678880492000
19.0556678880492000
19.0556678880492000
19.0556678880492000
19.0556678880492000
19.0556678880492000
19.0556678880492000
19.0556678880492000
19.0556678880492000
19.0556678880492000
19.0556678880492000
19.0556678880492000
19.0556678880492000
19.0556678880492000


19.0556678880492000
19.0556678880492000
19.0556678880492000
19.0556678880492000
19.0556678880492000
19.0556678880492000
19.0556678880492000
19.0556678880492000
19.0556678880492000
19.0556678880492000
19.0556678880492000
19.0556678880492000
19.0556678880492000
19.0556678880492000
19.0556678880492000
19.0556678880492000
19.0556678880492000
19.0556678880492000
19.0556678880492000
19.0556678880492000
19.0556678880492000
19.0556678880492000
19.0556678880492000
19.0556678880492000
19.0556678880492000
19.0556678880492000
19.0556678880492000
19.0556678880492000
19.0556678880492000
19.0556678880492000
19.0556678880492000
19.0556678880492000
19.0556678880492000
19.0556678880492000
19.0556678880492000
19.0556678880492000
19.0556678880492000
19.0556678880492000
19.0556678880492000
19.0556678880492000


19.0556678880492000
19.0556678880492000
19.0556678880492000
19.0556678880492000
19.0556678880492000
19.0556678880492000
19.0556678880492000
19.0556678880492000
19.0556678880492000
19.0556678880492000
19.0556678880492000
19.0556678880492000
19.0556678880492000
19.0556678880492000
19.0556678880492000
19.0556678880492000
19.0556678880492000
19.0556678880492000
19.0556678880492000
19.0556678880492000
19.0556678880492000
19.0556678880492000
19.0556678880492000
19.0556678880492000
19.0556678880492000
19.0556678880492000
19.0556678880492000
19.0556678880492000
19.0556678880492000
19.0556678880492000
19.0556678880492000
19.0556678880492000
19.0556678880492000
19.0556678880492000
19.0556678880492000
19.0556678880492000
19.0556678880492000
19.0556678880492000
19.0556678880492000
19.0556678880492000


19.0556678880492000
19.0556678880492000
19.0556678880492000
19.0556678880492000
19.0556678880492000
19.0556678880492000
19.0556678880492000
19.0556678880492000
19.0556678880492000
19.0556678880492000
19.0556678880492000
19.0556678880492000
19.0556678880492000
19.0556678880492000
19.0556678880492000
19.0556678880492000
19.0556678880492000
19.0556678880492000
19.0556678880492000
19.0556678880492000
19.0556678880492000
19.0556678880492000
19.0556678880492000
19.0556678880492000
19.0556678880492000
19.0556678880492000
19.0556678880492000
19.0556678880492000
19.0556678880492000
19.0556678880492000
19.0556678880492000
19.0556678880492000
19.0556678880492000
19.0556678880492000
19.0556678880492000
19.0556678880492000
19.0556678880492000
19.0556678880492000
19.0556678880492000
19.0556678880492000


19.0556678880492000
19.0556678880492000
19.0556678880492000
19.0556678880492000
19.0556678880492000
19.0556678880492000
19.0556678880492000
19.0556678880492000
19.0556678880492000
19.0556678880492000
19.0556678880492000
19.0556678880492000
19.0556678880492000
19.0556678880492000
19.0556678880492000
19.0556678880492000
19.0556678880492000
19.0556678880492000
19.0556678880492000
19.0556678880492000
19.0556678880492000
19.0556678880492000
19.0556678880492000
19.0556678880492000
19.0556678880492000
19.0556678880492000
19.0556678880492000
19.0556678880492000
19.0556678880492000
19.0556678880492000
19.0556678880492000
19.0556678880492000
19.0556678880492000
19.0556678880492000
19.0556678880492000
19.0556678880492000
19.0556678880492000
19.0556678880492000
19.0556678880492000
19.0556678880492000


19.0556678880492000
19.0556678880492000
19.0556678880492000
19.0556678880492000
19.0556678880492000
19.0556678880492000
19.0556678880492000
19.0556678880492000
19.0556678880492000
19.0556678880492000
19.0556678880492000
19.0556678880492000
19.0556678880492000
19.0556678880492000
19.0556678880492000
19.0556678880492000
19.0556678880492000
19.0556678880492000
19.0556678880492000
19.0556678880492000
19.0556678880492000
19.0556678880492000
19.0556678880492000
19.0556678880492000
19.0556678880492000
19.0556678880492000
19.0556678880492000
19.0556678880492000
19.0556678880492000
19.0556678880492000
19.0556678880492000
19.0556678880492000
19.0556678880492000
19.0556678880492000
19.0556678880492000
19.0556678880492000
19.0556678880492000
19.0556678880492000
19.0556678880492000
19.0556678880492000


19.0556678880492000
19.0556678880492000
19.0556678880492000
19.0556678880492000
19.0556678880492000
19.0556678880492000
19.0556678880492000
19.0556678880492000
19.0556678880492000
19.0556678880492000
19.0556678880492000
19.0556678880492000
19.0556678880492000
19.0556678880492000
19.0556678880492000
19.0556678880492000
19.0556678880492000
19.0556678880492000
19.0556678880492000
19.0556678880492000
19.0556678880492000
19.0556678880492000
19.0556678880492000
19.0556678880492000
19.0556678880492000
19.0556678880492000
19.0556678880492000
19.0556678880492000
19.0556678880492000
19.0556678880492000
19.0556678880492000
19.0556678880492000
19.0556678880492000
19.0556678880492000
19.0556678880492000
19.0556678880492000
19.0556678880492000
19.0556678880492000
19.0556678880492000
19.0556678880492000


19.0556678880492000
19.0556678880492000
19.0556678880492000
19.0556678880492000
19.0556678880492000
19.0556678880492000
19.0556678880492000
19.0556678880492000
19.0556678880492000
19.0556678880492000
19.0556678880492000
19.0556678880492000
19.0556678880492000
19.0556678880492000
19.0556678880492000
19.0556678880492000
19.0556678880492000
19.0556678880492000
19.0556678880492000
19.0556678880492000
19.0556678880492000
19.0556678880492000
19.0556678880492000
19.0556678880492000
19.0556678880492000
19.0556678880492000
19.0556678880492000
19.0556678880492000
19.0556678880492000
19.0556678880492000
19.0556678880492000
19.0556678880492000
19.0556678880492000
19.0556678880492000
19.0556678880492000
19.0556678880492000
19.0556678880492000
19.0556678880492000
19.0556678880492000
19.0556678880492000


19.0556678880492000
19.0556678880492000
19.0556678880492000
19.0556678880492000
19.0556678880492000
19.0556678880492000
19.0556678880492000
19.0556678880492000
19.0556678880492000
19.0556678880492000
19.0556678880492000
19.0556678880492000
19.0556678880492000
19.0556678880492000
19.0556678880492000
19.0556678880492000
19.0556678880492000
19.0556678880492000
19.0556678880492000
19.0556678880492000
19.0556678880492000
19.0556678880492000
19.0556678880492000
19.0556678880492000
19.0556678880492000
19.0556678880492000
19.0556678880492000
19.0556678880492000
19.0556678880492000
19.0556678880492000
19.0556678880492000
19.0556678880492000
19.0556678880492000
19.0556678880492000
19.0556678880492000
19.0556678880492000
19.0556678880492000
19.0556678880492000
19.0556678880492000
19.0556678880492000


19.0556678880492000
19.0556678880492000
19.0556678880492000
19.0556678880492000
19.0556678880492000
19.0556678880492000
19.0556678880492000
19.0556678880492000
19.0556678880492000
19.0556678880492000
19.0556678880492000
19.0556678880492000
19.0556678880492000
19.0556678880492000
19.0556678880492000
19.0556678880492000
19.0556678880492000
19.0556678880492000
19.0556678880492000
19.0556678880492000
19.0556678880492000
19.0556678880492000
19.0556678880492000
19.0556678880492000
19.0556678880492000
19.0556678880492000
19.0556678880492000
19.0556678880492000
19.0556678880492000
19.0556678880492000
19.0556678880492000
19.0556678880492000
19.0556678880492000
19.0556678880492000
19.0556678880492000
19.0556678880492000
19.0556678880492000
19.0556678880492000
19.0556678880492000
19.0556678880492000


19.0556678880492000
19.0556678880492000
19.0556678880492000
19.0556678880492000
19.0556678880492000
19.0556678880492000
19.0556678880492000
19.0556678880492000
19.0556678880492000
19.0556678880492000
19.0556678880492000
19.0556678880492000
19.0556678880492000
19.0556678880492000
19.0556678880492000
19.0556678880492000
19.0556678880492000
19.0556678880492000
19.0556678880492000
19.0556678880492000
19.0556678880492000
19.0556678880492000
19.0556678880492000
19.0556678880492000
19.0556678880492000
19.0556678880492000
19.0556678880492000
19.0556678880492000
19.0556678880492000
19.0556678880492000
19.0556678880492000
19.0556678880492000
19.0556678880492000
19.0556678880492000
19.0556678880492000
19.0556678880492000
19.0556678880492000
19.0556678880492000
19.0556678880492000
19.0556678880492000


19.0556678880492000
19.0556678880492000
19.0556678880492000
19.0556678880492000
19.0556678880492000
19.0556678880492000
19.0556678880492000
19.0556678880492000
19.0556678880492000
19.0556678880492000
19.0556678880492000
19.0556678880492000
19.0556678880492000
19.0556678880492000
19.0556678880492000
19.0556678880492000
19.0556678880492000
19.0556678880492000
19.0556678880492000
19.0556678880492000
19.0556678880492000
19.0556678880492000
19.0556678880492000
19.0556678880492000
19.0556678880492000
19.0556678880492000
19.0556678880492000
19.0556678880492000
19.0556678880492000
19.0556678880492000
19.0556678880492000
19.0556678880492000
19.0556678880492000
19.0556678880492000
19.0556678880492000
19.0556678880492000
19.0556678880492000
19.0556678880492000
19.0556678880492000
19.0556678880492000


19.0556678880492000
19.0556678880492000
19.0556678880492000
19.0556678880492000
19.0556678880492000
19.0556678880492000
19.0556678880492000
19.0556678880492000
19.0556678880492000
19.0556678880492000
19.0556678880492000
19.0556678880492000
19.0556678880492000
19.0556678880492000
19.0556678880492000
19.0556678880492000
19.0556678880492000
19.0556678880492000
19.0556678880492000
19.0556678880492000
19.0556678880492000
19.0556678880492000
19.0556678880492000
19.0556678880492000
19.0556678880492000
19.0556678880492000
19.0556678880492000
19.0556678880492000
19.0556678880492000
19.0556678880492000
19.0556678880492000
19.0556678880492000
19.0556678880492000
19.0556678880492000
19.0556678880492000
19.0556678880492000
19.0556678880492000
19.0556678880492000
19.0556678880492000
19.0556678880492000


19.0556678880492000
19.0556678880492000
19.0556678880492000
19.0556678880492000
19.0556678880492000
19.0556678880492000
19.0556678880492000
19.0556678880492000
19.0556678880492000
19.0556678880492000
19.0556678880492000
19.0556678880492000
19.0556678880492000
19.0556678880492000
19.0556678880492000
19.0556678880492000
19.0556678880492000
19.0556678880492000
19.0556678880492000
19.0556678880492000
19.0556678880492000
19.0556678880492000
19.0556678880492000
19.0556678880492000
19.0556678880492000
19.0556678880492000
19.0556678880492000
19.0556678880492000
19.0556678880492000
19.0556678880492000
19.0556678880492000
19.0556678880492000
19.0556678880492000
19.0556678880492000
19.0556678880492000
19.0556678880492000
19.0556678880492000
19.0556678880492000
19.0556678880492000
19.0556678880492000


19.0556678880492000
19.0556678880492000
19.0556678880492000
19.0556678880492000
19.0556678880492000
19.0556678880492000
19.0556678880492000
19.0556678880492000
19.0556678880492000
19.0556678880492000
19.0556678880492000
19.0556678880492000
19.0556678880492000
19.0556678880492000
19.0556678880492000
19.0556678880492000
19.0556678880492000
19.0556678880492000
19.0556678880492000
19.0556678880492000
19.0556678880492000
19.0556678880492000
19.0556678880492000
19.0556678880492000
19.0556678880492000
19.0556678880492000
19.0556678880492000
19.0556678880492000
19.0556678880492000
19.0556678880492000
19.0556678880492000
19.0556678880492000
19.0556678880492000
19.0556678880492000
19.0556678880492000
19.0556678880492000
19.0556678880492000
19.0556678880492000
19.0556678880492000
19.0556678880492000


19.0556678880492000
19.0556678880492000
19.0556678880492000
19.0556678880492000
19.0556678880492000
19.0556678880492000
19.0556678880492000
19.0556678880492000
19.0556678880492000
19.0556678880492000
19.0556678880492000
19.0556678880492000
19.0556678880492000
19.0556678880492000
19.0556678880492000
19.0556678880492000
19.0556678880492000
19.0556678880492000
19.0556678880492000
19.0556678880492000
19.0556678880492000
19.0556678880492000
19.0556678880492000
19.0556678880492000
19.0556678880492000
19.0556678880492000
19.0556678880492000
19.0556678880492000
19.0556678880492000
19.0556678880492000
19.0556678880492000
19.0556678880492000
19.0556678880492000
19.0556678880492000
19.0556678880492000
19.0556678880492000
19.0556678880492000
19.0556678880492000
19.0556678880492000
19.0556678880492000


19.0556678880492000
19.0556678880492000
19.0556678880492000
19.0556678880492000
19.0556678880492000
19.0556678880492000
19.0556678880492000
19.0556678880492000
19.0556678880492000
19.0556678880492000
19.0556678880492000
19.0556678880492000
19.0556678880492000
19.0556678880492000
19.0556678880492000
19.0556678880492000
19.0556678880492000
19.0556678880492000
19.0556678880492000
19.0556678880492000
19.0556678880492000
19.0556678880492000
19.0556678880492000
19.0556678880492000
19.0556678880492000
19.0556678880492000
19.0556678880492000
19.0556678880492000
19.0556678880492000
19.0556678880492000
19.0556678880492000
19.0556678880492000
19.0556678880492000
19.0556678880492000
19.0556678880492000
19.0556678880492000
19.0556678880492000
19.0556678880492000
19.0556678880492000
19.0556678880492000


19.0556678880492000
19.0556678880492000
19.0556678880492000
19.0556678880492000
19.0556678880492000
19.0556678880492000
19.0556678880492000
19.0556678880492000
19.0556678880492000
19.0556678880492000
19.0556678880492000
19.0556678880492000
19.0556678880492000
19.0556678880492000
19.0556678880492000
19.0556678880492000
19.0556678880492000
19.0556678880492000
19.0556678880492000
19.0556678880492000
19.0556678880492000
19.0556678880492000
19.0556678880492000
19.0556678880492000
19.0556678880492000
19.0556678880492000
19.0556678880492000
19.0556678880492000
19.0556678880492000
19.0556678880492000
19.0556678880492000
19.0556678880492000
19.0556678880492000
19.0556678880492000
19.0556678880492000
19.0556678880492000
19.0556678880492000
19.0556678880492000
19.0556678880492000
19.0556678880492000


19.0556678880492000
19.0556678880492000
19.0556678880492000
19.0556678880492000
19.0556678880492000
19.0556678880492000
19.0556678880492000
19.0556678880492000
19.0556678880492000
19.0556678880492000
19.0556678880492000
19.0556678880492000
19.0556678880492000
19.0556678880492000
19.0556678880492000
19.0556678880492000
19.0556678880492000
19.0556678880492000
19.0556678880492000
19.0556678880492000
19.0556678880492000
19.0556678880492000
19.0556678880492000
19.0556678880492000
19.0556678880492000
19.0556678880492000
19.0556678880492000
19.0556678880492000
19.0556678880492000
19.0556678880492000
19.0556678880492000
19.0556678880492000
19.0556678880492000
19.0556678880492000
19.0556678880492000
19.0556678880492000
19.0556678880492000
19.0556678880492000
19.0556678880492000
19.0556678880492000


19.0556678880492000
19.0556678880492000
19.0556678880492000
19.0556678880492000
19.0556678880492000
19.0556678880492000
19.0556678880492000
19.0556678880492000
19.0556678880492000
19.0556678880492000
19.0556678880492000
19.0556678880492000
19.0556678880492000
19.0556678880492000
19.0556678880492000
19.0556678880492000
19.0556678880492000
19.0556678880492000
19.0556678880492000
19.0556678880492000
19.0556678880492000
19.0556678880492000
19.0556678880492000
19.0556678880492000
19.0556678880492000
19.0556678880492000
19.0556678880492000
19.0556678880492000
19.0556678880492000
19.0556678880492000
19.0556678880492000
19.0556678880492000
19.0556678880492000
19.0556678880492000
19.0556678880492000
19.0556678880492000
19.0556678880492000
19.0556678880492000
19.0556678880492000
19.0556678880492000


19.0556678880492000
19.0556678880492000
19.0556678880492000
19.0556678880492000
19.0556678880492000
19.0556678880492000
19.0556678880492000
19.0556678880492000
19.0556678880492000
19.0556678880492000
19.0556678880492000
19.0556678880492000
19.0556678880492000
19.0556678880492000
19.0556678880492000
19.0556678880492000
19.0556678880492000
19.0556678880492000
19.0556678880492000
19.0556678880492000
19.0556678880492000
19.0556678880492000
19.0556678880492000
19.0556678880492000
19.0556678880492000
19.0556678880492000
19.0556678880492000
19.0556678880492000
19.0556678880492000
19.0556678880492000
19.0556678880492000
19.0556678880492000
19.0556678880492000
19.0556678880492000
19.0556678880492000
19.0556678880492000
19.0556678880492000
19.0556678880492000
19.0556678880492000
19.0556678880492000


19.0556678880492000
19.0556678880492000
19.0556678880492000
19.0556678880492000
19.0556678880492000
19.0556678880492000
19.0556678880492000
19.0556678880492000
19.0556678880492000
19.0556678880492000
19.0556678880492000
19.0556678880492000
19.0556678880492000
19.0556678880492000
19.0556678880492000
19.0556678880492000
19.0556678880492000
19.0556678880492000
19.0556678880492000
19.0556678880492000
19.0556678880492000
19.0556678880492000
19.0556678880492000
19.0556678880492000
19.0556678880492000
19.0556678880492000
19.0556678880492000
19.0556678880492000
19.0556678880492000
19.0556678880492000
19.0556678880492000
19.0556678880492000
19.0556678880492000
19.0556678880492000
19.0556678880492000
19.0556678880492000
19.0556678880492000
19.0556678880492000
19.0556678880492000
19.0556678880492000


19.0556678880492000
19.0556678880492000
19.0556678880492000
19.0556678880492000
19.0556678880492000
19.0556678880492000
19.0556678880492000
19.0556678880492000
19.0556678880492000
19.0556678880492000
19.0556678880492000
19.0556678880492000
19.0556678880492000
19.0556678880492000
19.0556678880492000
19.0556678880492000
19.0556678880492000
19.0556678880492000
19.0556678880492000
19.0556678880492000
19.0556678880492000
19.0556678880492000
19.0556678880492000
19.0556678880492000
19.0556678880492000
19.0556678880492000
19.0556678880492000
19.0556678880492000
19.0556678880492000
19.0556678880492000
19.0556678880492000
19.0556678880492000
19.0556678880492000
19.0556678880492000
19.0556678880492000
19.0556678880492000
19.0556678880492000
19.0556678880492000
19.0556678880492000
19.0556678880492000


19.0556678880492000
19.0556678880492000
19.0556678880492000
19.0556678880492000
19.0556678880492000
19.0556678880492000
19.0556678880492000
19.0556678880492000
19.0556678880492000
19.0556678880492000
19.0556678880492000
19.0556678880492000
19.0556678880492000
19.0556678880492000
19.0556678880492000
19.0556678880492000
19.0556678880492000
19.0556678880492000
19.0556678880492000
19.0556678880492000
19.0556678880492000
19.0556678880492000
19.0556678880492000
19.0556678880492000
19.0556678880492000
19.0556678880492000
19.0556678880492000
19.0556678880492000
19.0556678880492000
19.0556678880492000
19.0556678880492000
19.0556678880492000
19.0556678880492000
19.0556678880492000
19.0556678880492000
19.0556678880492000
19.0556678880492000
19.0556678880492000
19.0556678880492000
19.0556678880492000


19.0556678880492000
19.0556678880492000
19.0556678880492000
19.0556678880492000
19.0556678880492000
19.0556678880492000
19.0556678880492000
19.0556678880492000
19.0556678880492000
19.0556678880492000
19.0556678880492000
19.0556678880492000
19.0556678880492000
19.0556678880492000
19.0556678880492000
19.0556678880492000
19.0556678880492000
19.0556678880492000
19.0556678880492000
19.0556678880492000
19.0556678880492000
19.0556678880492000
19.0556678880492000
19.0556678880492000
19.0556678880492000
19.0556678880492000
19.0556678880492000
19.0556678880492000
19.0556678880492000
19.0556678880492000
19.0556678880492000
19.0556678880492000
19.0556678880492000
19.0556678880492000
19.0556678880492000
19.0556678880492000
19.0556678880492000
19.0556678880492000
19.0556678880492000
19.0556678880492000


19.0556678880492000
19.0556678880492000
19.0556678880492000
19.0556678880492000
19.0556678880492000
19.0556678880492000
19.0556678880492000
19.0556678880492000
19.0556678880492000
19.0556678880492000
19.0556678880492000
19.0556678880492000
19.0556678880492000
19.0556678880492000
19.0556678880492000
19.0556678880492000
19.0556678880492000
19.0556678880492000
19.0556678880492000
19.0556678880492000
19.0556678880492000
19.0556678880492000
19.0556678880492000
19.0556678880492000
19.0556678880492000
19.0556678880492000
19.0556678880492000
19.0556678880492000
19.0556678880492000
19.0556678880492000
19.0556678880492000
19.0556678880492000
19.0556678880492000
19.0556678880492000
19.0556678880492000
19.0556678880492000
19.0556678880492000
19.0556678880492000
19.0556678880492000
19.0556678880492000


19.0556678880492000
19.0556678880492000
19.0556678880492000
19.0556678880492000
19.0556678880492000
19.0556678880492000
19.0556678880492000
19.0556678880492000
19.0556678880492000
19.0556678880492000
19.0556678880492000
19.0556678880492000
19.0556678880492000
19.0556678880492000
19.0556678880492000
19.0556678880492000
19.0556678880492000
19.0556678880492000
19.0556678880492000
19.0556678880492000
19.0556678880492000
19.0556678880492000
19.0556678880492000
19.0556678880492000
19.0556678880492000
19.0556678880492000
19.0556678880492000
19.0556678880492000
19.0556678880492000
19.0556678880492000
19.0556678880492000
19.0556678880492000
19.0556678880492000
19.0556678880492000
19.0556678880492000
19.0556678880492000
19.0556678880492000
19.0556678880492000
19.0556678880492000
19.0556678880492000


19.0556678880492000
19.0556678880492000
19.0556678880492000
19.0556678880492000
19.0556678880492000
19.0556678880492000
19.0556678880492000
19.0556678880492000
19.0556678880492000
19.0556678880492000
19.0556678880492000
19.0556678880492000
19.0556678880492000
19.0556678880492000
19.0556678880492000
19.0556678880492000
19.0556678880492000
19.0556678880492000
19.0556678880492000
19.0556678880492000
19.0556678880492000
19.0556678880492000
19.0556678880492000
19.0556678880492000
19.0556678880492000
19.0556678880492000
19.0556678880492000
19.0556678880492000
19.0556678880492000
19.0556678880492000
19.0556678880492000
19.0556678880492000
19.0556678880492000
19.0556678880492000
19.0556678880492000
19.0556678880492000
19.0556678880492000
19.0556678880492000
19.0556678880492000
19.0556678880492000


19.0556678880492000
19.0556678880492000
19.0556678880492000
19.0556678880492000
19.0556678880492000
19.0556678880492000
19.0556678880492000
19.0556678880492000
19.0556678880492000
19.0556678880492000
19.0556678880492000
19.0556678880492000
19.0556678880492000
19.0556678880492000
19.0556678880492000
19.0556678880492000
19.0556678880492000
19.0556678880492000
19.0556678880492000
19.0556678880492000
19.0556678880492000
19.0556678880492000
19.0556678880492000
19.0556678880492000
19.0556678880492000
19.0556678880492000
19.0556678880492000
19.0556678880492000
19.0556678880492000
19.0556678880492000
19.0556678880492000
19.0556678880492000
19.0556678880492000
19.0556678880492000
19.0556678880492000
19.0556678880492000
19.0556678880492000
19.0556678880492000
19.0556678880492000
19.0556678880492000


19.0556678880492000
19.0556678880492000
19.0556678880492000
19.0556678880492000
19.0556678880492000
19.0556678880492000
19.0556678880492000
19.0556678880492000
19.0556678880492000
19.0556678880492000
19.0556678880492000
19.0556678880492000
19.0556678880492000
19.0556678880492000
19.0556678880492000
19.0556678880492000
19.0556678880492000
19.0556678880492000
19.0556678880492000
19.0556678880492000
19.0556678880492000
19.0556678880492000
19.0556678880492000
19.0556678880492000
19.0556678880492000
19.0556678880492000
19.0556678880492000
19.0556678880492000
19.0556678880492000
19.0556678880492000
19.0556678880492000
19.0556678880492000
19.0556678880492000
19.0556678880492000
19.0556678880492000
19.0556678880492000
19.0556678880492000
19.0556678880492000
19.0556678880492000
19.0556678880492000


19.0556678880492000
19.0556678880492000
19.0556678880492000
19.0556678880492000
19.0556678880492000
19.0556678880492000
19.0556678880492000
19.0556678880492000
19.0556678880492000
19.0556678880492000
19.0556678880492000
19.0556678880492000
19.0556678880492000
19.0556678880492000
19.0556678880492000
19.0556678880492000
19.0556678880492000
19.0556678880492000
19.0556678880492000
19.0556678880492000
19.0556678880492000
19.0556678880492000
19.0556678880492000
19.0556678880492000
19.0556678880492000
19.0556678880492000
19.0556678880492000
19.0556678880492000
19.0556678880492000
19.0556678880492000
19.0556678880492000
19.0556678880492000
19.0556678880492000
19.0556678880492000
19.0556678880492000
19.0556678880492000
19.0556678880492000
19.0556678880492000
19.0556678880492000
19.0556678880492000


19.0556678880492000
19.0556678880492000
19.0556678880492000
19.0556678880492000
19.0556678880492000
19.0556678880492000
19.0556678880492000
19.0556678880492000
19.0556678880492000
19.0556678880492000
19.0556678880492000
19.0556678880492000
19.0556678880492000
19.0556678880492000
19.0556678880492000
19.0556678880492000
19.0556678880492000
19.0556678880492000
19.0556678880492000
19.0556678880492000
19.0556678880492000
19.0556678880492000
19.0556678880492000
19.0556678880492000
19.0556678880492000
19.0556678880492000
19.0556678880492000
19.0556678880492000
19.0556678880492000
19.0556678880492000
19.0556678880492000
19.0556678880492000
19.0556678880492000
19.0556678880492000
19.0556678880492000
19.0556678880492000
19.0556678880492000
19.0556678880492000
19.0556678880492000
19.0556678880492000


19.0556678880492000
19.0556678880492000
19.0556678880492000
19.0556678880492000
19.0556678880492000
19.0556678880492000
19.0556678880492000
19.0556678880492000
19.0556678880492000
19.0556678880492000
19.0556678880492000
19.0556678880492000
19.0556678880492000
19.0556678880492000
19.0556678880492000
19.0556678880492000
19.0556678880492000
19.0556678880492000
19.0556678880492000
19.0556678880492000
19.0556678880492000
19.0556678880492000
19.0556678880492000
19.0556678880492000
19.0556678880492000
19.0556678880492000
19.0556678880492000
19.0556678880492000
19.0556678880492000
19.0556678880492000
19.0556678880492000
19.0556678880492000
19.0556678880492000
19.0556678880492000
19.0556678880492000
19.0556678880492000
19.0556678880492000
19.0556678880492000
19.0556678880492000
19.0556678880492000


19.0556678880492000
19.0556678880492000
19.0556678880492000
19.0556678880492000
19.0556678880492000
19.0556678880492000
19.0556678880492000
19.0556678880492000
19.0556678880492000
19.0556678880492000
19.0556678880492000
19.0556678880492000
19.0556678880492000
19.0556678880492000
19.0556678880492000
19.0556678880492000
19.0556678880492000
19.0556678880492000
19.0556678880492000
19.0556678880492000
19.0556678880492000
19.0556678880492000
19.0556678880492000
19.0556678880492000
19.0556678880492000
19.0556678880492000
19.0556678880492000
19.0556678880492000
19.0556678880492000
19.0556678880492000
19.0556678880492000
19.0556678880492000
19.0556678880492000
19.0556678880492000
19.0556678880492000
19.0556678880492000
19.0556678880492000
19.0556678880492000
19.0556678880492000
19.0556678880492000


19.0556678880492000
19.0556678880492000
19.0556678880492000
19.0556678880492000
19.0556678880492000
19.0556678880492000
19.0556678880492000
19.0556678880492000
19.0556678880492000
19.0556678880492000
19.0556678880492000
19.0556678880492000
19.0556678880492000
19.0556678880492000
19.0556678880492000
19.0556678880492000
19.0556678880492000
19.0556678880492000
19.0556678880492000
19.0556678880492000
19.0556678880492000
19.0556678880492000
19.0556678880492000
19.0556678880492000
19.0556678880492000
19.0556678880492000
19.0556678880492000
19.0556678880492000
19.0556678880492000
19.0556678880492000
19.0556678880492000
19.0556678880492000
19.0556678880492000
19.0556678880492000
19.0556678880492000
19.0556678880492000
19.0556678880492000
19.0556678880492000
19.0556678880492000
19.0556678880492000


19.0556678880492000
19.0556678880492000
19.0556678880492000
19.0556678880492000
19.0556678880492000
19.0556678880492000
19.0556678880492000
19.0556678880492000
19.0556678880492000
19.0556678880492000
19.0556678880492000
19.0556678880492000
19.0556678880492000
19.0556678880492000
19.0556678880492000
19.0556678880492000
19.0556678880492000
19.0556678880492000
19.0556678880492000
19.0556678880492000
19.0556678880492000
19.0556678880492000
19.0556678880492000
19.0556678880492000
19.0556678880492000
19.0556678880492000
19.0556678880492000
19.0556678880492000
19.0556678880492000
19.0556678880492000
19.0556678880492000
19.0556678880492000
19.0556678880492000
19.0556678880492000
19.0556678880492000
19.0556678880492000
19.0556678880492000
19.0556678880492000
19.0556678880492000
19.0556678880492000


19.0556678880492000
19.0556678880492000
19.0556678880492000
19.0556678880492000
19.0556678880492000
19.0556678880492000
19.0556678880492000
19.0556678880492000
19.0556678880492000
19.0556678880492000
19.0556678880492000
19.0556678880492000
19.0556678880492000
19.0556678880492000
19.0556678880492000
19.0556678880492000
19.0556678880492000
19.0556678880492000
19.0556678880492000
19.0556678880492000
19.0556678880492000
19.0556678880492000
19.0556678880492000
19.0556678880492000
19.0556678880492000
19.0556678880492000
19.0556678880492000
19.0556678880492000
19.0556678880492000
19.0556678880492000
19.0556678880492000
19.0556678880492000
19.0556678880492000
19.0556678880492000
19.0556678880492000
19.0556678880492000
19.0556678880492000
19.0556678880492000
19.0556678880492000
19.0556678880492000


19.0556678880492000
19.0556678880492000
19.0556678880492000
19.0556678880492000
19.0556678880492000
19.0556678880492000
19.0556678880492000
19.0556678880492000
19.0556678880492000
19.0556678880492000
19.0556678880492000
19.0556678880492000
19.0556678880492000
19.0556678880492000
19.0556678880492000
19.0556678880492000
19.0556678880492000
19.0556678880492000
19.0556678880492000
19.0556678880492000
19.0556678880492000
19.0556678880492000
19.0556678880492000
19.0556678880492000
19.0556678880492000
19.0556678880492000
19.0556678880492000
19.0556678880492000
19.0556678880492000
19.0556678880492000
19.0556678880492000
19.0556678880492000
19.0556678880492000
19.0556678880492000
19.0556678880492000
19.0556678880492000
19.0556678880492000
19.0556678880492000
19.0556678880492000
19.0556678880492000


19.0556678880492000
19.0556678880492000
19.0556678880492000
19.0556678880492000
19.0556678880492000
19.0556678880492000
19.0556678880492000
19.0556678880492000
19.0556678880492000
19.0556678880492000
19.0556678880492000
19.0556678880492000
19.0556678880492000
19.0556678880492000
19.0556678880492000
19.0556678880492000
19.0556678880492000
19.0556678880492000
19.0556678880492000
19.0556678880492000
19.0556678880492000
19.0556678880492000
19.0556678880492000
19.0556678880492000
19.0556678880492000
19.0556678880492000
19.0556678880492000
19.0556678880492000
19.0556678880492000
19.0556678880492000
19.0556678880492000
19.0556678880492000
19.0556678880492000
19.0556678880492000
19.0556678880492000
19.0556678880492000
19.0556678880492000
19.0556678880492000
19.0556678880492000
19.0556678880492000


