1.9061718555144029
1.9061718555144029
1.9061718555144029
1.9061718555144029
1.9061355562846529
1.9061350049416723
1.9061350049416723
1.9061718555144029
1.9061838509495215
1.9061814220601745
1.9061814220601745
1.9061871143039202
1.9061871143039202
1.9061871143039202
1.9061718555144029
1.9061355562846529
1.9061718555144029
1.9061718555144029
1.9061832996065409
1.9061871143039202
1.9061871143039202
1.9061871143039202
1.9061871143039202
1.9061871143039202
1.9061871143039202
1.9061871143039202
1.9061871143039202
1.9061871143039202
1.9061871143039202
1.9061871143039202
1.9061871143039202
1.9061871143039202
1.9061871143039202
1.9061871143039202
1.9061871143039202
1.9061871143039202
1.9061871143039202
1.9061871143039202
1.9061871143039202
1.9061871143039202
1.9061871143039202
1.9061871143039202
1.9061871143039202
1.9061871143039202
1.9061871143039202
1.9061871143039202
1.9061871143039202
1.9061871143039202
1.9061871143039202
1.9061871143039202
1.9061871143039202
1.9061871143039202
1.9061871143039202
1.9061871143039202
1.9061871143039202
1.9061871143039202
1.9061871143039202
1.9061871143039202
1.9061871143039202
1.9061871143039202
1.9061871143039202
1.9061871143039202
1.9061871143039202
1.9061871143039202
1.9061871143039202
1.9061871143039202
1.9061871143039202
1.9061871143039202
1.9061871143039202
1.9061871143039202
1.9061871143039202
1.9061871143039202
1.9061871143039202
1.9061871143039202
1.9061871143039202
1.9061871143039202
1.9061871143039202
1.9061871143039202
1.9061871143039202
1.9061871143039202
1.9061871143039202
1.9061871143039202
1.9061871143039202
1.9061871143039202
1.9061871143039202
1.9061871143039202
1.9061871143039202
1.9061871143039202
1.9061871143039202
1.9061871143039202
1.9061871143039202
1.9061871143039202
1.9061871143039202
1.9061871143039202
1.9061871143039202
1.9061871143039202
1.9061871143039202
1.9061871143039202
1.9061871143039202
1.9061871143039202
