1.9215811467641934
1.9322699288210252
1.9322699288210252
1.9322699288210252
1.9215805954212128
1.9215805954212128
1.9322699288210252
1.9332993457704588
1.9371985178350961
1.9371985178350961
1.9371985178350961
1.9371985178350961
1.9371985178350961
1.9372055958868741
1.9372055958868741
1.9372137766246134
1.9372137766246134
1.9372137766246134
1.9372137766246134
1.9372137021188052
1.9372137766246134
1.9372137766246134
1.9372137766246134
1.9372137766246134
1.9372208546763914
1.9372208546763914
1.9372208546763914
1.9372208546763914
1.9372208546763914
1.9372208546763914
1.9372208546763914
1.9372214060193720
1.9372214060193720
1.9372214060193720
1.9372214060193720
1.9372214060193720
1.9372214060193720
1.9372214060193720
1.9372214060193720
1.9372214060193720
1.9372214060193720
1.9372214060193720
1.9372214060193720
1.9372214060193720
1.9372214060193720
1.9372214060193720
1.9372214060193720
1.9372214060193720
1.9372214060193720
1.9372214060193720
1.9372214060193720
1.9372214060193720
1.9372214060193720
1.9372214060193720
1.9372214060193720
1.9372214060193720
1.9372214060193720
1.9372214060193720
1.9372214060193720
1.9372214060193720
1.9372214060193720
1.9372214060193720
1.9372214060193720
1.9372214060193720
1.9372214060193720
1.9372214060193720
1.9372214060193720
1.9372214060193720
1.9372214060193720
1.9372214060193720
1.9372214060193720
1.9372214060193720
1.9372214060193720
1.9372214060193720
1.9372214060193720
1.9372214060193720
1.9372214060193720
1.9372214060193720
1.9372214060193720
1.9372214060193720
1.9372214060193720
1.9372214060193720
1.9372214060193720
1.9372214060193720
1.9372214060193720
1.9372214060193720
1.9372214060193720
1.9372214060193720
1.9372214060193720
1.9372214060193720
1.9372214060193720
1.9372214060193720
1.9372214060193720
1.9372214060193720
1.9372214060193720
1.9372214060193720
1.9372214060193720
1.9372214060193720
1.9372214060193720
1.9372214060193720
