1.9839995200633860
1.9839995051622243
1.9839995200633860
1.9840517784372502
1.9840517486349269
1.9840517635360886
1.9840517486349269
1.9840517486349269
1.9840517486349269
1.9839995200633860
1.9840510184780067
1.9840510184780067
1.9840510184780067
1.9840510184780067
1.9840510184780067
1.9840510184780067
1.9840517784372502
1.9840517784372502
1.9840517784372502
1.9840517784372502
1.9840517337337653
1.9840517337337653
1.9840517784372502
1.9841280872859981
1.9841280872859981
1.9841280872859981
1.9841280872859981
1.9841280872859981
1.9841280872859981
1.9841280872859981
1.9841280872859981
1.9841280872859981
1.9841280872859981
1.9841280872859981
1.9841280872859981
1.9841280872859981
1.9841280872859981
1.9841280872859981
1.9841280872859981
1.9841280872859981
1.9841280872859981
1.9841280872859981
1.9841280872859981
1.9841280872859981
1.9841280872859981
1.9841280872859981
1.9841280872859981
1.9841280872859981
1.9841280872859981
1.9841280872859981
1.9841280872859981
1.9841280872859981
1.9841280872859981
1.9841280872859981
1.9841280872859981
1.9841280872859981
1.9841280872859981
1.9841280872859981
1.9841280872859981
1.9841280872859981
1.9841280872859981
1.9841280872859981
1.9841280872859981
1.9841280872859981
1.9841280872859981
1.9841280872859981
1.9841280872859981
1.9841280872859981
1.9841280872859981
1.9841280872859981
1.9841280872859981
1.9841280872859981
1.9841280872859981
1.9841280872859981
1.9841280872859981
1.9841280872859981
1.9841280872859981
1.9841280872859981
1.9841280872859981
1.9841280872859981
1.9841280872859981
1.9841280872859981
1.9841280872859981
1.9841280872859981
1.9841280872859981
1.9841280872859981
1.9841280872859981
1.9841280872859981
1.9841280872859981
1.9841280872859981
1.9841280872859981
1.9841280872859981
1.9841280872859981
1.9841280872859981
1.9841280872859981
1.9841280872859981
1.9841280872859981
1.9841280872859981
1.9841280872859981
1.9841280872859981
