1.9040037215949215
1.9040039600135077
1.9040039600135077
1.9040039600135077
1.9040039600135077
1.9040039600135077
1.9040039600135077
1.9040039600135077
1.9040039600135077
1.9040039600135077
1.9040039600135077
1.9040039600135077
1.9040039600135077
1.9040039600135077
1.9040039600135077
1.9040039600135077
1.9040039600135077
1.9040039600135077
1.9040039600135077
1.9040039600135077
1.9040039600135077
1.9040039600135077
1.9040039600135077
1.9040039600135077
1.9040039600135077
1.9040039600135077
1.9040039600135077
1.9040039600135077
1.9040039600135077
1.9040039600135077
1.9040039600135077
1.9040039600135077
1.9040039600135077
1.9040039600135077
1.9040039600135077
1.9040039600135077
1.9040039600135077
1.9040039600135077
1.9040039600135077
1.9040039600135077
1.9040039600135077
1.9040039600135077
1.9040039600135077
1.9040039600135077
1.9040039600135077
1.9040039600135077
1.9040039600135077
1.9040039600135077
1.9040039600135077
1.9040039600135077
1.9040039600135077
1.9040039600135077
1.9040039600135077
1.9040039600135077
1.9040039600135077
1.9040039600135077
1.9040039600135077
1.9040039600135077
1.9040039600135077
1.9040039600135077
1.9040039600135077
1.9040039600135077
1.9040039600135077
1.9040039600135077
1.9040039600135077
1.9040039600135077
1.9040039600135077
1.9040039600135077
1.9040039600135077
1.9040039600135077
1.9040039600135077
1.9040039600135077
1.9040039600135077
1.9040039600135077
1.9040039600135077
1.9040039600135077
1.9040039600135077
1.9040039600135077
1.9040039600135077
1.9040039600135077
1.9040039600135077
1.9040039600135077
1.9040039600135077
1.9040039600135077
1.9040039600135077
1.9040039600135077
1.9040039600135077
1.9040039600135077
1.9040039600135077
1.9040039600135077
1.9040039600135077
1.9040039600135077
1.9040039600135077
1.9040039600135077
1.9040039600135077
1.9040039600135077
1.9040039600135077
1.9040039600135077
1.9040039600135077
1.9040039600135077
