1.6567489253505745
1.6567489253505745
1.9471961840151604
1.6567565398441715
1.6591010141104763
1.6590747880659935
1.6567554669605336
1.6591010141104763
1.6591010141104763
1.6567816781038547
1.6567816781038547
1.6591010290116379
1.6591010290116379
1.6567565249430098
1.6567565249430098
1.6591010290116379
1.6591010290116379
1.6591010290116379
1.6591010290116379
1.6587348031620623
1.6587348031620623
1.6587348031620623
1.6587348031620623
1.6587348031620623
1.6587348031620623
1.6587348031620623
1.6591010290116379
1.6591010290116379
1.6591010290116379
1.6591010290116379
1.6591010290116379
1.6591010290116379
1.6591010290116379
1.6591010290116379
1.6591010290116379
1.6591010290116379
1.6591010290116379
1.6591010290116379
1.6591010141104763
1.6591010141104763
1.6591010141104763
1.6591010141104763
1.6591010141104763
1.6591010141104763
1.6591010141104763
1.6591010141104763
1.6591010141104763
1.6591010141104763
1.6591010141104763
1.6591010141104763
1.6591010141104763
1.6591010141104763
1.6591010141104763
1.6591010141104763
1.6591010141104763
1.6591010141104763
1.6591010141104763
1.6591010141104763
1.6591010141104763
1.6591010141104763
1.6591010141104763
1.6591010141104763
1.6591010141104763
1.6591010141104763
1.6591010141104763
1.6591010141104763
1.6591010141104763
1.6591010141104763
1.6591010141104763
1.6591010141104763
1.6591010141104763
1.6591010141104763
1.6591010141104763
1.6591010141104763
1.6591010141104763
1.6591010141104763
1.6591010141104763
1.6591010141104763
1.6591010141104763
1.6591010141104763
1.6591010141104763
1.6591010141104763
1.6591010141104763
1.6591010141104763
1.6591010141104763
1.6591010141104763
1.6591010141104763
1.6591010141104763
1.6591010141104763
1.6591010141104763
1.6591010141104763
1.6591010141104763
1.6591010141104763
1.6591010141104763
1.6591010141104763
1.6591010141104763
1.6591010141104763
1.6591010141104763
1.6591010141104763
1.6591010141104763
